28,38,39
126,127
80,88,81
80,97,130
168,30,31
70,71
97,130,80
297,298
104,156
155,80
105,106
149,150
89,80
238,156
29,30,31
296,297,298
57,336
121,27,28
80,88,216
293,294
121,27
32,33,34
150,228
105,106,108
81,89,80
103,105,106
304,306
103,105
89,101,78
33,34
238,156,89
80,130
151,152
28,38
108,109,304
109,304
89,101,104
130,90
156,89
130,80,97
227,150,228
130,80,88
57,303
102,34
89,202
32,34
109,304,306
305,113
104,156,103
89,101,103
304,306,306
113,305
75,104
63,151,152
104,156,89
87,216
81,89,90
87,81
89,101,110
159,158
305,146
110,111
103,104
128,34,129
34,35
81,155
109,132
113,28,145
80,130,90
329,81
327,81
44,89
108,109,132
144,28
144,28,145
305,28,145
132,304
109,110
108,109,110
108,157,109
111,103
108,157
106,107
80,81
89,104
107,108
80,81,89
81,80,88
306,110
81,80
152,151
132,304,306
130,155
158,160
158,175,159
130,155,80
104,89
106,107,108
158,159
111,112
105,106,107
158,160,131
111,113
28,38,145
110,158
110,304
159,158,160
110,111,112
155,80,130
304,306,110
90,186,92
175,159,158
306,304
304,110
159,158,175
23,28
90,80
86,80
162,147
79,63
173,182
173,182,182
173,174
173,174,174
173,183
80,88,81,89
140,141,142,143,113
130,90,91,92
130,90,91,92,81
89,101,78,135
75,89,89,101,104
105,106,108,109
89,80,97,130
66,67,68,70,71
31,32,33,34
138,139,64,113
103,105,106,108
66,67,68,70
106,108,109,304
89,80,97,130,80
89,90,91,92,81
89,101,104,156
81,89,80,97,130
30,31,32,33,34
305,140,141,142,143
103,105,106,108,109
113,140,141,142,143
98,99,100,75,104
88,81,89,80
108,109,304,306
81,89,90,91,92
155,80,88,81,89
145,146,147,148
113,146,147,148
106,108,109,304,306
155,80,97,130
28,145,146,147,148
81,89,126,127
105,106,108,109,304
155,80,97,130,80
130,80,88,81,89
151,152,73,75
108,109,304,306,306
168,30,31,32
305,146,147,148
66,67,68,80,81
109,304,306,306
97,130,80,130
81,155,80,88
106,108,109,132
81,89,80,130
146,147,148,149,150
63,151,152,151,152
89,101,102,34
81,89,80,130,80
97,130,80,130,80
103,106,108,109
80,88,81,89,90
146,147,148,305
89,101,103,105,106
89,101,102,34,103
106,108,109,110
97,130,80,88
105,106,108,109,132
88,81,89,80,130
80,88,97,81
146,147,148,28,145
106,108,157,109
105,106,108,109,110
133,239,89,89,101
80,97,130,155
97,130,155,80
80,88,97,81,89
304,306,306,110
89,101,102,34,110
80,97,130,90
28,145,149,150
133,328,89,89,101
155,80,130,80
105,106,107,108
108,157,109,132
105,106,108,157,109
81,89,80,88
88,97,81,89,80
80,88,81,89,155
88,81,89,155,80
159,158,160,131
175,159,158,160
130,90,91,92,81,93,94
90,91,92,81,89,93,169
29,30,31,32,33,34
81,89,80,97,130,80
155,80,97,130,80,97,130
96,98,99,100,75,104
155,80,88,81,89,80
105,106,108,109,304,000
80,130,90,91,92,81
106,108,109,304,306,000
88,81,89,80,97,130
88,81,89,80,97,130,80
66,67,68,80,81,89
130,80,88,81,89,80
63,151,152,151,152,100,000
105,106,108,109,304,000,000
28,145,146,147,148,100,000
97,130,80,130,80,88
130,80,88,81,89,90
88,81,89,80,130,80
80,97,130,90,91,92,81
80,88,81,89,126,127
88,81,89,80,130,80,130
105,106,107,108,157,000
97,130,80,88,81,89
88,81,89,155,80,97,130
97,130,80,88,81,89,80
81,89,80,97,130,80,97,130
155,80,88,81,89,80,97,130
155,80,88,81,89,80,97,130,80
80,88,81,89,90,91,92,81
1,2,3,4,5,198,7,8
80,130,90,91,92,81,93,94
81,89,80,97,130,80,97,130,80
63,151,152,151,152,100,000,000,000
88,81,89,80,97,130,80,97,130
130,80,88,81,89,90,91,92,81
88,81,89,155,80,97,130,80
97,130,80,130,80,88,81,89
89,101,78,135,136,137,105,138,139,64
90,91,92,81,93,94,96,98,99,100
80,88,81,89,90,91,92,81,93,94
88,81,89,155,80,97,130,80,97,130
88,81,89,80,97,130,80,97,130,80
130,90,91,92,81,93,94,96,98,99,100
90,91,92,81,93,94,96,98,99,100,75
90,91,92,81,89,93,169,96,98,99,100
130,80,88,81,89,90,91,92,81,93,94
89,101,78,135,136,137,105,138,139,64,113
10,11,12,13,14,15,16,9,115,19,116
135,136,137,105,138,139,64,140,141,142,143
89,101,78,135,136,137,105,138,139,64,305
54,124,56,57,58,56,57,326,59,60,75,66
101,78,135,136,137,105,138,139,64,140,141,142
115,19,116,117,118,119,23,114,23,24,120,29
5,198,7,8,9,10,199,12,13,14,15,118
130,80,88,81,89,90,91,92,81,93,94,96
2,3,4,5,198,7,8,9,10,199,12,13
33,34,122,123,49,50,325,53,54,124,56,57
3,4,5,198,7,8,114,9,10,11,12,13
58,56,57,326,59,60,75,66,67,68,70,71
49,50,325,53,54,124,56,57,58,56,57,326
2,3,4,5,198,7,8,114,9,10,11,12
91,92,81,93,94,95,96,96,97,98,99,100
328,89,89,101,78,135,136,137,105,138,139,64
1,2,3,4,5,198,7,8,9,10,199,12
3,4,5,198,7,8,9,10,199,12,13,229
13,14,15,16,9,115,19,116,117,118,119,23
135,136,137,105,138,139,64,140,141,142,143,113
122,123,49,50,325,53,54,124,56,57,58,56
89,101,79,135,136,137,105,138,139,64,140,141
92,81,93,94,96,98,99,100,75,89,89,101
10,199,12,13,14,15,118,119,23,23,24,120
11,12,13,14,15,16,9,115,19,116,117,118
9,115,19,116,117,118,119,23,114,23,24,120
124,56,57,58,56,57,326,59,60,75,66,67
81,93,94,96,98,99,100,75,89,89,101,104
89,101,78,135,136,137,105,138,139,64,140,141
23,24,120,168,30,31,29,32,33,116,117,34
115,19,116,117,118,119,23,114,23,24,120,168
92,81,93,94,95,96,96,97,98,99,100,75
130,90,91,92,81,93,94,96,98,99,100,75
101,79,135,136,137,105,138,139,64,140,141,142
78,135,136,137,105,138,139,64,140,141,142,143
4,5,198,7,8,9,10,11,12,13,154,15
133,328,89,89,101,78,135,136,137,105,138,139
89,90,91,92,81,93,94,96,98,99,100,75
4,5,198,7,8,114,9,10,11,12,13,14
4,5,198,7,8,9,10,199,12,13,229,15
3,4,5,198,7,8,9,10,199,12,13,14
198,7,8,9,10,199,12,13,14,15,118,119
1,264,3,4,5,198,7,8,9,10,199,12
3,4,5,198,7,8,9,10,11,12,13,154
198,7,8,114,9,10,11,12,13,14,15,16
9,10,199,12,13,14,15,118,119,23,23,24
325,53,54,124,56,57,58,56,57,326,59,60
79,135,136,137,105,138,139,64,140,141,142,143
53,54,124,56,57,58,56,57,326,59,60,75
80,88,81,89,90,91,92,81,93,94,96,98
92,81,89,93,169,96,98,99,100,75,89,89
90,91,92,81,93,94,96,98,99,100,75,89
7,8,114,9,10,11,12,13,14,15,16,9
16,9,115,19,116,117,118,119,23,114,23,24
5,198,7,8,9,10,11,12,13,154,15,16
123,49,50,325,53,54,124,56,57,58,56,57
114,23,24,120,168,29,30,31,32,33,34,122
24,120,168,30,31,29,32,33,116,117,34,122
19,116,117,118,119,23,114,23,24,120,168,30
116,117,118,119,23,114,23,24,120,168,29,30
8,9,10,199,12,13,14,15,118,119,23,23
8,114,9,10,11,12,13,14,15,16,9,115
114,9,10,11,12,13,14,15,16,9,115,19
15,16,9,115,19,116,117,118,119,23,114,23
4,5,198,7,8,9,10,199,12,13,14,15
88,81,89,90,91,92,81,93,94,96,98,99
117,118,119,23,114,23,24,120,168,29,30,31
90,91,92,81,89,93,169,96,98,99,100,75
135,136,137,105,138,139,64,140,141,142,143,144
50,325,53,54,124,56,57,58,56,57,326,59
95,96,96,97,98,99,100,75,89,89,101,102
34,122,123,49,50,325,53,54,124,56,57,58
32,33,34,122,123,49,50,325,53,54,124,56
91,92,81,93,94,96,98,99,100,75,89,89
1,2,3,4,5,198,7,8,9,10,11,12
80,130,90,91,92,81,93,94,96,98,99,100
5,198,7,8,114,9,10,11,12,13,14,15
14,15,16,9,115,19,116,117,118,119,23,114
10,11,12,13,14,15,16,9,115,19,116,117
2,3,4,5,198,7,8,9,10,11,12,13
90,91,92,81,93,94,95,96,96,97,98,99
91,92,81,89,93,169,96,98,99,100,75,89
81,89,93,169,96,98,99,100,75,89,89,101
1,2,3,4,5,198,7,8,114,9,10,11
198,7,8,9,10,11,12,13,154,15,16,9
7,8,9,10,199,12,13,14,15,118,119,23
264,3,4,5,198,7,8,9,10,199,12,13
12,13,14,15,16,9,115,19,116,117,118,119