8,9
5,0
3,4
0,12
0,11
0,13
0,2
0,1
0,7
0,6
0,5
0,4
0,8
8,0
7,0
12,0
6,0
2,3
2,4
4,2
4,3
1,2
1,4
6,7
11,0
2,3,3
2,3,4
6,7,0
6,0,1
0,4,3
0,4,2
0,2,3
0,2,4
4,2,3
4,2,2
2,3,13
1,4,2
1,2,2
1,2,3
0,6,7
11,0,2
11,0,1
11,0,4
0,1,13
0,8,9
0,1,2
0,1,4
0,1,5
7,0,1
8,9,0
12,0,4
8,0,1
11,0,3,4
1,2,3,4
11,0,1,2
0,1,3,4
11,0,4,2
11,0,4,3
0,1,2,2
0,1,2,4
0,1,2,3
2,3,3,4
8,9,0,1
0,4,2,3
1,2,2,2
1,2,2,3
4,2,3,13
6,0,1,2
6,0,1,4
4,2,2,3
4,2,2,2
1,4,2,2
6,7,0,1
7,0,1,4
1,4,2,3
12,0,4,2
0,2,3,4
0,1,4,3
0,1,4,2
0,1,5,5
0,1,4,2,2
0,1,4,2,3
0,2,2,3,4
1,2,2,2,3
7,0,1,4,2
0,1,2,3,4
11,0,1,4,2
6,0,1,4,2
11,0,4,2,3
6,0,1,2,2
6,0,1,2,3
11,0,2,3,4
1,4,2,2,2
1,4,2,2,3
4,2,2,2,2
4,2,2,2,3
1,2,2,3,4
0,1,2,2,3
0,1,2,2,2
4,2,2,2,2,3
2,3,3,3,3,4
11,0,1,4,2,3
6,0,1,2,2,3
11,0,1,2,3,4
1,2,2,2,3,4
0,1,4,2,3,13
0,1,2,2,3,4
0,1,2,2,2,2
6,0,1,2,3,4
0,1,2,2,2,3
0,1,4,2,2,2
6,0,1,4,2,2
0,1,4,2,3,3
6,0,1,4,2,3
0,1,4,2,2,3
7,0,1,4,2,3
7,0,1,4,2,2
1,4,2,2,2,3
1,4,2,2,2,2
0,1,4,2,2,2,3
0,1,4,2,2,2,2
6,0,1,4,2,2,3
0,1,2,2,2,2,2
0,1,2,2,2,2,3
0,1,2,2,2,3,4
6,0,1,2,2,3,4
0,1,2,2,2,2,3,4
0,1,4,2,2,2,2,3
0,1,4,2,2,2,2,2
0,1,2,2,2,2,2,3,4
0,1,4,2,2,2,2,2,2
0,1,4,2,2,2,2,2,3
0,1,2,2,2,2,2,2,2
0,1,2,2,2,2,2,2,2,2
0,1,4,2,2,2,2,2,2,2,2
0,1,2,2,2,2,2,2,2,2,2,2
2,3,4,5,5,5,5,5,5,5,5,5
0,1,4,2,2,2,2,2,2,2,2,2
1,2,2,2,2,2,2,2,2,2,2,2