28,38,39	3	318648810	693790700	2815898
126,127	2	243392660	319921240	553069
80,88,81	3	524894950	877414300	1407554
80,97,130	3	404843640	739239650	741857
168,30,31	3	206168810	470658500	1912612
70,71	2	241473470	334803750	645598
97,130,80	3	358586240	531671870	1119113
297,298	2	249389250	276714860	434779
104,156	2	257312060	416379870	572898
155,80	2	199391890	380203490	792020
105,106	2	221937100	495600940	928826
149,150	2	204130110	314135550	694633
89,80	2	427079530	752238120	598721
238,156	2	259125800	384836260	412083
29,30,31	3	194449800	488936500	2129467
296,297,298	3	252327790	291716880	547279
57,336	2	566920290	625086510	413906
121,27,28	3	238675530	394418150	1307098
80,88,216	3	590773080	827894980	1446621
293,294	2	296047360	356132770	387119
121,27	2	265719940	360301560	499602
32,33,34	3	345278450	648053520	1831280
150,228	2	381250960	494694070	504716
105,106,108	3	216067050	634661370	1235595
81,89,80	3	342642200	731837060	981862
103,105,106	3	245480570	478960930	1326149
304,306	2	205507990	462707570	847907
103,105	2	285966340	453856800	388598
89,101,78	3	690662350	858060710	2011260
33,34	2	445983200	577437170	374632
238,156,89	3	242542030	513843790	943747
80,130	2	258760240	740898730	1195186
151,152	2	151552740	391008600	889556
28,38	2	232404770	643933940	703979
108,109,304	3	219849190	636355600	1227421
109,304	2	277438950	547876020	418524
89,101,104	3	678781650	886180710	1908706
130,90	2	237171110	579328240	463534
156,89	2	313812170	511615280	341357
130,80,97	3	369046880	810017690	814457
227,150,228	3	272138330	404569470	516822
130,80,88	3	261417580	758529970	1079298
57,303	2	562428120	630527730	264940
102,34	2	190077140	404569470	508996
89,202	2	540304710	713692630	280495
32,34	2	360765540	585212350	374774
109,304,306	3	241614070	590730900	1274864
305,113	2	320771870	543081560	315718
104,156,103	3	228594510	516023090	753693
89,101,103	3	627033820	889653530	1728721
304,306,306	3	192629030	535721150	575307
113,305	2	286985690	524128680	307580
75,104	2	289221230	540846020	305088
63,151,152	3	149134420	462609150	781122
104,156,89	3	217023130	532733400	733858
87,216	2	346410280	477836130	296111
81,89,90	3	293488440	687590240	858506
87,81	2	355415710	489590290	244850
89,101,110	3	422896680	928487250	1600964
159,158	2	174456480	575110240	473993
305,146	2	333728160	570582920	276842
110,111	2	320961680	565647860	501794
103,104	2	255125730	523974020	323801
128,34,129	3	228165680	369855330	252604
34,35	2	493302130	620348290	246881
81,155	2	229719310	548178310	292826
109,132	2	139454110	530364290	415985
113,28,145	3	220165540	497063180	1641082
80,130,90	3	195216070	807219750	1173343
329,81	2	224735040	348364620	261103
327,81	2	219715620	351542180	262170
44,89	2	316251580	401771530	203925
108,109,132	3	151714430	638506780	1929396
144,28	2	225480220	463241850	276573
144,28,145	3	197950740	487045430	983794
305,28,145	3	196685340	552691570	1589323
132,304	2	275829080	538048080	363864
109,110	2	265319230	590534060	289618
108,109,110	3	181556780	651167810	887122
108,157,109	3	152375250	613993170	498211
111,103	2	250893670	462918470	237771
108,157	2	207616990	557907830	356766
106,107	2	204362100	561886810	320791
80,81	2	324033790	734346770	307689
89,104	2	498989400	774488070	219042
107,108	2	271456420	484085800	244524
80,81,89	3	319872030	775746440	564966
81,80,88	3	365440490	655477200	783582
306,110	2	210175910	552220560	318926
81,80	2	245600080	621915980	274963
152,151	2	163693550	584495290	381168
132,304,306	3	225726270	592256410	616777
130,155	2	297305730	641121940	252941
158,160	2	150948160	588396940	378337
158,175,159	3	133077900	598766190	410190
130,155,80	3	196713460	683203520	678914
104,89	2	235828380	540389070	240521
106,107,108	3	186013800	606583550	540997
158,159	2	107059870	574322880	412539
111,112	2	214204100	463396510	268918
105,106,107	3	107383250	650113310	715709
158,160,131	3	166814870	693256420	549931
111,113	2	246492890	504261900	248092
28,38,145	3	215075820	745721310	808785
110,158	2	292820590	626253490	245526
110,304	2	327141050	613051150	231024
159,158,160	3	129134070	634844150	748384
110,111,112	3	324750850	654535180	482162
155,80,130	3	172614620	674837820	902706
304,306,110	3	164677750	624580350	691419
90,186,92	3	218112780	585198290	308642
175,159,158	3	136100800	638506780	466057
306,304	2	329749180	645993730	208483
304,110	2	303906900	584193000	217662
159,158,175	3	162632020	734009330	433916
23,28	2	437104310	792555170	324694
90,80	2	368526660	696518340	197351
86,80	2	267526650	537183390	220445
162,147	2	270155870	440197510	205564
79,63	2	397567590	616713780	249346
173,182	2	216685690	533598090	311480
173,182,182	3	219807010	572389630	657941
173,174	2	276257910	555215340	227949
173,174,174	3	261122320	551468350	307384
173,183	2	311421970	577219240	228583
80,88,81,89	4	673727080	1390590240	736437
140,141,142,143,113	5	331935510	644791600	966479
130,90,91,92	4	296764420	679365140	1099359
130,90,91,92,81	5	334944350	801546540	1451489
89,101,78,135	4	695653650	981866040	1985140
75,89,89,101,104	5	688511170	622351840	2219045
105,106,108,109	4	240053410	724090000	1242693
89,80,97,130	4	504381410	1043877670	877493
66,67,68,70,71	5	235132410	532417050	1940670
31,32,33,34	4	372667330	763380670	1992822
138,139,64,113	4	327457400	626633110	917970
103,105,106,108	4	246352290	532417050	1387916
66,67,68,70	4	246253870	520585560	1061695
106,108,109,304	4	210007190	687681630	1201805
89,80,97,130,80	5	436780930	1007441180	1569354
89,90,91,92,81	5	444612350	825828160	900842
89,101,104,156	4	687238740	932536530	1605159
81,89,80,97,130	5	311140770	790003280	873044
30,31,32,33,34	5	328786070	809202210	3762617
305,140,141,142,143	5	393187900	567356150	612288
103,105,106,108,109	5	220988050	540831960	1316584
113,140,141,142,143	5	280272040	521626000	818754
98,99,100,75,104	5	361770830	673333400	733591
88,81,89,80	4	395627310	968509040	561254
108,109,304,306	4	190688750	649382190	1075044
81,89,90,91,92	5	319977480	690774830	783658
155,80,88,81,89	5	232088420	663568730	1037765
145,146,147,148	4	277874810	625290380	801297
113,146,147,148	4	260883300	498307490	839198
106,108,109,304,306	5	185092870	742016500	1290991
155,80,97,130	4	229613860	676560170	795724
28,145,146,147,148	5	190899650	717362290	1315247
81,89,126,127	4	279091000	664616200	596128
105,106,108,109,304	5	173697240	735218490	1629420
155,80,97,130,80	5	222527620	691505950	1162843
130,80,88,81,89	5	266605720	825392300	1026479
151,152,73,75	4	177641070	532304570	663469
108,109,304,306,306	5	181598960	696061390	1289888
168,30,31,32	4	132487380	699456880	1681199
305,146,147,148	4	196235420	555053650	714785
66,67,68,80,81	5	221958190	554990380	834466
109,304,306,306	4	249649360	674858910	737404
97,130,80,130	4	243153640	727949470	1043185
81,155,80,88	4	201796150	583412670	1021031
106,108,109,132	4	131468030	680286070	1364610
81,89,80,130	4	253930630	818791130	988831
146,147,148,149,150	5	265937870	694036750	1222980
63,151,152,151,152	5	148199430	531517210	1008525
89,101,102,34	4	249171320	937099000	1169198
81,89,80,130,80	5	225086540	766705860	1358561
97,130,80,130,80	5	209754110	689073570	1154736
103,106,108,109	4	185936470	478539130	827536
80,88,81,89,90	5	366776190	1070183930	1031648
146,147,148,305	4	237993620	746839080	1049512
89,101,103,105,106	5	330810710	944100880	1670809
89,101,102,34,103	5	244531520	1003356750	1570201
106,108,109,110	4	155496570	726149790	1159026
97,130,80,88	4	208994870	741580640	1085251
105,106,108,109,132	5	110286640	724082970	1752175
88,81,89,80,130	5	277495190	989739640	1037627
80,88,97,81	4	421293840	880697310	698642
146,147,148,28,145	5	161401770	749137890	1653037
106,108,157,109	4	128817720	675822020	1462374
105,106,108,109,110	5	137422440	773236730	1707573
133,239,89,89,101	5	646724850	552811080	954137
80,97,130,155	4	221353610	860591510	716419
97,130,155,80	4	157718050	628411700	912443
80,88,97,81,89	5	358199590	916149600	812958
304,306,306,110	4	158526500	610808580	756923
89,101,102,34,110	5	219265700	985127960	1567479
80,97,130,90	4	199321590	860029110	821258
28,145,149,150	4	228285190	712026520	1220979
133,328,89,89,101	5	687323100	572410720	1143905
155,80,130,80	4	170350960	729924900	1288206
105,106,107,108	4	102075600	713179440	921399
108,157,109,132	4	116065300	654422700	937250
105,106,108,157,109	5	106455290	766368420	1452333
81,89,80,88	4	272721820	847037670	1101870
88,97,81,89,80	5	337742290	838018180	656896
80,88,81,89,155	5	332968920	1083287850	910271
88,81,89,155,80	5	235167560	894581560	846803
159,158,160,131	4	122518840	648573740	961028
175,159,158,160	4	109035300	636622740	1051269
130,90,91,92,81,93,94	7	269466930	745974390	998984
90,91,92,81,89,93,169	7	320504730	737165800	806502
29,30,31,32,33,34	6	196558800	729749150	3150973
81,89,80,97,130,80	6	282859080	768793770	1113796
155,80,97,130,80,97,130	7	235554210	755746090	1560826
96,98,99,100,75,104	6	368948460	727724510	775237
155,80,88,81,89,80	6	212601260	681424930	1424878
105,106,108,109,304,000	6	220460800	858897280	2403983
80,130,90,91,92,81	6	199497340	834116530	1231615
106,108,109,304,306,000	6	215483560	828773730	2244301
88,81,89,80,97,130	6	413560840	1195950630	767208
88,81,89,80,97,130,80	7	360758510	1146051690	1661700
66,67,68,80,81,89	6	199216140	544761730	1020429
130,80,88,81,89,80	6	251020210	932782580	1366790
63,151,152,151,152,100,000	7	181605990	724701610	1630589
105,106,108,109,304,000,000	7	209810350	818777070	2413847
28,145,146,147,148,100,000	7	214464210	817089870	2285291
97,130,80,130,80,88	6	190316160	720272710	1788824
130,80,88,81,89,90	6	249086960	929239460	1644328
88,81,89,80,130,80	6	265551220	1005135340	1778902
80,97,130,90,91,92,81	7	179771160	839824890	1310720
80,88,81,89,126,127	6	263048540	1049058780	1162056
88,81,89,80,130,80,130	7	250113340	997121140	1753050
105,106,107,108,157,000	6	103249610	739471640	2272411
97,130,80,88,81,89	6	181620050	755858570	1328610
88,81,89,155,80,97,130	7	234914480	982252690	1386039
97,130,80,88,81,89,80	7	176249130	811620530	1747500
81,89,80,97,130,80,97,130	8	284911840	871832480	1462827
155,80,88,81,89,80,97,130	8	209128440	736434680	1785145
155,80,88,81,89,80,97,130,80	9	205332240	765384220	2096583
80,88,81,89,90,91,92,81	8	292715140	1085966280	1451947
1,2,3,4,5,198,7,8	8	439037560	708778660	557095
80,130,90,91,92,81,93,94	8	190484880	883157810	1478380
81,89,80,97,130,80,97,130,80	9	249986800	822074140	1789040
63,151,152,151,152,100,000,000,000	9	172115490	695716920	1634437
88,81,89,80,97,130,80,97,130	9	293868060	1037642060	1653162
130,80,88,81,89,90,91,92,81	9	228967100	907565970	1950916
88,81,89,155,80,97,130,80	8	217107490	955025500	1616258
97,130,80,130,80,88,81,89	8	171728840	742424240	2189593
89,101,78,135,136,137,105,138,139,64	10	529851100	1071421210	2186345
90,91,92,81,93,94,96,98,99,100	10	356674080	732645510	877613
80,88,81,89,90,91,92,81,93,94	10	296771450	1149826800	1763812
88,81,89,155,80,97,130,80,97,130	10	219659380	991729130	2025665
88,81,89,80,97,130,80,97,130,80	10	277453010	1026183160	1842208
130,90,91,92,81,93,94,96,98,99,100	11	247934040	797933120	1230453
90,91,92,81,93,94,96,98,99,100,75	11	321439720	786607790	878093
90,91,92,81,89,93,169,96,98,99,100	11	284658760	818945790	1254139
130,80,88,81,89,90,91,92,81,93,94	11	225909050	923467830	2223364
89,101,78,135,136,137,105,138,139,64,113	11	370333370	1196484910	2678376
10,11,12,13,14,15,16,9,115,19,116	11	590358310	709327000	810077
135,136,137,105,138,139,64,140,141,142,143	11	378895910	893133380	1748716
89,101,78,135,136,137,105,138,139,64,305	11	384330100	1158473700	3038678
54,124,56,57,58,56,57,326,59,60,75,66	12	229557620	523713910	1542717
101,78,135,136,137,105,138,139,64,140,141,142	12	361173280	961900840	1723419
115,19,116,117,118,119,23,114,23,24,120,29	12	245754740	598527170	3185617
5,198,7,8,9,10,199,12,13,14,15,118	12	683041830	1087702690	860123
130,80,88,81,89,90,91,92,81,93,94,96	12	218077630	982147240	2478966
2,3,4,5,198,7,8,9,10,199,12,13	12	602203860	860240010	748388
33,34,122,123,49,50,325,53,54,124,56,57	12	296230140	713052900	2164514
3,4,5,198,7,8,114,9,10,11,12,13	12	593908460	826988110	746928
58,56,57,326,59,60,75,66,67,68,70,71	12	191897910	545499880	1734817
49,50,325,53,54,124,56,57,58,56,57,326	12	226780770	491207190	1408643
2,3,4,5,198,7,8,114,9,10,11,12	12	490447950	776941540	512159
91,92,81,93,94,95,96,96,97,98,99,100	12	225065450	737018170	885562
328,89,89,101,78,135,136,137,105,138,139,64	12	403388430	541197520	2075906
1,2,3,4,5,198,7,8,9,10,199,12	12	309608230	981029470	1051774
3,4,5,198,7,8,9,10,199,12,13,229	12	731070790	1070289380	869352
13,14,15,16,9,115,19,116,117,118,119,23	12	478588340	768702380	1172986
135,136,137,105,138,139,64,140,141,142,143,113	12	259786620	903804920	2220161
122,123,49,50,325,53,54,124,56,57,58,56	12	321095250	638380240	1338566
89,101,79,135,136,137,105,138,139,64,140,141	12	370769230	1120624180	2579279
92,81,93,94,96,98,99,100,75,89,89,101	12	563869270	774488070	1365623
10,199,12,13,14,15,118,119,23,23,24,120	12	424183170	923362380	1733185
11,12,13,14,15,16,9,115,19,116,117,118	12	407838420	569022260	1045405
9,115,19,116,117,118,119,23,114,23,24,120	12	378066370	690057770	2590979
124,56,57,58,56,57,326,59,60,75,66,67	12	223504790	524381760	1455954
81,93,94,96,98,99,100,75,89,89,101,104	12	548979730	729397650	1866940
89,101,78,135,136,137,105,138,139,64,140,141	12	381714940	1223311390	2401680
23,24,120,168,30,31,29,32,33,116,117,34	12	119805260	932304540	4122682
115,19,116,117,118,119,23,114,23,24,120,168	12	262219000	513309510	2942842
92,81,93,94,95,96,96,97,98,99,100,75	12	229452170	760646000	938794
130,90,91,92,81,93,94,96,98,99,100,75	12	192235350	778474080	1298922
101,79,135,136,137,105,138,139,64,140,141,142	12	347155460	856570350	1990088
78,135,136,137,105,138,139,64,140,141,142,143	12	271372060	766586350	1834110
4,5,198,7,8,9,10,11,12,13,154,15	12	715407950	973408950	892728
133,328,89,89,101,78,135,136,137,105,138,139	12	405877050	678584810	2119788
89,90,91,92,81,93,94,96,98,99,100,75	12	347682710	917049440	1043094
4,5,198,7,8,114,9,10,11,12,13,14	12	637206230	872437060	768415
4,5,198,7,8,9,10,199,12,13,229,15	12	731450410	1107210940	786157
3,4,5,198,7,8,9,10,199,12,13,14	12	529176220	1002407700	754504
198,7,8,9,10,199,12,13,14,15,118,119	12	571419490	953619500	948849
1,264,3,4,5,198,7,8,9,10,199,12	12	600896280	800864630	594369
3,4,5,198,7,8,9,10,11,12,13,154	12	686669310	950582540	1028745
198,7,8,114,9,10,11,12,13,14,15,16	12	626197250	702606320	752531
9,10,199,12,13,14,15,118,119,23,23,24	12	480859030	984903000	1521403
325,53,54,124,56,57,58,56,57,326,59,60	12	208488710	379732480	1300464
79,135,136,137,105,138,139,64,140,141,142,143	12	279421410	699175680	1796414
53,54,124,56,57,58,56,57,326,59,60,75	12	327295710	665860510	1324077
80,88,81,89,90,91,92,81,93,94,96,98	12	240320550	1108448220	1820819
92,81,89,93,169,96,98,99,100,75,89,89	12	275800960	757651220	1380200
90,91,92,81,93,94,96,98,99,100,75,89	12	240939190	790333690	1026166
7,8,114,9,10,11,12,13,14,15,16,9	12	590836350	751788200	773795
16,9,115,19,116,117,118,119,23,114,23,24	12	354108130	488711540	1996636
5,198,7,8,9,10,11,12,13,154,15,16	12	676187580	920951090	938653
123,49,50,325,53,54,124,56,57,58,56,57	12	219708590	495284590	1237370
114,23,24,120,168,29,30,31,32,33,34,122	12	101935000	694985800	6938645
24,120,168,30,31,29,32,33,116,117,34,122	12	112880710	853920040	3956068
19,116,117,118,119,23,114,23,24,120,168,30	12	204502700	550575540	3987562
116,117,118,119,23,114,23,24,120,168,29,30	12	261811260	766544170	3943091
8,9,10,199,12,13,14,15,118,119,23,23	12	742986640	1024425660	947246
8,114,9,10,11,12,13,14,15,16,9,115	12	590435640	688609590	949843
114,9,10,11,12,13,14,15,16,9,115,19	12	464148720	616629420	970646
15,16,9,115,19,116,117,118,119,23,114,23	12	434960160	699260040	1677413
4,5,198,7,8,9,10,199,12,13,14,15	12	496177400	1027097060	846503
88,81,89,90,91,92,81,93,94,96,98,99	12	281298420	953464840	1428703
117,118,119,23,114,23,24,120,168,29,30,31	12	147580790	735281760	4201295
90,91,92,81,89,93,169,96,98,99,100,75	12	245445420	806678440	1238476
135,136,137,105,138,139,64,140,141,142,143,144	12	262725160	962266400	2415321
50,325,53,54,124,56,57,58,56,57,326,59	12	257305030	517457210	1220249
95,96,96,97,98,99,100,75,89,89,101,102	12	381250960	697087770	2252040
34,122,123,49,50,325,53,54,124,56,57,58	12	289903140	709390270	1772368
32,33,34,122,123,49,50,325,53,54,124,56	12	281860820	777166500	2527491
91,92,81,93,94,96,98,99,100,75,89,89	12	298915600	837512020	1005218
1,2,3,4,5,198,7,8,9,10,11,12	12	389665870	919123290	862504
80,130,90,91,92,81,93,94,96,98,99,100	12	152248710	915397390	1690281
5,198,7,8,114,9,10,11,12,13,14,15	12	668925590	778769340	727090
14,15,16,9,115,19,116,117,118,119,23,114	12	438636850	669045100	1343624
10,11,12,13,14,15,16,9,115,19,116,117	12	468809610	705024640	1145440
2,3,4,5,198,7,8,9,10,11,12,13	12	394980550	822917740	841924
90,91,92,81,93,94,95,96,96,97,98,99	12	206189900	784927620	1154621
91,92,81,89,93,169,96,98,99,100,75,89	12	280588390	781117360	1097697
81,89,93,169,96,98,99,100,75,89,89,101	12	542582430	739633330	1648782
1,2,3,4,5,198,7,8,114,9,10,11	12	495059630	863881550	780495
198,7,8,9,10,11,12,13,154,15,16,9	12	598745100	790860940	1127476
7,8,9,10,199,12,13,14,15,118,119,23	12	538540180	954674000	984407
264,3,4,5,198,7,8,9,10,199,12,13	12	456612560	545274920	774093
12,13,14,15,16,9,115,19,116,117,118,119	12	549724910	838369680	1293710
