128943.33333333333
306310.0
190516.66666666666
213846.66666666666
204930.0
109113.33333333333
290040.0
199026.66666666666
189166.66666666666
208346.66666666666
142123.33333333334
208013.33333333334
150906.66666666666
149613.33333333334
159860.0
116990.0
152756.66666666666
134673.33333333334
106403.33333333333
136813.33333333334
174236.66666666666
198310.0
95263.33333333333
86953.33333333333
184240.0
151183.33333333334
197483.33333333334
221480.0
105416.66666666667
124973.33333333333
159773.33333333334
91000.0
109850.0
212646.66666666666
194993.33333333334
212706.66666666666
220623.33333333334
227240.0
194160.0
268630.0
200883.33333333334
222913.33333333334
161006.66666666666
202960.0
205003.33333333334
296766.6666666667
162873.33333333334
54273.333333333336
202940.0
138566.66666666666
157056.66666666666
90106.66666666667
207686.66666666666
47273.333333333336
147963.33333333334
179580.0
109330.0
129700.0
116826.66666666667
140370.0
251373.33333333334
147016.66666666666
82043.33333333333
155573.33333333334
115506.66666666667
96883.33333333333
184713.33333333334
157086.66666666666
94013.33333333333
168400.0
119263.33333333333
175026.66666666666
228243.33333333334
115646.66666666667
171670.0
197806.66666666666
47710.0
112836.66666666667
135660.0
168486.66666666666
199413.33333333334
154463.33333333334
110280.0
188573.33333333334
94773.33333333333
175996.66666666666
173076.66666666666
232923.33333333334
141803.33333333334
214210.0
133180.0
138526.66666666666
194376.66666666666
145526.66666666666
134070.0
164236.66666666666
173030.0
166600.0
114473.33333333333
227940.0
356163.3333333333
366306.6666666667
112336.66666666667
203883.33333333334
148116.66666666666
187860.0
153430.0
213686.66666666666
259530.0
187470.0
169920.0
172340.0
141946.66666666666
95980.0
115243.33333333333
190683.33333333334
94536.66666666667
165740.0
134810.0
168426.66666666666
159316.66666666666
169026.66666666666
140550.0
155823.33333333334
171510.0
125390.0
99763.33333333333
76626.66666666667
137786.66666666666
125023.33333333333
133270.0
130343.33333333333
204393.33333333334
124266.66666666667
69766.66666666667
167463.33333333334
119293.33333333333
210206.66666666666
165590.0
188573.33333333334
90290.0
175456.66666666666
155350.0
145610.0
176083.33333333334
264970.0
182933.33333333334
68920.0
269786.6666666667
114480.0
202213.33333333334
168713.33333333334
99546.66666666667
245036.66666666666
200676.66666666666
161490.0
171186.66666666666
146070.0
130060.0
215726.66666666666
164073.33333333334
176943.33333333334
159670.0
103843.33333333333
146856.66666666666
97813.33333333333
187453.33333333334
165390.0
131633.33333333334
171486.66666666666
106706.66666666667
218300.0
228396.66666666666
141390.0
226963.33333333334
192966.66666666666
141766.66666666666
141583.33333333334
163336.66666666666
159716.66666666666
148826.66666666666
127413.33333333333
112180.0
376656.6666666667
213253.33333333334
168996.66666666666
196680.0
294170.0
209383.33333333334
200490.0
197510.0
334630.0
164823.33333333334
243446.66666666666
52830.0
333643.3333333333
216040.0
260200.0
161483.33333333334
56500.0
210336.66666666666
140846.66666666666
240510.0
193306.66666666666
248023.33333333334
143486.66666666666
165106.66666666666
164900.0
103430.0
185723.33333333334
224906.66666666666
142343.33333333334
166893.33333333334
203620.0
80226.66666666667
103373.33333333333
57220.0
103580.0
183770.0
72600.0
151366.66666666666
140986.66666666666
173233.33333333334
49786.666666666664
100626.66666666667
104560.0
129146.66666666667
195310.0
195256.66666666666
49080.0
145803.33333333334
172796.66666666666
184330.0
259120.0
90943.33333333333
99746.66666666667
49100.0
213516.66666666666
115720.0
213473.33333333334
197350.0
132843.33333333334
233893.33333333334
204236.66666666666
47000.0
68713.33333333333
77123.33333333333
158633.33333333334
162273.33333333334
157030.0
163360.0
227760.0
82703.33333333333
171133.33333333334
71010.0
183790.0
117560.0
175666.66666666666
61976.666666666664
198333.33333333334
211410.0
153473.33333333334
161803.33333333334
183093.33333333334
149373.33333333334
125153.33333333333
149756.66666666666
130893.33333333333
94850.0
58220.0
122116.66666666667
141493.33333333334
215536.66666666666
97276.66666666667
110340.0
134826.66666666666
223543.33333333334
137916.66666666666
156393.33333333334
167120.0
157416.66666666666
169903.33333333334
193890.0
63460.0
170470.0
194073.33333333334
129726.66666666667
201496.66666666666
152063.33333333334
178626.66666666666
113986.66666666667
94906.66666666667
165670.0
105516.66666666667
172106.66666666666
249376.66666666666
155420.0
181393.33333333334
185923.33333333334
197420.0
117370.0
90010.0
154706.66666666666
158813.33333333334
148853.33333333334
168273.33333333334
76680.0
122633.33333333333
149733.33333333334
192026.66666666666
253080.0
147490.0
143360.0
192153.33333333334
205833.33333333334
121550.0
182133.33333333334
80333.33333333333
152946.66666666666
148470.0
135383.33333333334
88860.0
216010.0
224496.66666666666
150883.33333333334
169170.0
224310.0
236186.66666666666
123333.33333333333
124483.33333333333
114580.0
148173.33333333334
106686.66666666667
142216.66666666666
206090.0
182173.33333333334
151876.66666666666
130153.33333333333
149276.66666666666
178063.33333333334
179943.33333333334
133953.33333333334
123270.0
159210.0
159936.66666666666
226053.33333333334
156560.0
169113.33333333334
194043.33333333334
177886.66666666666
229636.66666666666
125786.66666666667
153430.0
184413.33333333334
111206.66666666667
133293.33333333334
139273.33333333334
139040.0
196473.33333333334
128200.0
98063.33333333333
137250.0
180340.0
160670.0
190233.33333333334
65086.666666666664
187776.66666666666
180693.33333333334
176683.33333333334
149833.33333333334
160460.0
155176.66666666666
178626.66666666666
263253.3333333333
181386.66666666666
184926.66666666666
39196.666666666664
115726.66666666667
150796.66666666666
117363.33333333333
252253.33333333334
213436.66666666666
159023.33333333334
180910.0
156560.0
185316.66666666666
178716.66666666666
145650.0
130796.66666666667
101403.33333333333
136690.0
73643.33333333333
71730.0
167870.0
199463.33333333334
271320.0
144386.66666666666
73550.0
110986.66666666667
234656.66666666666
177476.66666666666
135336.66666666666
147446.66666666666
159076.66666666666
242253.33333333334
101043.33333333333
170743.33333333334
180066.66666666666
149430.0
67763.33333333333
100750.0
168110.0
208300.0
80276.66666666667
226926.66666666666
107380.0
230653.33333333334
99006.66666666667
209403.33333333334
81430.0
174713.33333333334
168666.66666666666
96376.66666666667
138210.0
234596.66666666666
175756.66666666666
112960.0
150143.33333333334
138116.66666666666
155553.33333333334
170876.66666666666
135946.66666666666
56243.333333333336
146586.66666666666
120860.0
132483.33333333334
187223.33333333334
116043.33333333333
171230.0
137410.0
192100.0
210680.0
74880.0
174086.66666666666
123260.0
57070.0
163236.66666666666
164403.33333333334
75963.33333333333
131640.0
130360.0
155586.66666666666
235056.66666666666
75593.33333333333
77763.33333333333
111146.66666666667
255943.33333333334
193376.66666666666
51900.0
80856.66666666667
147583.33333333334
111616.66666666667
92353.33333333333
177290.0
124136.66666666667
191730.0
163313.33333333334
195976.66666666666
149576.66666666666
182383.33333333334
138256.66666666666
153816.66666666666
241233.33333333334
123593.33333333333
137903.33333333334
130566.66666666667
104960.0
142696.66666666666
151446.66666666666
173943.33333333334
140813.33333333334
194233.33333333334
68130.0
103863.33333333333
113060.0
114606.66666666667
159893.33333333334
40480.0
124566.66666666667
172416.66666666666
179643.33333333334
147230.0
167730.0
173840.0
162563.33333333334
83033.33333333333
231666.66666666666
119523.33333333333
164350.0
185896.66666666666
137626.66666666666
168443.33333333334
196063.33333333334
53620.0
189376.66666666666
90223.33333333333
144780.0
135896.66666666666
173240.0
161446.66666666666
182350.0
51726.666666666664
118430.0
185880.0
117206.66666666667
233366.66666666666
117990.0
130776.66666666667
120260.0
159003.33333333334
133123.33333333334
131140.0
79510.0
138176.66666666666
91296.66666666667
149156.66666666666
148616.66666666666
151620.0
92126.66666666667
182640.0
125173.33333333333
172123.33333333334
111566.66666666667
140986.66666666666
141530.0
178496.66666666666
138190.0
146266.66666666666
115216.66666666667
121276.66666666667
137390.0
134323.33333333334
66716.66666666667
175210.0
101010.0
189300.0
101023.33333333333
149760.0
158990.0
235796.66666666666
186823.33333333334
178940.0
86746.66666666667
90550.0
139980.0
48310.0
160230.0
113920.0
195160.0
47760.0
164256.66666666666
124670.0
151766.66666666666
163056.66666666666
148936.66666666666
119710.0
140726.66666666666
187790.0
92850.0
70266.66666666667
133260.0
146630.0
138413.33333333334
137103.33333333334
164103.33333333334
117983.33333333333
135106.66666666666
146706.66666666666
158816.66666666666
179526.66666666666
165746.66666666666
139743.33333333334
127720.0
162006.66666666666
94526.66666666667
101626.66666666667
90890.0
202450.0
172960.0
120340.0
92056.66666666667
145836.66666666666
82510.0
147203.33333333334
174343.33333333334
58640.0
120023.33333333333
118530.0
151696.66666666666
181753.33333333334
145823.33333333334
140100.0
175066.66666666666
151103.33333333334
195500.0
193773.33333333334
190006.66666666666
131570.0
121966.66666666667
240250.0
97463.33333333333
172233.33333333334
104220.0
118736.66666666667
96940.0
140620.0
69390.0
128230.0
179116.66666666666
76553.33333333333
77990.0
154733.33333333334
158736.66666666666
197350.0
208006.66666666666
232740.0
184013.33333333334
195590.0
191536.66666666666
196196.66666666666
107403.33333333333
149196.66666666666
163886.66666666666
110643.33333333333
147856.66666666666
148896.66666666666
63190.0
222170.0
169786.66666666666
42473.333333333336
139223.33333333334
137670.0
120480.0
153433.33333333334
139883.33333333334
138196.66666666666
154700.0
74363.33333333333
140730.0
87413.33333333333
117976.66666666667
87346.66666666667
91930.0
117073.33333333333
83830.0
134956.66666666666
152553.33333333334
173226.66666666666
85670.0
99520.0
151796.66666666666
115446.66666666667
98416.66666666667
151480.0
126873.33333333333
174616.66666666666
105003.33333333333
111636.66666666667
78156.66666666667
51990.0
99713.33333333333
69960.0
97163.33333333333
150360.0
117573.33333333333
126880.0
179816.66666666666
104443.33333333333
124980.0
75260.0
149086.66666666666
91700.0
266373.3333333333
144000.0
230026.66666666666
100243.33333333333
127113.33333333333
165923.33333333334
134816.66666666666
143340.0
174206.66666666666
189253.33333333334
193980.0
222373.33333333334
115150.0
145200.0
145876.66666666666
127913.33333333333
147590.0
128633.33333333333
112090.0
169220.0
91300.0
52533.333333333336
134906.66666666666
120130.0
124280.0
42946.666666666664
171150.0
140090.0
173916.66666666666
171943.33333333334
153633.33333333334
126866.66666666667
113473.33333333333
220490.0
111323.33333333333
146563.33333333334
173593.33333333334
143300.0
38673.333333333336
148960.0
175783.33333333334
166586.66666666666
112200.0
41536.666666666664
87963.33333333333
132446.66666666666
205790.0
96350.0
250596.66666666666
139203.33333333334
143426.66666666666
176963.33333333334
170353.33333333334
167966.66666666666
131130.0
142570.0
157253.33333333334
48946.666666666664
190663.33333333334
121150.0
172540.0
92280.0
167833.33333333334
165626.66666666666
170566.66666666666
184980.0
168283.33333333334
152463.33333333334
105746.66666666667
133263.33333333334
112743.33333333333
200873.33333333334
139423.33333333334
153663.33333333334
177850.0
122310.0
117933.33333333333
181210.0
167150.0
213030.0
124630.0
172713.33333333334
119890.0
216716.66666666666
175806.66666666666
57966.666666666664
172640.0
167913.33333333334
196806.66666666666
161846.66666666666
206396.66666666666
114893.33333333333
160593.33333333334
165380.0
190686.66666666666
169040.0
108290.0
150433.33333333334
193023.33333333334
141620.0
104243.33333333333
65343.333333333336
120090.0
134863.33333333334
177200.0
143810.0
138266.66666666666
229646.66666666666
199326.66666666666
104600.0
210433.33333333334
103563.33333333333
155966.66666666666
147626.66666666666
173246.66666666666
99566.66666666667
145073.33333333334
148296.66666666666
141906.66666666666
60746.666666666664
81390.0
102413.33333333333
98056.66666666667
177703.33333333334
130753.33333333333
144696.66666666666
126700.0
175896.66666666666
170206.66666666666
169363.33333333334
136040.0
93193.33333333333
185883.33333333334
113946.66666666667
167820.0
134356.66666666666
198160.0
144746.66666666666
209486.66666666666
39373.333333333336
174650.0
147920.0
157310.0
129513.33333333333
64626.666666666664
111546.66666666667
95196.66666666667
172860.0
56710.0
137323.33333333334
103546.66666666667
103643.33333333333
253233.33333333334
159650.0
173393.33333333334
175943.33333333334
148713.33333333334
167480.0
213843.33333333334
166393.33333333334
108883.33333333333
169180.0
139603.33333333334
148793.33333333334
56873.333333333336
118206.66666666667
119420.0
164420.0
173870.0
240596.66666666666
140590.0
162146.66666666666
196813.33333333334
55866.666666666664
151356.66666666666
163530.0
177300.0
142280.0
137120.0
138510.0
217073.33333333334
163866.66666666666
219780.0
228703.33333333334
133916.66666666666
153700.0
217270.0
287086.6666666667
184136.66666666666
119793.33333333333
111230.0
165070.0
149476.66666666666
129023.33333333333
146300.0
167426.66666666666
144793.33333333334
133446.66666666666
195180.0
218413.33333333334
165616.66666666666
140613.33333333334
198663.33333333334
136570.0
181453.33333333334
152346.66666666666
124710.0
49956.666666666664
95753.33333333333
122536.66666666667
177190.0
74490.0
219513.33333333334
171020.0
169186.66666666666
191970.0
201073.33333333334
148576.66666666666
183333.33333333334
186203.33333333334
89786.66666666667
77303.33333333333
133663.33333333334
191213.33333333334
142980.0
62430.0
126420.0
169410.0
173176.66666666666
169260.0
69816.66666666667
141566.66666666666
147440.0
118436.66666666667
56263.333333333336
152533.33333333334
175290.0
212403.33333333334
130183.33333333333
109496.66666666667
109896.66666666667
66946.66666666667
157396.66666666666
166676.66666666666
87850.0
176726.66666666666
216816.66666666666
126166.66666666667
184026.66666666666
222183.33333333334
62880.0
153993.33333333334
124266.66666666667
129323.33333333333
168580.0
159613.33333333334
165710.0
128506.66666666667
177706.66666666666
160900.0
92450.0
172490.0
84510.0
154060.0
144323.33333333334
164936.66666666666
69280.0
168990.0
199710.0
180186.66666666666
126976.66666666667
128230.0
113510.0
161920.0
85076.66666666667
178986.66666666666
112330.0
104940.0
160896.66666666666
93743.33333333333
113076.66666666667
77670.0
154463.33333333334
189260.0
142420.0
52546.666666666664
157403.33333333334
152063.33333333334
148906.66666666666
168930.0
89690.0
176970.0
180416.66666666666
128830.0
115923.33333333333
136266.66666666666
175773.33333333334
172996.66666666666
108716.66666666667
120056.66666666667
199906.66666666666
162130.0
136336.66666666666
176680.0
183856.66666666666
138006.66666666666
152546.66666666666
147320.0
174483.33333333334
184846.66666666666
208926.66666666666
135060.0
168403.33333333334
75286.66666666667
156456.66666666666
133586.66666666666
174226.66666666666
51166.666666666664
135470.0
83743.33333333333
148603.33333333334
185336.66666666666
164133.33333333334
232640.0
159093.33333333334
73276.66666666667
261716.66666666666
279873.3333333333
172960.0
140416.66666666666
123063.33333333333
106553.33333333333
233336.66666666666
126063.33333333333
171406.66666666666
191780.0
179103.33333333334
148246.66666666666
77986.66666666667
177103.33333333334
205963.33333333334
205440.0
210680.0
148260.0
230413.33333333334
206086.66666666666
170856.66666666666
219440.0
169016.66666666666
221153.33333333334
173356.66666666666
93943.33333333333
110886.66666666667
183066.66666666666
111026.66666666667
105200.0
146476.66666666666
152080.0
156570.0
136033.33333333334
134570.0
198376.66666666666
158190.0
78343.33333333333
79453.33333333333
229693.33333333334
127090.0
112273.33333333333
163636.66666666666
142873.33333333334
162866.66666666666
158860.0
132006.66666666666
97413.33333333333
147916.66666666666
193346.66666666666
143846.66666666666
167723.33333333334
65603.33333333333
150643.33333333334
200126.66666666666
149406.66666666666
112750.0
207490.0
158966.66666666666
110006.66666666667
155370.0
145450.0
186253.33333333334
95456.66666666667
150913.33333333334
183206.66666666666
180986.66666666666
224490.0
174856.66666666666
48080.0
161963.33333333334
178503.33333333334
74050.0
168220.0
167816.66666666666
319056.6666666667
260256.66666666666
106406.66666666667
153636.66666666666
152363.33333333334
160216.66666666666
118276.66666666667
141336.66666666666
163373.33333333334
204903.33333333334
107703.33333333333
144013.33333333334
182203.33333333334
238650.0
65673.33333333333
101296.66666666667
136496.66666666666
145480.0
58453.333333333336
180143.33333333334
105440.0
92850.0
113836.66666666667
177030.0
74820.0
98933.33333333333
182366.66666666666
130553.33333333333
167226.66666666666
67223.33333333333
54893.333333333336
170506.66666666666
160856.66666666666
148990.0
140716.66666666666
92146.66666666667
164513.33333333334
128696.66666666667
183483.33333333334
89350.0
54170.0
161110.0
163826.66666666666
152186.66666666666
136986.66666666666
126600.0
159553.33333333334
206236.66666666666
166410.0
117696.66666666667
61373.333333333336
44496.666666666664
124333.33333333333
129450.0
136886.66666666666
145256.66666666666
38080.0
156343.33333333334
115533.33333333333
144630.0
133406.66666666666
168613.33333333334
69643.33333333333
189606.66666666666
191543.33333333334
137900.0
110623.33333333333
128090.0
169713.33333333334
180680.0
124830.0
59733.333333333336
144123.33333333334
149233.33333333334
38760.0
180963.33333333334
176990.0
210456.66666666666
159413.33333333334
158590.0
230526.66666666666
148456.66666666666
101216.66666666667
125536.66666666667
190036.66666666666
81593.33333333333
238533.33333333334
60923.333333333336
185650.0
109296.66666666667
163140.0
176566.66666666666
167523.33333333334
138763.33333333334
249240.0
152750.0
181080.0
136630.0
228233.33333333334
152250.0
100450.0
141463.33333333334
223293.33333333334
163256.66666666666
143926.66666666666
272123.3333333333
165546.66666666666
202373.33333333334
165303.33333333334
156786.66666666666
101213.33333333333
166513.33333333334
166066.66666666666
186056.66666666666
165316.66666666666
103026.66666666667
154150.0
185023.33333333334
135720.0
110553.33333333333
133290.0
191616.66666666666
193436.66666666666
171200.0
121983.33333333333
90973.33333333333
143516.66666666666
101603.33333333333
159960.0
149486.66666666666
132820.0
76400.0
104786.66666666667
132550.0
167956.66666666666
125343.33333333333
118396.66666666667
120486.66666666667
152373.33333333334
112090.0
164216.66666666666
164410.0
131400.0
213320.0
123493.33333333333
285863.3333333333
100633.33333333333
153250.0
92973.33333333333
120073.33333333333
148953.33333333334
186930.0
151063.33333333334
130550.0
68223.33333333333
64470.0
77853.33333333333
123070.0
153473.33333333334
180780.0
173803.33333333334
143806.66666666666
136643.33333333334
88056.66666666667
94416.66666666667
174526.66666666666
92196.66666666667
134953.33333333334
178306.66666666666
144196.66666666666
131253.33333333334
175933.33333333334
170806.66666666666
156806.66666666666
135713.33333333334
103823.33333333333
212240.0
170293.33333333334
178756.66666666666
171660.0
183383.33333333334
79320.0
162930.0
212303.33333333334
163856.66666666666
155506.66666666666
50983.333333333336
195996.66666666666
158830.0
127380.0
163420.0
183946.66666666666
163780.0
141856.66666666666
50940.0
100100.0
189720.0
105096.66666666667
160290.0
81276.66666666667
105603.33333333333
139343.33333333334
123873.33333333333
44536.666666666664
163793.33333333334
105623.33333333333
163280.0
114296.66666666667
190446.66666666666
159656.66666666666
137330.0
215280.0
147870.0
149873.33333333334
118590.0
186416.66666666666
174233.33333333334
157253.33333333334
177453.33333333334
147120.0
144133.33333333334
66586.66666666667
124906.66666666667
190440.0
148186.66666666666
49453.333333333336
203743.33333333334
169753.33333333334
153213.33333333334
165993.33333333334
173570.0
113533.33333333333
80393.33333333333
132746.66666666666
73310.0
154496.66666666666
86043.33333333333
97256.66666666667
122806.66666666667
125100.0
158513.33333333334
163116.66666666666
155360.0
162793.33333333334
153996.66666666666
177356.66666666666
197740.0
156073.33333333334
42573.333333333336
177500.0
148336.66666666666
157330.0
131493.33333333334
164953.33333333334
159156.66666666666
174350.0
183506.66666666666
210380.0
185476.66666666666
104050.0
93773.33333333333
245536.66666666666
123373.33333333333
161573.33333333334
91740.0
167346.66666666666
163010.0
69153.33333333333
168426.66666666666
153193.33333333334
178026.66666666666
88830.0
100373.33333333333
209600.0
140226.66666666666
122653.33333333333
234830.0
164116.66666666666
226183.33333333334
178600.0
144836.66666666666
111756.66666666667
104176.66666666667
170123.33333333334
126486.66666666667
140326.66666666666
178120.0
113426.66666666667
133483.33333333334
113693.33333333333
233040.0
144476.66666666666
158260.0
144270.0
245016.66666666666
160070.0
147800.0
241116.66666666666
195416.66666666666
134966.66666666666
128723.33333333333
104473.33333333333
159116.66666666666
212980.0
183460.0
137250.0
144340.0
222896.66666666666
145403.33333333334
231423.33333333334
161380.0
98253.33333333333
51683.333333333336
138523.33333333334
184710.0
162580.0
173910.0
193656.66666666666
101280.0
185480.0
147003.33333333334
174116.66666666666
165846.66666666666
123806.66666666667
204053.33333333334
152120.0
210856.66666666666
230336.66666666666
211310.0
175820.0
101243.33333333333
149690.0
89560.0
162860.0
161973.33333333334
98926.66666666667
161326.66666666666
100110.0
133596.66666666666
106523.33333333333
197173.33333333334
122843.33333333333
197100.0
173256.66666666666
164940.0
95560.0
170283.33333333334
130246.66666666667
183676.66666666666
122166.66666666667
107396.66666666667
93306.66666666667
184240.0
53590.0
56620.0
120623.33333333333
224966.66666666666
110543.33333333333
174570.0
220816.66666666666
140090.0
51956.666666666664
156540.0
181970.0
84483.33333333333
133426.66666666666
127040.0
163013.33333333334
128563.33333333333
82230.0
245640.0
158923.33333333334
119073.33333333333
115900.0
82753.33333333333
129883.33333333333
123823.33333333333
129013.33333333333
142153.33333333334
130723.33333333333
167986.66666666666
46970.0
156773.33333333334
159196.66666666666
171770.0
151243.33333333334
132130.0
141860.0
159526.66666666666
48663.333333333336
168480.0
140200.0
130830.0
116703.33333333333
196596.66666666666
53616.666666666664
119316.66666666667
149020.0
218976.66666666666
195253.33333333334
123023.33333333333
118313.33333333333
39036.666666666664
164986.66666666666
196020.0
177816.66666666666
175560.0
127306.66666666667
147093.33333333334
146650.0
135943.33333333334
50806.666666666664
141540.0
169310.0
177516.66666666666
108420.0
178110.0
165640.0
108503.33333333333
135606.66666666666
166290.0
117600.0
116526.66666666667
89020.0
120556.66666666667
137396.66666666666
128110.0
162986.66666666666
117043.33333333333
131503.33333333334
52203.333333333336
247576.66666666666
193570.0
230150.0
202086.66666666666
104513.33333333333
151986.66666666666
183993.33333333334
188416.66666666666
160353.33333333334
99960.0
150676.66666666666
70386.66666666667
158773.33333333334
90900.0
177350.0
154373.33333333334
193530.0
124993.33333333333
133200.0
171790.0
149103.33333333334
153353.33333333334
136720.0
111700.0
173776.66666666666
112283.33333333333
118550.0
152996.66666666666
152250.0
221926.66666666666
244676.66666666666
227520.0
123723.33333333333
40040.0
145246.66666666666
162066.66666666666
208286.66666666666
221310.0
120363.33333333333
236446.66666666666
184420.0
248230.0
50163.333333333336
191756.66666666666
147590.0
150136.66666666666
151383.33333333334
166716.66666666666
203990.0
63543.333333333336
97043.33333333333
210376.66666666666
44136.666666666664
186556.66666666666
166816.66666666666
95490.0
265376.6666666667
111603.33333333333
129840.0
160326.66666666666
123363.33333333333
156643.33333333334
127033.33333333333
207593.33333333334
168850.0
176063.33333333334
142526.66666666666
155030.0
141603.33333333334
79836.66666666667
108406.66666666667
145000.0
192650.0
156576.66666666666
121303.33333333333
67123.33333333333
110546.66666666667
70596.66666666667
70863.33333333333
177886.66666666666
131236.66666666666
136890.0
114433.33333333333
146593.33333333334
131996.66666666666
160720.0
208766.66666666666
102433.33333333333
179420.0
57060.0
176150.0
71490.0
129593.33333333333
149636.66666666666
74606.66666666667
134413.33333333334
183233.33333333334
168276.66666666666
136233.33333333334
151480.0
166090.0
142956.66666666666
149933.33333333334
140756.66666666666
226033.33333333334
154980.0
103413.33333333333
99636.66666666667
133303.33333333334
133816.66666666666
157440.0
109803.33333333333
209350.0
116093.33333333333
218013.33333333334
113833.33333333333
120503.33333333333
74090.0
79273.33333333333
47476.666666666664
119233.33333333333
200196.66666666666
159243.33333333334
46000.0
157283.33333333334
161780.0
108023.33333333333
199726.66666666666
132180.0
183680.0
144203.33333333334
110510.0
153953.33333333334
66613.33333333333
67846.66666666667
112790.0
162803.33333333334
169570.0
209646.66666666666
175516.66666666666
78970.0
148516.66666666666
99563.33333333333
136693.33333333334
115316.66666666667
141346.66666666666
157146.66666666666
171473.33333333334
129826.66666666667
183986.66666666666
142946.66666666666
166500.0
158900.0
178396.66666666666
40740.0
172140.0
165633.33333333334
156780.0
121450.0
99953.33333333333
192850.0
163106.66666666666
130446.66666666667
134410.0
133416.66666666666
118406.66666666667
110260.0
165336.66666666666
118503.33333333333
125280.0
243876.66666666666
99766.66666666667
196593.33333333334
224056.66666666666
185963.33333333334
145730.0
200053.33333333334
120586.66666666667
205433.33333333334
142013.33333333334
222166.66666666666
167853.33333333334
127040.0
202040.0
129146.66666666667
142753.33333333334
168060.0
95426.66666666667
121953.33333333333
151853.33333333334
90876.66666666667
218153.33333333334
142693.33333333334
167853.33333333334
134480.0
111566.66666666667
134276.66666666666
98193.33333333333
212390.0
211283.33333333334
218256.66666666666
109486.66666666667
147943.33333333334
58760.0
391283.3333333333
179496.66666666666
151656.66666666666
112503.33333333333
210933.33333333334
173050.0
159716.66666666666
222933.33333333334
116283.33333333333
121123.33333333333
60013.333333333336
39673.333333333336
150473.33333333334
92210.0
177283.33333333334
212743.33333333334
214216.66666666666
172256.66666666666
53596.666666666664
120076.66666666667
138576.66666666666
149776.66666666666
186803.33333333334
161480.0
127453.33333333333
42703.333333333336
67946.66666666667
156680.0
138160.0
149650.0
109313.33333333333
179606.66666666666
135836.66666666666
181123.33333333334
157223.33333333334
168756.66666666666
64100.0
134900.0
170546.66666666666
167586.66666666666
145606.66666666666
124663.33333333333
195430.0
109590.0
118680.0
122543.33333333333
220516.66666666666
112440.0
171370.0
157986.66666666666
167366.66666666666
151130.0
203573.33333333334
129006.66666666667
155080.0
188880.0
220123.33333333334
160856.66666666666
188080.0
115566.66666666667
151403.33333333334
152703.33333333334
74093.33333333333
167490.0
159306.66666666666
62280.0
123006.66666666667
175706.66666666666
136993.33333333334
150106.66666666666
140893.33333333334
185163.33333333334
152196.66666666666
234553.33333333334
69966.66666666667
144626.66666666666
142020.0
146033.33333333334
167666.66666666666
115440.0
166613.33333333334
197846.66666666666
139543.33333333334
217690.0
174420.0
161600.0
88320.0
151436.66666666666
216083.33333333334
55033.333333333336
121483.33333333333
153563.33333333334
149886.66666666666
119790.0
178566.66666666666
143956.66666666666
165740.0
123520.0
167400.0
154146.66666666666
166006.66666666666
224486.66666666666
226250.0
182706.66666666666
114100.0
164946.66666666666
165863.33333333334
198376.66666666666
206310.0
72953.33333333333
185040.0
134176.66666666666
83533.33333333333
131790.0
145680.0
96793.33333333333
123303.33333333333
95790.0
206620.0
185180.0
140406.66666666666
150286.66666666666
239540.0
127646.66666666667
98843.33333333333
151553.33333333334
98270.0
159613.33333333334
190886.66666666666
167930.0
173700.0
181870.0
156070.0
168846.66666666666
216036.66666666666
175060.0
195810.0
146220.0
130363.33333333333
189126.66666666666
157903.33333333334
139616.66666666666
142000.0
144876.66666666666
189033.33333333334
96853.33333333333
97640.0
164436.66666666666
131410.0
50760.0
112676.66666666667
54886.666666666664
159210.0
162256.66666666666
83803.33333333333
54243.333333333336
91060.0
128023.33333333333
181880.0
237820.0
198750.0
90836.66666666667
225153.33333333334
154776.66666666666
172890.0
79333.33333333333
194206.66666666666
129766.66666666667
104540.0
115036.66666666667
132170.0
181906.66666666666
109946.66666666667
118406.66666666667
150120.0
105723.33333333333
105403.33333333333
100606.66666666667
157106.66666666666
87493.33333333333
214426.66666666666
164740.0
108523.33333333333
201456.66666666666
214023.33333333334
101890.0
85323.33333333333
104690.0
164996.66666666666
97140.0
101456.66666666667
88523.33333333333
124883.33333333333
90053.33333333333
62030.0
132310.0
88356.66666666667
174153.33333333334
172336.66666666666
218220.0
120546.66666666667
169346.66666666666
111363.33333333333
83936.66666666667
170276.66666666666
108973.33333333333
131586.66666666666
227273.33333333334
133326.66666666666
178270.0
52423.333333333336
64886.666666666664
150296.66666666666
139980.0
144243.33333333334
211146.66666666666
75626.66666666667
194623.33333333334
173363.33333333334
107000.0
156766.66666666666
101450.0
165303.33333333334
116210.0
163103.33333333334
228073.33333333334
187263.33333333334
135243.33333333334
237686.66666666666
91240.0
126876.66666666667
108610.0
222280.0
123490.0
130096.66666666667
55556.666666666664
162813.33333333334
184330.0
117460.0
173026.66666666666
89533.33333333333
98156.66666666667
209780.0
129243.33333333333
157476.66666666666
154766.66666666666
148466.66666666666
47103.333333333336
211390.0
178690.0
113393.33333333333
73043.33333333333
167906.66666666666
38210.0
149716.66666666666
223050.0
190056.66666666666
147060.0
165430.0
239423.33333333334
164050.0
116780.0
47223.333333333336
144090.0
136010.0
167420.0
145086.66666666666
110123.33333333333
117116.66666666667
154716.66666666666
128526.66666666667
190356.66666666666
218046.66666666666
156430.0
225223.33333333334
189276.66666666666
165546.66666666666
175640.0
101223.33333333333
224643.33333333334
170743.33333333334
162056.66666666666
77863.33333333333
78996.66666666667
163966.66666666666
123386.66666666667
109050.0
169706.66666666666
216593.33333333334
163613.33333333334
141183.33333333334
114586.66666666667
113103.33333333333
155733.33333333334
140630.0
99523.33333333333
85746.66666666667
89846.66666666667
180436.66666666666
96663.33333333333
124200.0
144346.66666666666
220073.33333333334
175973.33333333334
45030.0
150853.33333333334
144290.0
70536.66666666667
243120.0
166043.33333333334
199443.33333333334
185676.66666666666
89593.33333333333
140003.33333333334
205243.33333333334
193383.33333333334
68330.0
238663.33333333334
127880.0
124776.66666666667
163683.33333333334
193966.66666666666
175073.33333333334
168276.66666666666
172996.66666666666
78400.0
179553.33333333334
239300.0
173030.0
136200.0
108016.66666666667
169766.66666666666
49253.333333333336
179183.33333333334
158916.66666666666
78146.66666666667
146706.66666666666
197130.0
73093.33333333333
199490.0
158636.66666666666
79963.33333333333
54130.0
135946.66666666666
134836.66666666666
172030.0
226053.33333333334
157793.33333333334
251040.0
145473.33333333334
104593.33333333333
126720.0
226180.0
212243.33333333334
135780.0
172426.66666666666
147853.33333333334
140110.0
111773.33333333333
167873.33333333334
142396.66666666666
163893.33333333334
149706.66666666666
103920.0
133113.33333333334
109040.0
149006.66666666666
93540.0
169036.66666666666
188940.0
160783.33333333334
182573.33333333334
164943.33333333334
115910.0
140563.33333333334
187083.33333333334
164073.33333333334
126816.66666666667
132990.0
125050.0
188666.66666666666
187006.66666666666
46326.666666666664
225950.0
50666.666666666664
198266.66666666666
181560.0
240953.33333333334
161170.0
70113.33333333333
97903.33333333333
142736.66666666666
206430.0
