1017,880,1497,332,1374,1559,991,899,776,249
138,726,1534,1264,1577,1758
1127,1258,76,44,1259,1260
1028,1627,997
1080,1406,1455,988,1903,963,1054,1827
815,399,652,783,275,961,976,1290,357,67
1529,192,837,728,824,1132,1829,1254,338
802,374,1068,1174,447,682,690,1024
1927,824,1665
1671,218,1672,903,108,1543,1673,1674,722,1242
635,157,1050,275
1890,976,1184,1048,1420,203,318,1747,141
1328,948,299,803,830,1761
907,444,140,858,508,908,109,909,23
857,338,1819,891,450,1852,1262
637,414,558,1019,160,1185,1186,1187
1689,165,729,1957,1680,1265,724,152,1536,488
781,1044,1257,51
1028,1247,1113,589,1395,1295,1385
928,1215,964,981,1216,509,677,485,1217
1054,1474,709,1277,1150
682,1336,1778,514,1513,1150
605,274,1842,654,1753,1713,612
63,64,65,66,67
1825,215,79,521,1747,1992,1629,1819
356,687,1308,1296,1450,194,1097,1548
1438,1481,1826,1412,894,340,681,86,46,1764
1310,1492,439,1191,518,910
826,367,1464,1465,351,1180
281,765,1704,131,736,753,256
486,487,488,489,490,491
1482,528,815,1145,1828,148,1282,1580,186,490
1778,1970,163,1996,424,1441
403,39,1741,921
122,1555,763,1508,646,632,605,1733
980,981,586,982,983,984
820,821,729,822,823,481,615
835,778,765,665,1162,1568,574,422,191
623,46,624,625,76,294
1687,846,1934,577,911
688,689,690,691,692,693,694
1563,281,1564,343,1034,1565,1566
961,1977,1600,35,286,1628
1747,191,1098,1000,1527,1193,1132,458
99,131,1744,1938,602,479,134,1069
666,399,1200,1494,104
452,453,114
203,1562,921,657,1488,1533,1391,991
151,1125,93,528,1013,1126,379,1127,1128,1129
1225,1226,1009,788,126,909,44
910,1769,691,531,469,617,869
877,62,338
156,1743,1832,1008,430,1038
138,436,659,339,363,23,1322,1323
1564,752,215,779
36,1828,1654,69,1276,671,806
1819,1884,16,795,1646,1009
1417,673,852,460,184,1836,1132,730
1665,1529,1816,1755,1909,1331,635
466,1284,1812,1405,855,1110
1393,686,1326,1870,502,974,450,1761,476
1983,1171,590,1329
1285,1279,1572,1109,203,1811,212
237,1186,1227,1228,108
685,757
454,1304,631,445,209,732,763,77,1488,1020
1279,930,320,416,577,238
724,1595,168,701,1455,668,104,947,1061
1886,1480,1428
1757,1424,1457,919,125,1832,1423
229,827,704,26,1279,1280,1281,1076
1474,1307,1308,1620,1942,362,472
1546,361,1572,899,957,1662,233
463,895,1503,498,301,141,1245,1504,1117
213,1661
1050,329,1835,1261,218
1445,1754,1745,1646,688,1080,923
1543,1461,1544,1545,319
1210,1449,155,259,1464,1542,1545
912,913,190,90,861,445,914
1126,626,583,1482,1548,1557,813,676
1714,909,1347,1936,1930,1131,477
346,226,1101,1102,323
55,1794,1773,27,1218,1111
867,1820,927,291,1022,1821,1460,787
1611,1543,1279,1537,1612,364,1613,536,1429
1137,691,1191,136,370,171,313,1449,843
1949,494,95,1592,1040,1354,164,1732
1820,842,1958,1866,10,1232,727
655,1071,460,1969,754
953,890,1324,253,1851,144
162,165,1177,1474,1410,462
792,873,874,810,35,875,876
1594,1400,472,1247,1340
558,1045,1057,1156,33,550,1094,63
53,1934,1378,1504,512,1046,1182
1821,1857,579
767,768,769,770
1358,1027,1889,469,1767,1451,633,863,9,560
764,536,765,766
168,1061,204,1114,1638,1237,1002,529,969
8,1672,1473,437,44,1101,674,1754
930,533,1790,575,1032,1580
1646,1078,1217,323,397
535,536,537,538,539,517,540,541
1493,1064,1068,770,420,208,880,155,1726,1161
126,590,421,239,589,591,592,593,168
1394,738,1529,1796,1783,1612
118,278,1131,1193,639,1430,1559
254,133,764,450,504
1772,28,1065,733,1155,1902,1412,167,1545,1399
1127,1216,319,710,444,248,130,1758,933
492,30,493,494,495,496,497,498
262,1022,1769,200,570,1849,1002
282,853,752,225,1436
356,349,1056,58,1264,90,503
90,736,1433,585,1026,1364,980
44,1805,1838,603,1031,1759,1565,1069,558,1866
1159,153,352,83,694,1101,328
531,1018,1019,797
772,1945,361,148
1277,1514,45,105,6,1864,132,123
1396,364,358,546,30,1084,1561
979,1587,1115,1975,694
315,970,470,1097,1458,76,1905,212
144,1581,1328,720,64,343,1548
416,147,915,1696,1723,1961,920,340,1505
1826,1589,1237,1827,947,110
1328,1450,1155,809,1255,1298,1353
580,1137,1413,1015,1289,629,128,496
42,1588,1392
707,1600,279,1031,1526,106,1272,197
1689,1673,317,213,182,1482,1870,648
387,1356,1725,252,83,1077
484,965,966,967,513,233,968,317
525,1629,1606,750,562,31
1703,1143,1583,312,31,657,225,489,387
550,1049,1200,1419,169
1635,153,409,796,137,1547,433
914,729
72,1737,1502,521,760,1923,1328
890,1128,869,744
1549,1045,1550,684,674
238,1431,1429,1007,1164,489
1034,224,837,1035,1036,134
966,778,1479,1144
1579,356,921,1137,93,1962
697,949,771,1850,33,1884,548
433,1410,70,16,1272,1572
1296,513,1262,1268,875,1068,1011,681
1483,1030,186,1649,19,1650,289,1100
1639,597,1070,356,604,755
936,178,170,1326,1035
918,505,907,1663,725
1636,1890,1828,153,1449,1665,1586
568,694,977,1493,1452,1577
25,26,27,28,29,30,31,32
966,600,1139,1512,691
1436,857,997,1506,885,1255,1420,809,43,1507
933,934,935,936,106,564,937
1212,197,907,793,319,1094
633,330,357,943,525,1078
1617,970,1424,1383,544,1164,1860,1024,1252,508
942,500,893,1382,281,291
1013,1425,1968,1553,296,1814,1764,13
417,1182,1866,1887,1606,1729,169,1947,1573
1624,1602,1066,1755,1357,1320,1929
1308,260,1309,1121,948,1310,734
1483,1195,965,276,150,1647,1493,770,840
1146,8,434,965,250,1744,1588,1828,1967,1577
834,1372,378,218,606,596
505,736,631,316,0,1312,1486
1079,521,910,1171
1899,1849,484,1025,941,554,256,1108
97,1894,268,610,326,382,1466,1586
235,722,714,1204,1671,1716,1813
1103,826,287,132,660,685,1104,1105
130,1924,845,583,470
641,998,1588,440,1562,1646
618,1776,666,201,767,1095,597
670,1179,486,1050,1230,547,1231,206
1725,316,1628,449,1360,1369,564
433,1811,1640,168,499,546,243,1829
1219,169,654,872,1466,214
1304,336,86,672,1144,1387,1188
224,54,111,95,346,1057
611,26,677,678,679,680,681,682,287
129,130,131,132,133,134,61,135,136
1459,274,1011,1529,543,1092,1423,1065,1649
684,1830,464,1126
1819,1401,1339,1357,1809,418
626,1339,1138,1038,1593,1163,519,777,1792,1539
728,545
929,452,685,1948,1820,877,262
325,326,327,328,329,330,331
787,112,1854,517,528,1674,1633,922
1735,829,1546,171,1704,1911,1646,346,1741,333
1317,1919,1193,1929,61
1615,1790,336,1698,294,643,384,1745
390,380,181,391
251,543,544,545,546,547,140,421
824,825,826
644,936,355,708,253
1338,327
1052,374,1265,144,1879,1465,1094,1880
1087,1581,1389,633,197,533
478,1919,1396,1541,510,244,323
306,1188,1066,981,456,1189
406,514,1251,472,1633
28,1328,1846,1038,1642,438,1907
868,1597,1023,1108,1463
339,1199,1280,760,1595,185,1202,848,885
229,388,1567,337,1576,66
774,1021,1621,853,1171,1218,372,1212
473,940,1495,780,1435,1517
1538,7,1506,851
210,1264,1265,236,154,807,744,1165
610,1866,1909,1027,1400,1391,551,1180,1265
1424,878,1269,27,1338,753,887
1759,281,1256,1017,914,760,956,1899
1714,1715,1530,559,1098,601,1163,398,1623
571,1879,611,24,1557,649,412,947,782,1241
169,1486,56,1707,1386,1369
1427,872,1428,1429,1430,1203,592,929
785,748,1289,720,427,979
889,1061,1714,1374,1396,554
1058,1888,1349,519,1373,579
1793,84
1039,1076,1659,33,1660,1373,1056,1347,1100
1505,443,860,1655,911,1167,1821
477,165,88,22,1405
1413,599,1414,357,541,828,397,253,1415,1275
1643,940,7,1229
563,1590,205,461,435,1663,192,1080
957,958,959,960,961,962
1802,1564,1331,1158,551,209
1292,350,474,1486,696,1330,750
644,1483,53,298,1219,38,976,922,667,854
1269,1063,925,1525,1454,1058
412,103,572,1362
1055,1869,34,940,142,1555,276,1470,879,1608
364,1103,1021,1859,525
1809,1810,966,836,464,826,1213
697,234,1534,738,290,568
238,763,1469
1552,312,1641,733,520,917,1242,1314
1555,1053,1049,697,967,891,1864
1675,1525,1322,106,829,363,1276,1663,994
563,658,222,659,660,661,223,662,663
514,856,1484,1513,1808,100
1938,1274,752,1742,81
995,1153,345,1069,190,827,893,1441
1418,1139,1419,1420,1084,1210
715,215,675,498,1786,1580
716,1754,481,1059,987,962,1598,1275
223,1760,222,1241,1798,546,41,603,1451
180,1655,1978,1939,457
329,1155,287,1987
499,1123,1254,1568,1233,1199,1687,1582
973,224,100,1220,676,942,91,1966
1339,1907,541,387,1149,556
1727,1728,161,1140,1488,0,730,1127,1249
1024,1527,517,979,253
440,441,442,162,443,444
1376,1571,1483,251,782,1050
1562,1338,1614,1679,1581,1622,50,70,1218,482
1670,756,1197,340,135,660,626,409,1120,1758
827,1778,1084,306,1807,1307,18,83,1531
1066,1871,111,887,1458,1788,1425
150,1420,1501,1088,908,397,401
591,1287,1762
882,1253,1745,939,1565
1326,1280,80,1319,314,746,830,226,634
833,910,879,911
1327,1480,1251,616
248,399,694,1545,452,39
707,750,14,1050
1524,1170
1252,1253,806,448,1254,1053,1255,1256,1257
1686,1955,1428,767,1244,569
1247,1674,1271,138,895,1036,878,894,1821
1253,188,1217,508,1723,232,702,1295
410,967,1780,1781,707
1873,922,1493,798,292,999,356,973,629,1159
490,1688,1250,1441,1575,483,468,1573
332,333,334,258,335
1710,1148,202,1447,1766,1808
666,704,457,1008,481,464,1783
1011,59,1188,528
86,685,1036,78,1085
666,558,1801,1775,1598
634,635,636,637,638,639,350,135,640,641
297,832,1819,841,1126,958,1779,545,628,738
1617,97,1075,1440,401
1923,1832,685,64,1050,1590,340
1970,1385,717,117,261
1120,1367,653,1645,1286
1387,333,22,1492,544,57,1984,1404,826,1818
1118,1846,44,1205,1441,370,585
1294,746,4,1295,1231,87,827,1146,732
944,910,945,372,516,311,914,946,947
189,150,190,191,192,193,194
1522,994,1835,352,1434,1878,1747
1294,1042,464,1785,98,517,1155
1835,1145,1207
1129,338,1338,1339,905,1081
137,1917,634,1886,1223,1435
121,100,1278,1693,1354,338
287,482,1798,1921,798,891,953,1628
1150,940,1080
671,992,567,461,993,977,875,994,279
465,466,467,468,469,470,70
397,409,649,1806,1141
489,186,680,510,41,334,1551,1105
95,96,97,98,99,100,101
618,1778,119,803,148,1221,853
1319,298,1451,537
1829,1813,1656,239,807,1947,1729
400,607,149,1166,1167,1100,681,636,862
358,1713,207
1435,549,1450,283,604,752,813,1693,1694
1004,837,373,1339,381
331,1862,604,201,1843,896,780,543,6,1863
698,349,1204,266,504,216,801
932,1323,751,1212
408,1713,966,931,509,1270,19
314,172,952,1298
919,812,496,1445,549,1902,1176
177,1941,628,481,1091,408,1676,1476
1827,1366,773,1421
763,1509,1957,1076,1747,1464,1124,88,1616
1638,286,1461,1639,685,11,1183,1098,877,701
1021,1240,1769,1594,601,1035,737
294,879,774,1134,1552,1497,89
1704,302,1668,1591,1138,1493,1462
1780,154,1485,846,1354,538,330,1368,1550
1035,1152,59,1590,792,81
368,701,250,639,1908,253,1312
186,119,443,1422,738,887,1039,617
843,938,266,202,378,14,582
1040,1155,677,844,107,1218,311,131,942,1691
515,1299,912,874,1396,1422,147,1572,1969
12,1471,1437,1804,854,1767,593,1349,1022
1624,1514,1625,1626,1484
939,727,1376,91,407,310,1174
1301,907,979,534,1302,865,943,1303,1050
1680,747,761,783,1719
1798,843,997,1620,1591,1245,1917,817
254,1104,1096,1565,1884,83,543,1600,1669
1551,1589,1042,653,1328,348
1854,812,1843,119,496,1069
894,197,895
137,138,139,140,141,142,143,144,145
55,142,727,580,924,867,1293
1030,1418,1157,1416,1801,1687,1095,1615,598
272,1562
963,1397,1973,1942,17
1452,1479,1583,664
104,1080,887,1020,825,1081,680,329,1082
159,1168,77,166,1169
72,554,1397,1875,1876,1769,1262
1128,1606,1012,1998,901,525,660,1150,1065,1264
693,1096,1275,415,1484,1121,125,609
1674,1498,906,79,1531,1504,1347,339
652,55,1829,1080,1341,61,573,1678
722,236,1400,1236
762,229,1735,205,203,1367
437,1484,1196,1485,1486,1487
768,1467,534,317
1211,317
1725,318,1499,1879,1815,1112
698,624,733,914,1065,912,1852
1212,779,83,751,650,564,856,1229
1424,1884,1809,108,717
182,1618,1648,1719,619,1228,1762
1274,1396,828,148,1234,1079,150
120,1807,159,707,1848,1075,1897,341,1902
500,1844,1494,1435,126
1309,140,108
430,431,432,433,59,434
201,1006,541,1007,380,1008,443
1657,1142,1155,1667,329
785,1637,1234,778,81,105,1863,27,1045
405,174,330,1651
1631,888,672,134,883
1471,1160,132,79
212,537,969,441
1073,963,1105
276,1222,1738,1519,762,105,1361,67,609
57,58,59,60,61,62,23
1900,1590,512,1049,1821,1513,628,746,501,1731
701,262,426,1163,1882,1447
1454,561,605,1383,467,1455,220
1473,1858,1442,656,202,659,862
676,225,1375,1328,902,6,1376,1377
1979,1615,1390,1633,152
1244,1245,350,1246,766,466,1247
1492,1110,1189,43,1019,1159,282,567,175
883,176,905,1288,441,247,627,161
669,1052,921,1053,1054,499,104,1055,778
1382,1296,705,1103,1621,1853
112,476,477,478,479,480,380
1349,1654,1171,1330,1356,612,236,1716
418,419,420,397,421,422,423
1786,702,479,1154,820,666
120,336,1842,1370,875,230,1432
354,1327,507,477,181
1049,142,1075,1627,399
941,609,1565,608,853
788,789,790,791,792,793
1873,1272,998,1388,1709,537,951
1130,1521,229,1757,87,489,1673
68,240,1615,1097,159
214,215,216,217,218,219
682,804,1395,194
734,1062,414,35,957,727,218
385,647,1721,1875,514,1139,60,1525,1703
1447,601,875,418,1803,1601,551,667,713
1326,30,530,1581,108,742,1899,5
864,465,161,865,866,867
747,634,1041,1433,444,1521,58,879,1570
1940,756,187,1695,1319,1046
1813,1858,1725,1628,488,1204
722,1426,508,1169,1365
552,729,711,133,1721,676
1492,1671,530,350,1663,613,1140,1480
1690,335,1691,1692,1158,1675,708
1228,103,1246,205,1049
1776,646,195,1281,391
1376,1532,931,1984,1066
527,528,529,497,530,531,68
1567,911,1393,775,1558,1954,650,422
471,294,472,473,474,319,475,289
1220,1689,1075,1578,78,1734,1662,1445
644,362,1695,1512,1622,1459
1899,1286,7,885,520,1198,1327,1878,1463,785
581,100,642,643,4,359,644
762,1157,1855
268,1813,1098,180,1576,1706
1241,1138,365,361,843,312
1662,1945,1818,1982,388,1599,150,1299,1060,61
954,532,1478,204,508,1405,1559
1301,838,1749,1481,315
761,1086,1087,714,428,1088,1066,584
1710,399,1129,1594,849,1918,1071
1621,533,912,943,96,1919,1241
1721,1399,346,471,880,1043,284,373
1219,1154,343,134,726,773,1017,323
1014,179,1676,1549,1639,1499
1135,735,382,1521,1618,437
967,85,285,1730,7,1777
243,1337,92,1938,1351,1787,929,1844,1686
330,585,1249,1032,1217,104,461
3,1612,937,1656,128,1223,1657,329
1359,1212,760,833,1026
563,1760,1303,383,925,1493,260
845,913,798,1864,1441,77
1153,1477,1478,1479,893,583,1480,1064
928,905,1748,873,382,338,758,372,1700,1893
80,556,320,38,475,948,221,1350,1961
384,626,1612,1837,1865,94,1467,342,814
102,103,25,104,105,106,107,108
477,1845,40,1755,1605,1291,1370,1969,581
698,699,414,176,700,192
1482,132,1565,1212,382
480,221,742,697,743,202
363,1667,1611,907,1810,1366,1986,754,968,597
85,979,126,1610,232
1,1980,425,1575,152,1297,650,960
524,440,1307,1389,1974
1103,1047,1439,1440,302,770
404,287,542
1850,473,689,1289,1841,1509,1854,1834,108,331
217,1440,1065,801
1136,1137,1138,320,203,180,1139
755,631,1594,1958,417,1110
133,1166,990,230,804,911,1826,475,75
1068,2,1193,153,1286,50
1253,879,1372,1672,715,242,1688
1386,1362,273,664,972,87
1117,886,1118,394,722
1171,1535,478,1781,1523,464
1058,1341,64,90,1171
1108,444,1257,387,516,951,1603,1990
1297,530,44,1535,1520,290,374,691,513
278,1407,1389,1231,333
1864,1865,379,1510,86,1452,417,700,850
42,1847,892,6,739,1103,281,1345
1697,685,757,1189,704
346,1061,965,1653,176,1033,1619
1909,406,1432,1829,1281,1684,214,131
873,245,1718,1787,1746,1254,727,1924
1594,1833,1221,1496
776,1416,1762,1763,423,106,1498
1504,621,249,409,1832,19,1833,118,879
1206,1572,29,1961,233,1631,1581,612,1132
1856,467,849,80,399,120,1224,920,1298
346,595,256,163,1903,889,218
72,443,1693,168,1244
1303,1556,1010,167,910
919,239,901,1242,460,1454,427,396,1020
1924,70,172,1857,660,985,1284
1176,1529,413,654,85,1548,1897,977,1017,1558
1904,1780,170,1680
411,570,1549,814,492,563
680,988,923,192,48,1631,1646,261
1407,133,1408,958
242,1070,325,1258,98,1194,36,665,1432
1387,1577,209,1928,1252,226,228,932
296,912,1739,1738,1401,1700
1510,858,215,1463,1186,1871,1930,596,930
714,991,1417,1514,1496,187,1301,831
1427,1077,423,1231,1208,158,737
1380,501,1761,1610,1004,1919
1738,1003,727,1711,202,1833,248,1215,1233
486,212,974,3,1912,806,127,1339,1767
169,1643
1075,1112,1919,1070,1553,123,1715
1980,1764,374,886,204,1075
46,1143,14,1907,1687,1562,67,1097
307,87,308,257,309,310,62,311
1020,1710,963,1122,860,726,1947
186,931,1862,39,1778,370,337,628
1092,552,1545,319,1718,941,1133
1347,896,119,1000,1138,69,918,1204,1348,693
1287,1085,1698,941,1978,1453,906
377,1643,1244,746,1434
60,1840,865,1031,1629,1289,186
918,1750,576,1248,1777
998,1333,1520,1001,70,199
557,14,1123,192,450,598,753,1679,28
1469,1620,804,1543,1287
281,1039,159,1669,890,1448
1028,33,414,588,977,251
804,1851,801,1138,1295,430
1190,616,916,505,1745
5,525,201,526,31
563,564,308,214,129,372,565,566,253
1745,189,1429
494,1114,1446,916,508,114,951,895
706,150,750,465,1809,1423,1857
995,996,997
678,914,1110,1057,1351,661,699,794,1632
1340,1190,217,677,1341,1250,740,1342,745
1716,1334,1241,1473,120,1898,1869,1656
896,1833,1364,1949,693,91,25,221
645,646,647,200,260,648
0,1803,1773,1173,155,825,1110,1122,828
204,825,77,226,1035,1273,1575,1641,213
697,624,493,370,125,890,1080
942,807,1130,1884,1885
1259,656,468,1437,1438,279,1434
755,685,1909,1079,664,1980,1557,168,640
599,1853,1919,52,1920,1536,92,1889,744
139,391,314,1071,1072,1073,78
322,1103,1104,1014,38,557,1695,1578,1426,479
1819,442,1127,1801,1830,1201,1477
1491,854,266,17,1499,1602,1478,1362,1019
114,1252,1807,999,1010,880,832,1042,84,849
1497,976,1580,296,1642,1867,1762,1882,1331
1438,848,532,1649,1260,1867,189
1055,316,654,1243,1596
1839,115,1464,229,1272
1703,1515,1350,1877,1874,851,1202,1849,1322,1141
430,1492,17,1557,1558,1408,767,59,938
963,780,1467,647,167,111,1700,1043
1231,689,1183,615,85,177,256
301,553,1863,900,1773,1630,144
161,1526,486,1402
1325,1235,555,410,637
542,209,1764,298,434,673,873,1441
1482,1296,1384,1016,140,41,1810
1281,1960,312,502,1242
1030,1239,761,315,816,1437
363,364,365,366,367,368,369,370,371
1048,1696,1041,1244,304,399,154,1082
1068,1214,968,750,1452,850,932
1550,69,1391,168,245,514,638
536,713,1417,1577,1578,1440,169
1084,679,1767,1078,335,1221,1348,1457
755,1440,664,744,1594,1330
1508,4,1209,1509,139,516,1510,1364
549,1918,1957,1844,1590
307,895,1132,1754,300,17,544,1930,1674
1568,631,1933,1775,438
1400,700,1515,1087,1516,1517,1518,1409
641,1323,1397,1080,1896,1256,1678
1026,1711,106,827,901,15,570,1201
310,1684,406,42,1651,231
290,237
526,1880,807,1227,318,1524,1019
870,892,8,956,515,1517,1874,209,1079
1498,1367,696,1079,347,1391,524
976,455,1351,169,567,1409,941,407,476
1206,518,967,1735
1293,349,1548,861
923,1735,307,434,1312,778
508,1172,1430,667
1000,216,1709,1116,185,774,1536,1372,1090
966,164,661,78,1068
1062,1519,824,1520,519,642,1521
82,1684,449,1685,1686,469,825,710
1207,902,1105,1726,554,237,1984
1665,263,599,1191,1577,769,1412,180
1586,623,1587,1477,968,658,139
208,1419,1748,616,1782,378
930,491,401,931,127,454,932
753,1144,273,1145,30,440,1146,1147,1148
1724,553,306,1311,498
1207,1725,593,1769,1242
1358,40,1615,1909,1629,1337
1234,86,1235,1236,661,1237
396,1383,694,508,1384,363,908,812
754,791,1485,310,314,1188
1435,934,1589,354,695
1679,1636,726,1707,1002,1228,1053
360,1886,700,941,551,899,1679,1824
753,1532,1062,171,141,1512,1734,680
247,329,199,1048,1796,1844
482,915,1629,361,678,304
1974,741,328,167,1129,1343,950
1246,1089,1791,9,12,1404,490,1972,1266,56
443,16,1524,1297,1362,1945
21,26,127,128,44
1438,10,1025,1507,1605,0,876
1545,319
1605,416,1037,961,1962,1866,771,389,322
1020,17,1021,569,1022
476,1157,1133,1863,680,1549,1333,1703,172
1908,101,1389,971,1011,1487
117,1688,877,390,1002,325
231,1218,1700,246,1682,341,1568,244,1819,148
1849,1062,1245,1425,492,1796
125,1406,12
426,1154,214,132,585,538,1054
702,1071,1476,976,232,938,415
1200,1463,145,777,1426,1221
1013,1004,349,543,1141,678,484,15
1110,785
617,538,748,922,1242,1278
941,537,1810,970,1317,1420
844,196,978,739,35,631
528,592,801,1195,1432,15,287,1433,1434
1102,1153,80
1699,187,331,1219,1489,1583
1943,416,221,713,1542,932,1578,682
151,201,192,202,203,204,205,206
378,1869,821,1754
144,631,632,633,93
309,1440,1976,158,1318,652,1726
52,1824,1434,790,1095,431,977,887,233
778,1533,1448,1157,1523,1951,654,1803,1865
195,196,197,198,199,200
1209,1220,693,1585,779,842
1936,1060,636,935,1320,878,1715,484
549,1036,1201,56,235,1591,1592,1437,179,133
449,1303,365,1711,843,1536
1170,1484,1461,215,756,817,1644,733
987,1249,745,424,635
911,1385,1312,227,1175
0,424,425,69,426,381,427,428,429
1922,54,742,1433,1733,317,33,341,1444,1338
898,309,484,1584,1642
514,1545,1519,179,963,516,1609
120,664,221,665,463,349,666
667,668,669,670,514
1784,208,1785,740,460,1545,912
748,1946,523,897,969,509,320,1419,174,863
1479,1156,285,1261,110,980
1511,787
1123,1524,1170,1488,729,1200,810,1878
1729,1658,1218,1526,966,1171,1241,1730
338,1427,1363,1939
62,706,1607,1242,1334,1820
1597,1341,216,1696,1475
1601,1153,914,1157,659,326
748,1114,1115,1116
597,557,459,598,167,599,600,601,245
1946,198,1153,1335,206,506,1510
425,1337,1021,630,384,309
1089,871,303,1767,590
1145,405,1323
1337,331,184,677
1749,54,8,87,1629,906,152,1065
654,655,249,232,656,657
788,1382,1622,1205,930,105,1716,15
239,240,241,242,243,244,138,245,246
159,160,161,162,163
612,1045,360,850,87,870,1419
677,181,921,1522,793,604,1523,327,974
756,1149,667,717,1932,1164
1223,1060,946,704,1314,1188,724,599
754,181,1740,854,399,552
171,983,1463,651,445,545
218,1232,423,1233,1111
497,1825,1474,424,747,1984,1848
1887,1352,407,1627,464,307,356,879,386
211,236,1241,1080,597,364,1823
931,1541,819,1222,299
1462,585,415,797,147,1463,1279,342
117,272,1328,582,472,1403
7,8,9,10,11,12,13,14,15,16
1258,782,1684,154,766
1292,1352,1313,666,888,588,1284
1458,831,147,1977,58,1591
1919,413,177,1051,1643,1545,1946,1312
602,447,355,603,453,604,605
444,959,539,451,307,375,470,363
164,684,685,686,112,687,351
904,1724,1349,1920,1051,219,1732,1164
1863,466,379,718,1089,1073,1315,1637
385,1425,767,443,1559,1257,1609,958,574,1804
402,403,404,405,406,407
1335,1207,680,1900,127,759,1053,856,575,148
282,94,1374,135,796,1940,1329,1412
1048,1224,1858,1556,125,69,1832,904
1379,1289,104,1848,1800,355,1852
921,922,923,924,925,696,926,807,927
1421,1140,445,1414,24,1086,1531,1532
1475,772,1512,1434,1870,1927,742,1787,1773
1868,1499,1452,1525,1823,356
1902,1790,996,1419,452,833,1421
1646,665,1140,1102,822,1085,88
375,1562,960,1201,54,1678,1513
53,975,1238,1571,656,159,894,279,1967
455,1022,1220,124,149,497,1629,868,1705
143,1449,150,1229,1828,1544
844,1048,274,1334,1669
576,20,1335,1481,354,1687,903
1071,1237,558,1977,535,781,460,1100
272,273,274,275,276,182,277
1845,646,1830,1898,492,1861,863,891,1225,277
926,247,1630,529,1402,1341
1746,1447,1671,1260,1603,1642
611,729,510,97,1671,1776,328,995,966
1759,1215,677,1363,1050,1068,1124,1760,1476
224,345,1719,1193,1917,802
1271,1478,1456,522,192,1664,1342,1983,1496
1046,840,857,1047,1048,1049
1141,1092,388,1788,153,798
478,844,845,695,363,846,642,847,271
186,1316,468,1507,626,483,121,183,1897
816,472,817,818,819
1058,515,467
1976,319,1712,1648,1348,1862,788,482
959,1335,108,410,514,983,1043,1168
170,171,98,172,173
1574,1698,1655,1893,23,4
1491,557,25,63,1526,4,684
1525,983,1069,1448,1962
1551,1932,6,600,1735,726,330,1128,1423,422
813,1947,1930,507,969,422,1065,1917
583,190,584,585,586,587,588,10,589
1057,221,1446,18,1990,730,682,1477,761
408,554,1941,268,1929,1331,531,1309
1662,1180,567,887,1146,545,1207,1890
1526,164,99,1416,1660
524,1725,670,1956,1894
145,1231,142,33,941
720,632,370,1266,973,408,1267,121
1778,1122,730,1176,107,1257
1361,1528,638,552,1317,1699,1295
1230,1746,903,1747,1748
456,1029,1080
1847,917,715,1426,1509,143,414,1220,760
407,1718,296,1931,1688,50,705,663,521,1209
68,69,70,71,72,73
1321,1675,1461,1403,1411,1603,1580,1291
219,846,12,793
705,1096,268,1634,1550
1601,731,1064,1216,1484,1056,1935,1989,1213
588,218,619,536,915
789,80,477,151
999,920,1946,405
1586,1818,1643,646,445,1076,620,1405,1609,127
1563,284,1760,859,647,79,216,484,928
1297,564,717,1476,789,1277,1145,399,528
159,1608,1559,319,1466,1872,934,1199
1198,890,1393,1337,203,1012,1415
1234,591,1988,1233,1680,639,219,738,1125,1983
1639,71,227,807,259,1647,475,287,1586
452,170,959,1296,362,1359,1004,1730,623,761
664,1926,754,1865,1959,1568,146,1489,1459,867
1834,383,1835,170,1240,875,737,1535,1290,1823
672,916,870,1298,31,1512,1513
1449,1089,1597,1159,249,1197
117,1983,1370,802,208,628,1931,176
1418,1786,1595,1847,139,1939
278,279,280,41,281,282,283,284,285
228,229,230,231,151,232
1520,985,1031,381,1752,1979,1256,562
1336,731,1714,1544
1181,252,836,1963,150,1382
1789,856,1738,408,1658,1178,1645
298,110,1881,199,873,443
1817,1537,1622,344,1527,1648,870,662
1172,221,316,493,983,806,1855,1846,1488,681
1087,450,445,895
963,586,732,747,983,176,1261,1262,138,1263
1544,773,1609,1103,1208,1630,101,1325
1367,1453,1334,618,370
413,122,1734,178,845,1972,785,496,1218
357,1175,1255,590,1036,30,307,642,1186
1217,224,1003,799,418,267,444
598,543,1937,1178,198,427,7,1296,759
1274,78,1275,1276,1277
457,1357,1265,211,1591,1605,1773
516,1006,544,833
1092,412,1596,837,1113,15,560,490
1768,1432,1905,1448
565,1805,295,1672,1031,3,1907,1407,1917
1932,833,162,691,1933,1262,88
305,1317
106,1931,43,1746,658,298,28,700
1914,1624,48,209,504,803
1530,1053,112,1054
1922,1950,598
1846,374,1478,996,766,1086,1698,1847
631,1872,537,1109,822,1419,1418
834,1162,338,801,1252,291,762
1602,314,202,1292,143,139
598,787,742,948,754,1549
134,84,154
1359,318,702,1540,526,900,190
17,18,19,20
1110,1735,987,1487,1853,1516,1484
109,110,111,112,113,114,115
1731,1821,991,1107,528,45,844,1765
536,506,144
835,777,653,1676,60,959
55,1350,259,1954
1322,372,1942,528,284,1655,1873,1105
882,1275,539,1355,146,1748,188,607,183,841
1817,1600,1925,980,1022,752
665,1122,306,527,1179,787,1180
1450,1136,717,1458,1516,213,174,757,1518
453,1698,839,953,1974,1366
660,1753,802,1309,364,1731
765,1332,358,74,44
221,1228,71,775,471
877,878,879,369,880
57,1073,584,852,223
1416,1432,1408,781,1840,1636
1662,1321,114,1591,1387,771,988,1545,155
840,443,1763,1257,311,1037,1741,874
608,1767,1079,311,1399,522,1151,1679
697,53,906,750,1176
1757,502,1297,1157,1879,1328,1507,0,719,602
1663,1113,842,1269,996,652,870
357,358,359,360,361,362
1175,930,1754,249,515,1544,405,807
991,1567,1941,849,1623,1579,410
6,1825,1547,1938,803
364,1908,931
1099,1362,1196,1383,1317,1709,948
631,1468,1348,1699,1361,1007
775,490,432,1376,1262,674,1096
1211,317,1469,208,1542,1515,1208,920,1152
153,1137,1463,1208,1172,1632,782,275,1600,579
1705,1370,1580,1624,969,762,1706
1771,608,611
156,892,121,1832,1950,831
1078,1079
1599,83,650,690,977,1462
1032,78,115,343
136,1379,553,1147
1029,1030,1031,1032,1033
521,376,1786,1505
174,175,27,176,177,178,179,180,181
1343,1344,753,1103,1345,310,608,1346
685,1372,701,1487,756,1934,1611,805,1818
1875,6,1164,833,1180,849,1490,631
1102,1547,155,1085,1232
751,752
929,1939,431
1876,681,1233,1314,1160,1566,502,1051,1077,1026
868,1070,312,389,168,1163,1528
715,716,717,718
481,482,395,483,484,485,329
1689,656,931,390,1946,648,1973,717
405,294,1716,1321,371,257,384,1918
826,1745,1510,848,211,972,660,1144,939,1738
549,84,768,1709,1219,1455,523,1543,399,1137
1656,929,698,1667,6,7,958,18
1667,990,1233,844,1689,1010,1473
503,102,275,807,1304,143
121,1814,750,1536,1921,516
445,446,447,448,202
722,1497,1988,1983,1453
1494,200,1495,1478,1007,1496,707,728,1221
564,1510,18,710,1928
449,1249,981,229,238,1632,1665
1288,260,1152,285,732,1716
428,1731,1732,891,547
1077,230,1858,1296,742,1543,413,1765,1003,317
247,407,371,739,1768,958,1769,435,1770
1369,1370,17
714,1177,1494,1589,452,1640,1279
811,577,233,812,743,813
859,616,949,1513,1573,1943,1704,879
1138,104,1933,164,288,1724
373,127,478,1787,153
1870,1727,334,174
286,827,1161,1780,972,1130,258
1125,1269,698,780,1692,1600,316
1616,1184,1800,1227,553,1419,1957
1500,1567,1619,594,1188,370
1356,1358,413,1574
238,1478,1213,903,1791,655,1885,668
406,555,274,172,556,557,174,558,209
1345,1591,892,1150,1186,665
852,388,1173,1297,1304,1967
1959,174,326,1830,113,429,536,71
951,834,787,567,695,378,1755,1041,389,1232
979,50,697,440,754,749,381,370
9,947,190,1420,1005,1672,977,1314
144,1628,234,1379,1094,838,1629,808
1280,494,1508,985,220,456,1416,1514,1169,135
1830,815,1406,986,401,778,560,507,47,834
598,330,670,952,1337,80,248
548,1440,1844,411,1185,67,708,1779
1132,1702,1859,1466,104,638,707,1266,224
112,510,511,512,513,514,515,88
1142,1078,750,111,225,1263,693,1410,615
1634,1243,845,1635,900,1433
976,546,332,1538,1651,465,1180
927,988,1213,809,1897,1999,1493,1260
1695,9,1674,868,899,1589
1730,1007,57,1156,1920,781,1061,439,211,1271
1739,619,1555,523,790,971,121
400,1390,487,194,1895,928,1231,1420,1146
1446,1374,1536,632,773,753,834,894
1751,1920,802,1503,1511,325,1357,28,1131
1797,1871,737,346,186,1850,1827,1017
1196,1900,349,770,1528,1816,92,393,1222
744,745,746,747,295,748,749
127,1877,1888,858,287,1258,1114,325,1260
838,896,897,898,221,899,900,382,855
1531,1259,611,1755,861,249,278,252
49,50,51,52,53,54,55,56
967,1234,262,835,108,1562,1878,50
21,487,1950,1277,1968,974,982
1835,1231,1780,1175,1223,1682,1068,485
500,75,1069
1794,1537,1591,646,385
777,1371,1211,317,589,900,1243
682,1591,683,589
155,25,1228,1448,1082,1477,1547,490,1695
1372,6,229,1321,1444,801
1540,710,1250,1011,1065
223,1322,1010,1349
382,149,397,825
882,1142,1040,860,1532,1668,106
909,1193,1295,406,570,290,45,1872
1115,1447,1424,630,1295,158,1431,1068
1254,365,751,1443,158,607
858,230,859,860,861,862,863
1236,292,1050,841,334,668,895,680,1012
1102,1683,893,1023,1836,1525
1578,1685,139,1394,1041,273
987,1457,831,4,1792,219,658
1294,1224,885,917,1236,1438,806,1587
675,1547,1401,1804,1393,217,346,320
1161,546,1794,449,1617,1861,1546
392,393,394,395,129,396,397
807,771,1483,1316,1764,927,144,290,1450,1089
77,78,79,80,81,82
1493,108,540,1466,358,685,757,935
1129,1349,770,1052,665,286,1101,1076
983,1774,1696,1673,1259
101,269,780,503,1119,1519,1377
662,1381,756,1573,1581,931
1101,486,725,1620,1705,484,1284,1471
659,359,225,214
74,1842,457,1843,1692,510
103,204,54,1253,1100,1131,664,927
630,1185,538,1716,1777,1818
1244,1193,1686,1149
927,1783,64,1600,70,508
1680,626,1366,1199,1681,1682,1228
1458,1121,1935,311,596,797
1952,636,395,1113,642,1278,772,1167
1401,293,1081,708,808,1744,406
668,37,828
1204,1582,502,1008,1007,1145
562,85,175
1074,1075,1016,1076,1077
1742,612,1430,945,1538,748,866
541,141,1538,840,1322,503,1350,1633,969
1561,552,251,644
628,1009,508,594,1010,397,1011
644,1836,1351,761,1406,713,1424,427
90,686,776,204,197,1577,708
346,695,696,697
1354,1098,1583,357
302,423,1142,1617,427,828,605,1395
1237,892,678,920,1636,1637,1629,1281,1132
1385,192,1386,1387,1380,214
1792,1504,214,380,1700
861,1952,1455,1928,412,1064
1298,22,128,1090,1284,695
871,1837,1153,125,1247
1311,1312,1313,426
567,568,569,570,571
1475,1854,380,489,1484,559,1409,1717,1747
616,298,649,10,650,651
1958,1345,343,1542,257,571,1476
1313,660,29,1405,775
677,469,651,1329,1248,1784,1128,1366
403,662,1155,1536,1444,627,1152,1086
276,1081,1663,1109,1646
1225,1795,1329,367,1867
1150,1151,102,958,1152,1110
1793,17,304,601,118,334,338
408,409,410,411,412,413,414,415,416,417
1657,1670,144,244,1953,1376
1265,1912,1451,1211,87
1588,485,1359,1244,1485,546,1589,1590
1418,573,914,683,143,765
1567,1568,1569,1471
1507,1209,79,113,1750,1672
680,1625,555,683,1788,937,204
1950,739,1154,367,193
1442,722,740,1700,535
594,588,1145,1549,664
1535,1218,1471,1964,1627,1965,1363
1908,545,1260,1642,849,164
1731,1582,1173,22,1346,1420,1674
1673,1947,203,113,851,1501,1893,871
1062,812,1585,556,814,1738,1395
1321,642,1732,1318,1045,146
1650,769,457,658
1623,1456,1986,1991,1580,1025,1286,1954
250,1416,837,1417,711,1076,481
264,1683,1585,893,1807,1550,1552
963,503,733,279,964,351
1475,1245,1299
838,330,1894,856,1598,1788,1056
1405,1181,189,398,910
1314,1202,1411,1699,769
182,1845,1285,1500,725,771
754,494,755,756,757,562,758
746,1004,108,1135,1489,173,1901
1538,482,301,1978,1043,643,733,1638
82,247,248,249,250,251,252,253,254
390,1754,671,1862,513,977,1553
538,805,1110,1111,1112,435,1113
836,1017,98,710,268,1551,1067
492,1213,1088,407,857,297
536,1532,1672,1824,699,682,1349,270,1290
1945,936,1412,396,1617,268,569,1946
168,516,517
90,1032,588,504,302,85
248,1853,1688,698
330,1618,1901,28,650,1907
484,865,568,1374,92,174,683,137,753,911
460,1045,226,1459,1460,1016,1461
20,21,22,23,24
995,1099,546,317,1167,1737,981,1422
311,163,1843
892,1304,449,1188,269,1305,63
468,383,254,26,995,598
1263,1536,1751,592,1957,1225,1912,1343
589,472,1490,9,261,1608,867
810,277,1547,768,826
522,695,685,173,1937,106,1665
1570,1571,651,1017,1006
1190,1852,1425,942,774,353
20,1745,69
923,1739
935,503,756,1795,960,1010
1851,1009,161,1025,1788,644,69,750,1234,346
186,457,588,568,56,1725,923
159,802,1333,57,1928,1946
926,1535,397,1791,1754,121
396,418,1019,1324,1325,948,288
1609,1861,1520,196,543,1438,1908,453,493
905,843,136,906
1903,1194,1470,274,1487
583,682,701,777,778,779,117,780
1196,907,304,634,1197,1198
417,701,153,1708,1258,546
257,167,403,390,1401,1402,722
508,1345,315,1453,1784,1281
719,720,721,722,723,621,724,725,726,727
1454,1054,620,831,1509
1929,1305,1279,563,764,1114,719
470,449,181,1059,591,1387,1297,590
475,186,1403,667
876,1909,1826,199,1349,288,588
1796,410,1471,1797,920,342
1135,28,431,851,1584,337,272,933,1951
1503,687,1211,765,34
100,878,1822,45
1934,232,1985,174,583,1671,1673,133,617,333
803,1021,1253,600,1191,63,6,1392
886,451,182,824,372,343
667,1898,1723,82,548
1387,723,216,26,1668,106,1078,1520
1271,1745,1913,844,857,1914
905,1350,1232,1290,1500,720,1587,1505,1145
1413,999,290,1348,1644,714,176,105
951,804,1348,794,722,730,1751
153,53,1314
363,1517,878,727,1299,1704,249
1103,743,556,1516,1619
1299,1148,1684,472,1723,1817
34,278,390,1352,859,833
175,1919,432,1304,1801,6
342,343,344,345,346,347,348
1372,1140,1234,499,1498,1633,693
1109,865,850,584
261,581,1238,1239,191,280,1026,289,21,1240
217,145,1663,304,1664,1641
1759,212,590,1277,1900,1151,1791,371
1134,97,1795
1246,803,1822,1772,33,1041,329
1062,938,1063,1064,1065,766,1066,3,643
791,973,1281,1288,561,1628,664,970,861
848,849,850,851,852,622
1535,602,439,1377,1584,705
545,478,806,651,561,451,621,1403
1013,279,1809,1819,1325
1070,1887,1966,345,588,63,176
887,420,1669,1982,1334,130,623,959
1902,563,1791
705,1631,1858,1854
1318,93,1333,933,283
1551,1523,662,1311,1239,1264,772
376,996,139,1814,1040,1850,1624,1851,1060
262,263,264,265,266,267,268,269,270,271
976,1684,710,1491,942,60,1769,309,350
234,287,384,1941,1646,1682,91
1930,1943,511,313
1523,166,1706,1755,1297,364,1949,883
524,1370,716,854,872,1495
1864,756,1837,921
1318,714,1339,414,1890,1891,1280
1135,1857,1133,287
1496,1034,806,36,777,389,1345
1603,1714,363,1459
697,1679,676,198,574,1584,1446,572,1118,537
737,1160,1625,1770,321,60,294,1088,1135
706,707,708,709,446
473,1362,1722,1723,1293,1115,238
1434,1373,39,552,709,86
998,93,1929,419,1038
1484,525,1242,654,1762,633,1065,1810
1320,845,1175,1846
947,315,1058,1486,1822,353
1498,729,1499,149,1017,78,1093,1500
950,1096,1088,846,1097,219
1521,483,453,600,1808,963
548,549,532,550,551,552,402,553,554
146,1409,1446,442,1971,649,180
1072,404,1552,396,1260,1121,871,1431,953,1461
779,1040,1889,1995,1517,799,1459,1307,1973,802
1896,505,904,594,1591
1922,754,1283,188,366,120,1362,745
1200,779,768,1120,1363
1765,53,1156,1636,1264,670
296,1450,23,1219,1236,427,472,1081,1079,1955
202,485,1439,1146,839,595,1823
921,1259,703,524,1054
369,62,1881,202,1695,383
24,1600,1938,1553,894,858,684,908,677,816
895,872,1819,1083,1167,1520,204,251,28,1918
751,1971,752,1538,52
1285,1944,28,1645,1212,216
1419,1677,892,1244,375,798
1060,638,1966,770,1791,1254
868,27,600,869,181,870
1311,149,1225,1431,450,321
1563,377,1267,1336,278,928,890,1597
1771,450,17,199,157,870,1648,204,888,1973
876,1926,54,842,1796,135
1498,1979,43,256,1831,1206,1697
1523,875,1143,267,259,172,1207
1473,1474,479,691,892,1475
347,728,545,729,303,730,731
203,759,447,587,334,28,760,761,762,763
1355,987,505,459,1045,1356,1357,314,536
1733,1129,898,135,1449,387,1023,820,1941
351,570,693,1292,1501,1502,856,833,706,273
164,165,166,167,168,169
146,147,148,149,150,151,152
1867,15,1180,297,1864,1417,1434
233,234,235,236,237,238
503,246,1327,333
512,1284,978,1872,1961,1231
539,812,1335,1409,1410,1411,1213
657,855,1290,1132,1377,263,1212,1654,1158
1077,149,1245,1786,854,1706,1669,1463,1540,800
1248,779,391,1249,566,1250,278,1251,396
1870,789,774,667,1236,1482,1991
478,1543,495,1657,628,1224,953,454
1205,1403,1448,363,1061,1316,1975,566,67
383,12,98,792,1444,44,1213,1748,157,1521
299,786,89,1904,191,785,540,1685
444,1813,1754,1700,181
1144,1101,848,1221,1111,394,1199,345,1285
1713,1712,1253,47
983,614,648,193,756,1423,459,783
1050,653,1051,893,422,978,204,722,755
1590,1702,1,1790,354,1521
1075,225,258,1301,1279
614,1316,782,1317,30,409
983,164,393
550,1878,1974,1862,206,392,1126
977,1687,22,1590,164
740,741,136,77
489,572,573,574,575,576
293,1380,11,620
647,637,1986,1640,1520,717,341,1540,487
1804,1794,882,864,1203,1342,1578,628
507,1662,1429,210,798,1647,1980
1702,524,826,361,467,1586,1640,1592
224,1371,853,147,1368
1509,681,1515,19,857,789
707,1221,681,303,1325,1499
708,1064,683,1153,341,670
1201,64,962,925,1104,1217,695,137
1604,1358,100,1044,922,1957,1832,1426
499,500,501,502
940,1748,1201,1959,1463,320,404,377,793
373,595,557,1849,1600
810,29,108,1571,1170
1749,769,1333,1464,1747,426,1047,518,749
1501,279,1221,599,1456,1718,1719
1229,1546,907,1486,1343,1216,301
175,1214,388,1603
1645,590,76,1311,1395,1961,1681,1124
943,869,974,246,318,84,1511,176
249,562,1817,1924,526,294,1225,906,1120
1464,1560
502,376,1014,1812,1266,1421,1189,418,1331
1534,439,1535,1414,137,1173,58,1452
835,1164,255,796,580,432,225,903,95
443,1891,532,1026,1752,489
760,421,1360,1947
639,1749,278,970,54,754,1185,1155,1585,192
1093,330,1147,1127,1533,1656,909,502,312,817
218,8,738,1427,626,1426,996
1745,1332,677,1381,1172,1340,1850,1028,1290,667
704,56,1178,1619,595,520,360,70,1557
1885,1917,1161,1952,209,717,1821,302,492
96,97
713,1600,1462,970,1738,1107,491
836,1072,1511,787,1266,104,152,923,37
1098,1454,919,15,1803,448,642,1614
1246,1924,1043,812,521
220,1077,1491,1492,350,20,1117
1624,39,186,329
1218,103,312,1092,434,265
1413,1649,756,1192,1431,1736
695,1918,1057,483,58,611,451,10
1425,440,415,453,494,408,943,182
823,1162,25,1067,1561,1022,1604
207,208,209,210,211,212,213
12,744,1066
1126,1406,371,1615,1184,915,1824,1825
156,410,430,1719,996,1283,1845,602
434,97,837,918,1918
716,779
689,1421,853,1215,204,1118,611
151,1970,1971,465,1738,1759
308,499,235,276,1387
488,105,794,795,701,565,796
1617,681,580,1265,1652,250
857,1282,1283
791,1750,1661,1007,1499,813,1505
513,684,1170,940,533,486,795,1171,910
1002,689,1373,1374
276,1081
1822,1379,180,548,1463,301
1038,1972,941,517
817,627,103,1412,1019,682,926
53,1025,1354,211,1139,1202,1522
379,1593,1564,806,701,1229,252,462,172,1244
938,939,472,940,941,942,707,943,23
1774,363,1534,644,260
14,1961,197,1369,513
329,491,1642,1533,158,1115,1592
1008,1841,1409,211,98,1,1020
229,1828,1787,1402,1761,1320
1006,1889,1457,1238,1972,1697
180,1626,1286,43,1848,999,1880,587,1247,1343
772,1327,109,1328,900,493,1170,1220
302,1140,937,694,760
507,1381,66,1365,1389
1396,637,318,330
194,1884,1198,1757,1436
1320,705,977,1321,1299,269
1243,414,1661,1662,1311,660,523,370,827
1498,1184,1492,602,1098
662,1230,1190,1198,1315
497,351,219,1899,440,194
1337,665
802,430,301,256,1789,308,604
1106,1107,797,560,460,110,217
824,321,635,1551,1512,71,1072,1293,221
341,96,602,935,1264,1820
1583,624,515
628,1091,1380,148,296,1538,1686
1236,1820,207,1090,533,1119
937,1857,1038,327,1405
349,14,715,157,928,929
450,1707,28,1824,1188,1152,593,1378
1790,92,1597,1217,1737,918,1417
153,1712,127,1349,117,284,1696
1757,607,377,1199,337,735,614,1597,658
164,13,541,403,807
1026,514,1323,1434
1007,1718,222,1213,1579,1557
797,798,799,800,801,756,802,803
262,130,1682,1782,2,1819,328,63,1114
1025,289,657,332,314,729
639,1446,1226,986,1353,1881,1921,81,597
758,253,49,1725,921,1115,184,1036
1462,1849,1855,1445,1084,879
156,962,1486,93,316,834
1599,1422,1373,790,52,85,704,192
1444,1675,1937,1829,1036,1381,1041,1045
835,948,87,966
244,412,1001,1002,1003,822,1004,850,1005
1117,611,662,640,449,71,65
1444,1253,498,428,612,626,1427
1048,1144,1461,437,125,1645,32,235
515,710,955,956
1805,1556,578,1407,1271,63
1499,264,1867,265,511
1190,945,1191,393,879,200,485
1212,97,327,796
671,672,673,275,669,674,675,36,676
1672,1601,730,1528,1557
537,846,764,1092,1524,77,1756,339,1154,1094
661,1961,1854,107,549
1601,1446,1602,1139,663,1282,651,1245,880,967
924,1362,1557
866,1622,1308,1086,716,1523,1363,504
81,927,420,104,748,139,1449,587
922,1769,1429,551,1534
1804,1155,775,1200,687,297
1158,168,424,1709,1238,1212,1710,474
496,1049,1060,1588,875,378,1261,1305
1464,1480,399,4,87,964,1892
895,1110,1885,1369,1650,990,498,1561
1514,125,1745,750,1048,881
1329,960,1330,1331,885,670,406,346
578,428
468,1696,444,1341,1697
1788,944,210,1408,125,357
332,1724,882,3,718,1011,1263,569
1792,1290,716,555,1909,1643,670,1778,1758,147
1634,1503,34,711,413,58,987
391,367,1334,1070
276,1081,1123,1124,151,892
1071,482,1470,1724,1595,516,125,1740
1809,391,1807,133
606,139,251,1388,1389,491,653
7,1206,1714,1129,513,557,487,1338,1757,1838
1742,1765,526,414,467,1766,485,291,1084,164
1159,1304,3,974,236,344,1033,577
191,992,265,1116,674,983,873,1874
1172,1296,1372,1251,1135,435,2,807,965
1700,1508,511,1813,397
1222,1463,1046,1533,1238,1526
240,832
175,1803,1496,1418,404,1199,368,471,18,648
1001,219,1160,687,1161,461
642,1321,945,1233,1069,667
853,200,290,237,854,855,856,857
846,1753,259,1317,839,1874,1496
1018,1490,1119,1361
1332,414,1495,370,827,788,397
1646,495,1733,600,1734,1289,1697,70,1735,1020
545,1626,225,597,1717,314,1238,150,410,1432
1907,1769,1604,1808,606,1538,1569
204,11,227,699,426,1499,799
1256,1015,1290,611,1291,1292
1956,1270,1160,814
349,350,351,352,353,354,355,356,218
220,221,172,222,223
566,282,1792,591,1681,990,1160
1078,1249,1566,1928,1669,1074,244
1630,167,1633
288,260,367,1522,1133,1136,773
1527,530,81,1689,1076,749,699,848,256
1886,171,55,539,1423
1871,1640,1069,659,1861,1070,789,425,1707
1065,1300,787,1270
1427,696,396,1563,1265,1981
244,1375,1901,594,1094,433,14,1008,423
1415,464,927,584,825,1737,1636
1560,680,271,1798,1743,1229,1799,1800,115
1430,1902,1006
806,1746,24,1967,769
687,1192,400,426,1193,1194,1195
1872,1249,757,747,566,587,1046,1152,1284,326
771,391,772,172,773,774,775,776
1204,551,558,1963,1546,712,212,275,655
1179,727,167,91,1865,23,1034
1014,30,178,1745
1359,1849,806,423,1294,1667,1284,269
1194,790,576,192,1758,1620
1791,386,443,134
1832,1549,81,659,578,782,1019
661,88,923,1306,28,593
961,895,1726,1119,205
537,979,834,1241,16,1574,1725
1047,1110,407,1270,1236,1790,1845
1052,1779,241,1351,1691,1677,959
1485,177,1735,398,259,1325,1420
74,75,48,76
827,828,829,830,831
1080,1211,1112,580,262,828
1724,1121,1703,550,372,1513,54,96,97,1049
524,762,1597,1047,605,34,451,654,1053,467
1199,1191,508,856,1196,410,641
1340,850,1417,971,1882
90,1783,448,134,963
1500,980,1089,616,204,1410,824,957,387
274,883,905,1400,710
1600,927,1130,1424,653,880,1263,1533,588
1085,5,1020,1799,744,1698,1232,929,1952,786
1108,117,729,466,1883,1876,706,936
402,415,1001,1232,161,1180,171,1307
340,134,372,373,374,375,73
631,445
107,1655,546,1103,877,176
1109,311,581,508,1359,754,858,1875
1284,901,428,526,1076
567,1724,1634,1725,575,1055
1835,191,143,1111
531,1616,296,457,1306,1617,413,765
1734,1564,419,1337,1585
987,41,478,163,453,1362,100
342,1884,1647,942,32,1069,1074
1176,823
838,839,796,840,841,610,842,843,645
993,146,300,228,265,924,544,427,1750
1015,1,337,412,415,1716,68
0,1,2,3,4,5,6
1404,1896,158,1386,222,297,1684,1385
1944,92,1123,267,1894,556,1706,904
761,1313,1447,1044,1448
548,307,520,1035,1478,1827,968,949
1699,1925,1359,1580,381,250,926,883,611,184
1066,123,1044
707,505,922,964,64,1162,1163,1164,1165,429
1417,477,611,154,226,1471,625,1624
1326,847,1357,1452,953,880,1355,1453,1029
1219,445,763,1220,1221,1222,1223,1224,704
1801,1831,683,843,849,388
626,941,68,1105,1374,940
1881,766,1483,560,711,1029,643,1930
1037,1038,1039,1040,1041,520,326
688,1861,79,740,1088,1354
469,1946,1209,1740,1410
156,242,739,1884,1784,1474,467,57
953,1628
1309,1323,1866,113,832,3,174,163,74,283
202,1056,463,77,1057,827,300,128,397
1039,1290,1406,164,835,933,1811,1374,814
651,1692,1460,580,671
1281,1147,86,77,1088
1211,700,1143,601,1561,1562,568,6,1098
952,14,943,543,1369,1934,1647,1785,551,892
833,1296,1017,108
988,1867,1928,724,1896,1188,511,1161,1015,1349
1546,214,425,1304,1273,1334
1523,1881,886,1450,1382,246,219
116,790,1008,954,522,202
1210,1117,366,1741,1070,248
467,1542,170,1129,243,171
967,1667,1733,290,1398,843
1471,1974,1720,982,1334,1411,279
505,1316,1682,1170,361
1290,898,1372,243,878,1898,278
1488,537,1243,1489,805,751,752
613,1066,138,581,116,855
145,1614,1423,1469,423,417
1067,1068,512,1069,355,1070,531
723,533,1513,1643
36,1773,1426,1088,1198
1280,1369,1559,856,97,1560,220,126,1326,905
1520,1267,1704,1048,1663,1002
1989,159,119,1401,452,112
319,226,275,957,1459,278,100,972
205,943,607,60
286,287,288,289,290,291
1391,543,764,1179,923,1134,1274,1464,1560
832,833,834,835,836,533,837
1028,1202,1203,750,1066,1204,469,1205,1206,1207
963,1902,737,4,171,60,373,979,537,765
121,122
1092,586,830,423,863,1533,394,1584
928,560,739,1025,404,280
650,791,1142,1143
917,1542,443,415,1968,1462,1220,565,143
849,1130,1404,384,1496
549,544,1520,1689,650,717
236,298,76,299,300,301,273,37
545,758,26,812,105,1316
1953,474,1731,1462,1004,1733,71,1710
249,532,1017,107
819,1782,1753,958,165,894,774
819,1469,1470,571,1471,1250,1241,631,1472,1334
286,1008,1153,1329,972,598,1801,1159,715,939
808,809,72,810,687,500,288,549,28
204,771,1001,639
327,500,513,470,1572,865,949,1282
311,1545,91,1772,1042,1063,1651,1254
1582,968,1611,57,1524
617,1145,1311,1897,1119,604,1407,222
1772,710,836,1169,1189,104
1827,1974,1029,341,606,828,931,1809
367,1092,1093,143,259,1094,445
916,288,1557,943,1101,1143,93
1224,434,938,1828,796
1435,271,337,455,1436
1624,1114,1772,1028,1857,1402
647,517,1365,1596,204,108,1192
1378,1012,941,1683,346,85
822,513,152,1353,693,1752,600
1498,210,1204,1808,1164,1846,1342,1091,1451
1335,1442,474,339,757,1626,1764,1106
915,916,917,759,918,502,919,920,651,38
1848,862,1264,672,1416,183,1514,1697
173,93,1391,1921,8,1064,593,1105,858
254,160,631,445,1450,1782,1778
41,42,43,44,45,46,47,48
1595,300,1695,402,651,560,1926,647
235,1265,313,643
185,1379,1864,288,1075,1983,157,740
642,1786,1765,119,1025,1832
1783,78,807,1523,197
33,34,35,36,37,38,39,40
1802,976,1478,1699,1107,663,1498,1556,1794
1235,1785,296,488,1667
400,604,1577,1254,1847,782,597,1794
1595,1216,1081,1455,1524,1170
1012,1013,421,1014,375
810,1858,1328,1548,187
1672,1386,551,1399,1723,320,1052,991
701,702,59,179,703,704,705
991,1863,612,1129,1950,1895
456,812,832,1017,12
1709,1235,1001,542,1063,868,390
1068,288,40,655,2,1275,674,610
1634,1543,580,442,1927
220,1959,387,228,809,1028,982,424,342
1497,19,1852,1851,1617,631,396
1078,1662,1131,1339,1085,1270,1406,1682,1712,51
1585,583,1145,45,1339
887,888,889,890,891,892,893
934,1847,914,953
1345,673,100,1456,1457,1056,666,1458
720,1409,1711,1497,1514,1444,1582,881
152,108,1485,691,307
760,1262,1354,890,41
725,1345,1923,99,1602,1812
382,1235,964,553,1202,1248,932,1711
1848,1928,201,1581,971,125,1659
616,110,617,618
193,1582,387
1041,1801,1542,323,1123,1656,708
370,827
910,1154,1155,1156,384,1157,1158,681
1694,1815,969,1715,1214,1118
79,132,312,313,314,315,316,267,317
1238,1579,773,498,344,1077
992,390,295,411,160
329,1572,66,1647,576,1418,1715,396,164,1121
790,920,1421,1266,1216
1284,1489,79,1811,1228,49,1066
224,225,226,227
416,1011,433,482
756,369,822,440,1497,1038,41,1577
969,437,352,725
401,571,271,594,595,596
353,766,1451,1182,1031,362
1455,1337,1910,1056,1303,179,1477
1387,1970,1378,1872,1542,1886,1396,951,1215,1194
373,79,980,504
368,1579,472,878,498,1473,110,1520,359,485
66,310,661,683
965,1295,1294,1390,764,327,1334
781,507,782,464,783,784,785,447,786,787
1558,315,1795,117,83,1984,1324
1963,1036,1798,1957,586,1959,423
772,401,1649,1555,490,1501
1793,1783,873
263,1416,299,863,940,292,536,1237
1591,1580,1605,1333,1648,77,934,1335,1509,408
1776,1330,649,1063,258,1752,1767
509,857,1830,1045,1560,191,1658,1939,1301,1121
1921,967,1995,480,1593,1356
980,196,1069,856,139,122
1741,1180,683,1371,91,1787,940,72,1129
976,1846,737,0,403
844,994,520,861,826,1831
1111,1933,870,144,964,415
549,493,1754,495,1710
1292,778,1524,445,1004,1177,1539,219,371
61,871,185,202,756,872
517,812,1896,233,1760,1636,1513,1839
124,125,126,99
671,767,1059,999,1666,957,581,127,1667
909,1642,609,1103,691,1364,1506,14,1126
1772,327,748,30,1757,973,558,789,616
1044,1045
1668,106
1917,766,186,1810,1677,1246,499,1952
1123,1318
1700,1712,160,1033,850
1341,1721,945,591,1403,367,371,1181
899,96,46,1363,839
1222,434,1056,1171,1295,169,1349,213
1072,1017,1226,572,1580,118,220
313,290,237,1062,994,1779,3,70,1514,1788
895,668,546,827
1422,502,707,1546,224,1562,991,1045
881,545,882,154,883,884,885,3
679,1705,1126,1227,322,580,185,1244,1080
452,1876,1248,1887,554,1327,1174,1795,51,902
840,765,242,1098,1099,1100,626
1,1095,1096,142,167,50,681
745,959,453,608,458,1421,1375,1469,1323
1480,37,733,1572,1573,1379
801,831,1915,1650,1336,1579,564,1926
1023,1272,1154,1643,1670,1195,12,836,534
729,1906,1902,1518
1451,1228,838,1618,1125,1186,1706,264,1932
38,955,1607,768,1142,1053,1107,1140
1671,723,343,1011,1442,961,559
106,1677,1410,1292,1195,1678,1252,62
311,1595,1455,711,1234,960,1149,725
102,416,1182,1150,411,769
1389,528,321,377,1315,1935,301,503,177
1963,1310,1252,376,539,1710
1156,1254,1381,601,1859,571,246
398,399,400,401
865,326,1375,1941,874,1851,878
1610,528,164,1181,254
626,1992,606,631,132,1862,1725,1865
503,504,505,115,506,507,508,509
1348,1094,1278,33,1435,455
458,1172,958,1173,1174
606,32,607,295,608,609,474
100,1753,235,1025,178,920
570,1120,1911,88,126,1100,876
25,626,1415,787,1099,1188,1238
1113,793,1333,1334,843,1335,1336,1279
1035,989,1041,557,1546,318
1000,154,1602,718,64,1839,96
1215,958,487,29,672
389,1785,1095,904,354
1165,1427,1821,1477,251,692,278,1605,521,1253
382,383,384,385,386,387,388,389
1661,577,1526,1897
338,998,999,215,106,1000,878
1466,68,656,1467,1468,193,1331
1037,792,1607,693,1387,264,379,434
1333,1460,587,1644,519
1716,1915,768,1517
186,840,417,1403,1523,917
84,1537,1538,1073,389
48,1087,1386,686,866,1575,863,384
49,914,918,1919,925
417,216,1595,1901,707,1545,24
1978,1591,1356,1078,320,972,554,469,1424
1380,428,170,1007,600,1424,1614
336,337,338,339,315,340,51,341
364,1844,151,1309,933
269,1077,1421,753,871,798,486,330,157,202
386,1463,498,971,1406
1199,45,665,600,849,812,1626,1330,199,522
37,135,1104,865
1023,122,1024,1025,1026,1027,1028
494,1542,1038,508,900,1573
1925,739,1676,1851
525,1644,1765,1390,1813,1987
1791,822,1921,640,1236,168,928
1668,1145,1303,38,1942,398,781,415,872,1535
843,595,1744,1847,903,1907,445,1333,388
1932,939,1483,746,1966,64
511,1267,1954,1983,1752,1691,1138,1637,1346
196,560,1736,1777,1824,1538,1953
259,1225,1475,1769,1107,1739,150
453,1632,142,540
1676,519,235,1353,1777,701,144,1019,1857
565,424,619,620,621,622,238
1542,3,571,992,1062
61,383,901,1424,1425,140,1426
1471,812,1960,303,1415,157,851
900,393,560,155,1524,1525,1502
60,1585,1311,187,546,747,1088,875
472,1848,809,1903,1032,1573,1435,1007
1171,199,1883,578,364,504
1206,631,1482,1235,1088,890,170
1934,412,465,1035,1935,1042,781,368
1287,248,1288,406,1244,889,1189
1169,1587,219,1507
1576,1067,1555,803,112,243,1308,1429
549,1003,828,1296,1117,795
254,1804,1215,1889,7
243,474,1248
292,11,119,293,294,295,296,297
41,1073,982,421
654,1844,1682,1953,1261
1105,1426,549,1025,1529,284
1078,982,147,170,1151,1713,358,1796
520,1196,438,262,1494,1866,942,1639
1621,430,533,532,619,1622,1623,43
1604,216,1605,1606,285,648,1607
1095,284,1904,1261,640
921,226,1267,1293,1101,1139
907,770,1468,1496,11,618
435,436,194,177,437,438,439,129
1216,1404,365,871,1405,696,1289,1406
341,22,1771,107,1715,1012,1711
1719,1708,1840,3,1647,793
904,1748,38,1993,805,1670
631,710,711,712,507,713,52,624,714
1020,1653,100,3,1695
1307,1422,1133,306,1423,1211,767,1035
343,1274,618,1602,1099,1629,1232,249,362
914,1330,1824,1898,1117,634,27
650,1944,1778,10,1607,1836
1100,1361,1097,1520,695,1598,40,1188,589
1605,1101,1742,1659,1648,698
129,650,1476,1499,1284,1691,1192
332,1834,1520,768,741,592,589
549,955,1175,1176,1177,1178
301,462,140,463,464
1318,1015,1789,1592,1790,1707
2,732,733,701,734,735,681
547,804,383,20,805,806,575,807
628,1074,832,522,14,1939,410
1190,1055,1500
1681,457,198,317,358
1531,551,1283,500,61,790,1198,578
933,1466,303,1597,1474,1439,1598
502,999,1457,1066,1556,1188
88,1738,172,1663,980,903,1381
316,185,1380,1238
585,969,438,1532,1643
263,1089,145,1912,1951,1384,578,899,47,1929
121,122,1909,1758,70,494,26,500
914,1270,433,395,27
589,507,573,1409,905
783,1491,219,597,411,1354,830,1913
1270,198,1000,453
1350,1351,603,1352,404,1353,1354,691,739
1372,226,896,84,407,1183,354
1524,1796,1545,39,57
1125,307,1140,560,842,1141,835
998,290,599,693,1431
153,990,1268,1128,39,1269,701
521,1653,1495,1548
382,461,1921,203,1928,507,894
1133,389,1099,1069,697
289,1051,806,882,1168,1161,1316,1119,212,847
973,974,923,975,976,977,744,114,737
840,1176,1658,1576,207,35
1042,380,1043
192,960
436,1650,1186,1963,1958
246,725,1853,85,418
1434,1323,1707,277,81,705,1008
1945,1684,1866,277,991,732,63,1194
619,277,1817,353,1807,1121,1859
322,449,450,259,451
419,979,1020,659,1833
512,1145,462,1269,174,206,19,459,1339
1031,522,211,752,1739,1081,710,64,296,426
1758,1686,1954,551,1056,1814
402,918,1994,1347,675,1164,1409,652
1383,992,1607,1269,24,115,1026,1061,646
489,356,758,889
116,117,118,119,120,121,122,123
838,257,806,1659,1818,468,909,1853,598,279
124,1366,405,1255,1838,1546,1771,542
897,711,117,1492,476,1674,509,1613
661,934,750,285,817,645,593
1255,636,1875,1018
559,527,343,560,561,562
29,1612,1602,931,157,707,369,579,436,1548
286,1069,1350,1282,1702,441
506,419,327,157,652,629,244,452,653
255,256,257,258,259,260,261
43,107,604,1332,51,1586
714,1148,81,1898
839,297,1483,1290,1689,926
318,319,320,321,322,323,324
610,611,612,227,613,614,615
1553,1554,31,39,379,51,594,1555,1556
938,1189,1224,1428,944,986,671,384,1416
383,1720,250,878,1380,163,632,1239,727
1558,943,82,1154,1764,844,934,1122
430,1582,1657,64,1071,1633,358
1568,140,1382,1331,1532,1211,1044
731,848,121,589,199,6
85,1136,687,1109,1562,154,1146,552,686
532,533,534
