742,460,242,387,338,614,680,865
662,120,292,663
162,163,164,165,166,167,61,168
110,457,458,77,459,460,461
345,631,672,292,685,276,189,102,581
333,334,110,335,299,336
794,521,795,506,156,480,796
254,193,206,257,258
513,818,819,187,518,346
698,502,362,114,841,104,696,393,420
96,39,308,309,310,311,312,218
23,437,683,33,500
641,122,406,423,915,747,363
96,402,196,592,523
180,570,571,369,572,331,154
37,38,39,40
834,937,586,219,857,315,593
611,349,486,337,612,613,203,8,614,76
518,519,306,411
734,377,660,647,681,142,735,212,437,388
191,276,152,277,278
508,509,510,511
242,243
786,431,225,504,756
475,476,477,478
71,72,73,74,75
41,42,43,44,45,46,47,48,49
10,358,359,360,361,362,52
617,418,618,619,43,616,620,621
355,356,157,103,357
713,815,54,183,365
754,561,755,646,349
128,129,6,130,131,74
423,339,424,226,15,183,146,425,426,427
361,750,412,800,671,801,802,245,573,305
240,548,887,175,82
202,203,74,204,205,206,207
514,654,226,655,656,259,344
16,428,429,430,431,432,247,412
8,77,468,469,410,470,471
68,504,92,287,562,169
74,462,312,97,543,294,669
286,115,287,57,288,289
29,50,51,52,53,54
7,8,9,10,11,12,13,14,15,16
870,258,848,252,136,873,405
842,741,750,17,679,843
640,687,656,437,883,760,157,635
61,62,63,64,65,66,67,68,69,70
497,496,498,480,181,258,499,500
477,65,499,501,39,109
681,314,238,593,682,208,130
47,898,628,907,56,624,306
155,131,156,35,157,158,146
17,504,758,518,189,227,75,687,605,275
285,652,569,653,350,184,112
764,765,395,766,767,385,386,737
334,379,380,381,382,383,299,98
466,270,538,510,393,539,78,181,540,507
319,120,320,321,322
192,17,48,91,502,23,199,503
504,505,276,143,506,507,209,11
54,627,175,78,628,231,629,75,630
654,253,661,389,699,889,630
520,230,422,106,334,733
482,483,484,236,210,485,457
244,155,2,676,117,736
309,601,442,431,381,809,119
230,323,548,459,51,172,358,549,550
146,58,147,89,148,26,149,150,151
90,805,322,806,807,734,230
799,143,152,644,820,650,5
120,121,122,123,124,125,126,127
467,593,594,474,302,595,596,517
342,343,344,345,198,202
257,521,687,104,688,689,186,566
832,791,402,833,436,91,559,653,167
782,370,861,28,341,316,478,830,688
14,203,224,225,226,227
251,252,253,254,255,256
599,2,586,486,877,136,292,878
415,416,417,418,419,420,421,422
720,721,45,525,113,466
774,829,137
36,11,208,159,209,210,211,212,213
575,186,548,643,426
382,207,274,29,448,847,858
355,710,711,712,690,216,578,220,613
779,140,638,458,252
276,184,559,201,673,367
438,403,328,439,172,440,441
64,514,515,516,517,357,398,383,372
96,97,98,99,100,101,102,103
25,26,27,28,20
448,512,148,513
181,182,183,138,184,185,186,17
657,368,594,122,509,140,2
201,775,162,774,580,236,666
585,901,854,537,902,549,903,337,156
503,538,589,695,696,7
323,293,215,530,447,284,781,801
232,140,542,515,627,648,649,21,256,563
72,631,136,78,243,632,633,596
174,175,176,177,171,166,178,179,180
306,520,521,332,273,390,522,523
382,731,315,477,732,733,721,383
191,192,193,194,195,196,197,198
569,519,261,772,674,666,773,480,217,403
290,472,456,373,121,473,474,283,47
64,304,61,74,305,306,307
573,133,574,163
301,455,289,138,456
452,673,87,433,664,16,445
591,529,610,452
271,684,118,685,303,686,326,76
443,33,52,366,46,740,645,816,516,846
74,533,534,535,536,537,200,522,323
541,452,138,500,542
180,912,694,456,228,795,895
910,626,857,586,826,519
615,113,616
0,1,2,3,4,5,6
17,18,19,20,21,22,23,24
135,558,38,448,440
578,510,885,179,393,554,649,230
385,386
454,716,717,630
228,229,230,131,231,232,233
90,187,104,639,523
313,702,703,704,705,292
346,347,348,349,350
92,71,787,590,169,252,922,2
337,6,338,339,340,269,172,95,341
20,213,664,59
297,106,298,299,300,301,302,303
392,266,278,42,183
379,462,463,464,72,5,465
317,144,280,407,64,408,264,409
293,173,47,330,866,248,479,250,86
196,151,160,758,257,248
71,780,373,77,554,500,521,781
410,411,104,412,413,414
279,280,281,282,283,284,173,285
56,301,444,455,608,89
315,400,401
363,364,365,366,51,367
828,114,47,245
690,251,691,75,252,59,692
609,695,600,273,167,372,85,159
383,526,409,581,498,667
58,492,493,243,494,210,226,495,55,496
696,875,839,371,288,335
104,105,106,107,108,109,110,111
586,182,231,587,153,441,588
392,634,605,635,18,410,636,637,499,638
644,246,252,348,645,646,28,124,647
234,235,179,236,106,237,238,239,240,241
606,101,380,370,625,500,626,59,433
364,401,312,532
549,162,606,803,789
666,169
371,372,113,128,373
83,84,85,86,87,67
264,232,101,191,908,113
469,536,444
187,156,188,189,190
366,379,737,738,84,543,187,739,389
298,768,465,214,668,769,770,390,771
51,678,415,159,112,264,314,679,680
614,480,75,813,748,176,621,633
374,375,376,377,232,378
559,288,181,450,504,622,621,623,624
664,81,380
355,658,659,660,661
440,578,35,579,449,580,581,582,583
857,291,266,819,17,663
20,543,201,73,544,515,545,223,516
705,879,18,744,186,35,190,158
124,451,452,453,454,362,371,212
88,89,90,91,92,93,94,95
811,717,572,381
564,565,566
37,434,70,920,124,30
346,733,318
70,529,520,840,373,703,451,648
530,597,27,598,505,599,478,551,600,601
710,537,92,869,904,675,378,595
329,330,331,332
15,201,52,578,378,564,178,562,831
731,391,595,254,427,888,55,804,191
559,147,404,89,560,561,232,535
128,74,362,448,26,449,153,450
106,152,153,154
169,170,171,172,173,120
384,385,386,363,387,388
724,498,693,371,363,25,335,589,627
293,726,131,257,290,891,584,160,878,249
89,737,884
389,390,273,349,391,230,351,308
374,466,0,377,401,416,467
686,608,693,35,626,376,694
259,378,243,131,87,724,916
424,700,112,439,147,575
542,761,468,16,763,653,27
305,479,480,481,151,182
665,125,603,666,492
368,369,12,370
259,640,638,213,241,641,642,312
318,3,562,563,446,489,455
907,2,529,698,551,762,736,831
259,260,261,262,263,28,264,265
199,200,2,201
575,576,577,267,59,555,295
82,40,1,342,142,446,162
112,113,114,115,116,117,118,119
501,691,427,342,848,849
318,402,403,347,227,404,405,218,399,406
451,56,599,407,707,197
153,876,229,716,434,461,454
337,584,105,260,403,210,585
351,352,130,353,354
132,133,134,135,136,137,138,139,140
371,6,615,481,671,672
272,199,80,78,273,274,248
244,245,246,247,248,249,207,250
650,375,514,628,651,390,569,453
553,450,458,139,609,567
108,381,750,425,106,663
655,826,84,541,742,284,554
702,149,72,66,607,850,335,363
589,39,189,397,590,297,591,143
814,268,28,108,90,45,109
590,834,242,703,430,293,363
17,318,34
186,852,107,950
670,389,927,249,151,554
484,89,330,606,550,462,189
899,777,786,734,789,642,804,599
594,759,78,373,725,752,330
29,30,31,32,33,34,35,36
524,525,526,360,428,527
159,160,161
382,207
528,529,367,434,530,531
787,405,205,121,365,647,244,861
486,17,487,488,291,489,490,491
290,291,292,12,293,189,58,255,294
880,485,497,46,881,21,480,882,593
412,372,604,502,445,605,483,318,296
753,823,296,595,727
171,495,516,749,812,789,151
313,314,315,316,317,318
262,39,295,116,177,32,296,77
750,526,382,207,451,896
602,603,303,249,324
709,816,95,817,654,607,363,589,212
416,267,703,769,223,174,29,253,76
655,863,871,466,822,22,872,217
218,219,220,221,222,223
863,541,864,129,745
532,718,610,749,750,508,405,595
631,213,717
608,706,583,537,707,708,164,48,709,576
668,198,669,343,567,670
76,77,78,79,80,81,82
697,160,669,698,699,424,588,95,44,481
816,623,297,780
30,804,100,172,424,36,835,836,837,218
195,275,240,253
551,134,251,552,51,184,223,553
673,674,207,263,675
266,267,268,206,91,269,270,271
703,803,438
606,491,577,607,608,578,222
128,714,406,715,659,18,512,161,303
565,341,205,191,45,770,819,649
433,434,435,436,87,437,387
937,280,418,639,434,580,938
55,56,57,58,59,60
147,109,658,718,596,98,719
323,324,325,326,327,328,242
546,547,390,128,242,27,431
214,33,215,68,140,216,217
567,484,14,559,568,467,569
308,467,233,788,122,789,790
369,638,765,270,732,861,646,936,421,39
244,200,246,821,687,183,201,822,642
141,142,143,144,145
162,41,756,649,689,740,757,107
33,694,729,730,672
503,668,128,406,123,676,677
554,205,555,556,557,457
466,742,87,159,702,657
