1,13,5,5,5,5,5,5,5,5,5,5
1,2,3,4,5,5,5,5,5,5,5,5
7,8
12,11,0,4,3
0,12,11
1,2,2,2,3,4
0,6,7,11
0,1,2,2,2,2,2,2,2,2
0,6,7,8,9
0,1,2,2,2,2,2,2,2,3
2,4,5,5,5,5,5,5,5
1,4,2,2,2,2,2,2
0,6,7,12
3,4,5,5,5,5,5,5,5,5
0,4,2,2,2,3
0,4,2,2,2,2
0,4,5,5,5,5,5
6,0,1
8,9,6,7,12,0,4
1,4,2,2,2,2,2,2,2,3
0,1,4,2,2,2,2,2,2,2,2
2,3,0,4
0,1,4,2,2,2,2,2,2,2,3
6,0,1,2,2,2,3,4
6,0
9,5,0,1,4
0,1,5,5,5,5,5,5,5
3,4,5,5,5,5,5
8,9,6,7,12,0
6,7
4,2,2,3,5,5,5,5,5,5,5,5
1,4,2,2,2,2,2,2,3
0,1,4,2,2,3,5,5,5,5,5,5
7,0,4,2,3
0,1,2,3,4
6,0,4
12,0,2,3,4
2,3,5,5,5
0,4,2,13,5,5,5,5,5,5,5,5
0,1,5,5,5,5
0,1,2,2,2,2,2,2,3,4
0,4,2,13
4,5,5,5,5,5,5,5
0,4,5,5,5,5,5,5,5,5,5,5
4,2,13,5,5,5,5,5,5,5,5,5
0,8,9,6,7
0,4,2,2,2,2,2,2,2,2,2,2
6,7,0,1,4,2,2,2
6,7,0,1,4,2,2,3
8,9,12,0
2,3,13,10
5,0
8,9,6,7,0,1,4,2,3
6,7,0,4,2
0,1,4,2,2,3,13
11,0,1,4
0,2,4,5,5,5,5,5,5,5
1,2,2,2,2,2,3
3,13,10
2,3,4,5,5,5,5
4,2,2,2,2,2,2,2,2
2,4,4,4,4
8,9,6,7,0,1,4
1,2,2,2,2,2,2
11,0,4,13
11,0,1,0
11,0,1,2
9,5,0,1,4,2,3,13,10
1,4,2,2
1,4,2,3
12,0,1,4,2
6,7,12,0
2,3,13
2,3,10
1,4,2,3,5,5,5,5,5,5,5,5
0,4,3,13
2,3,4,5,5,5,5,5,5
0,1,4,2,2
0,1,4,2,3
11,0,4,2,3
9,5,0,1,13,5,5,5,5,5,5,5
4,2,2,3,13
4,2
0,1,4,2,2,2,2,3
6,7,0,1,4
4,3
0,1,4,2,2,2,2,2
4,5
1,2,2,2,2,3,4
8,9,0,1,4,2
1,5,5,5,5,5,5,5,5,5,5,5
11,0,2,3
11,0,2,4
6,7,0,1,4,2,2
6,7,0,1,4,2,3
12,0,1,4,2,3
12,0,1,4,2,2
1,2,2,2,2,2
1,2,2,2,2,2,2,2,2,3,3,3
1,2,2,2,2,2,2,2
1,2,2,2,2,2,2,3
0,1,4,2,2,2,3
0,1,4,2,2,2,2
2,3,3,3
3,0
2,3,3,4
2,4,4,4,4,4,4
3,4
3,5
0,1,1,13
0,1,5,5
6,0,1,2,2,2,3
0,6,7,12,8
0,1,4,2,3,13,10
0,13
0,11
11,0,3,4
0,12
0,5,5,5,5,5,5,5,5,5
0,2,3,4
0,1,13
0,1,2,2,2,2,3,3,4
0,2,4,5,5
11,0,3,0
11,0,4,3,13
0,1,10
3,4,4
6,0,1,2,2,2,2,3,4
3,4,5
0,1,2,2,2,2,2,2,2,3,3
0,1,2,2,2,2,2,2,2,3,4
12,0,4,2
4,2,3
4,2,2
0,1,2,2,2,3,3,4
1,2,2,2,2,2,2,2,3,3,3,3
2,3
2,4
11,12,0
6,0,1,2,2,3,4
5,0,1
0,1,4,3
0,1,4,2
7,0,1,2,2,3,4
11,0,4,3
11,0,4,2
0,2,2,3
6,0,1,4,2,3,13
12,11,0,4,2,3,13
8,9,5,0,1,13,5,5,5,5,5,5
3,5,5
8,0,1
6,0,1,4,2,3
0,1,4,2,3,5,5,5,5,5,5,5
1,13
5,0,11,0
6,7,11,0,2
6,0,1,4,2,2
1,2,2,2,2,2,2,2,2,2,3,3
6,7,11,0,4
0,1,5,5,5,5,5,5,5,5,5
1,4,2,2,2,2,2
1,0
0,5,5,5,5,5,5,5,5,5,5,5
0,4,2,2,2,2,2
1,2
1,4
1,5
1,4,2,2,2,2,3
0,1,2,2,2,2,3,4
0,1,3,4
0,8,9,12
0,1,2,2,2,2,2,3,4
0,1,2,2,2,2,2,3,3
0,1,2,2,2,2,3,3
6,7,0,1,4,2,2,2,2,2
0,1,2,2,3,4,5,5,5,5,5,5
11,12,0,4
0,1,4,2,3,13
0,1,5,5,5,5,5,5,5,5
6,0,4,2,3
4,2,3,5,5,5,5,5,5,5,5,5
7,0,1,4,2
0,1,2,2,2,3,4
0,1,2,2,2,3,3
1,2,2,2,2,2,2,2,2,2,2,2
2,3,5,5,5,5,5,5,5
6,12,0
3,4,5,5,5,5,5,5,5,5,5,5
8,9,0,1,13
0,1
6,0,1,2,3,4
6,7,11,0,3,4
0,2
0,3
0,4
0,11,12
0,5
0,6
0,7
4,2,2,2,2,2,2
2,4,5,5,5,5,5,5,5,5,5,5
0,8
0,1,2,2,2,2,2,2,3,3,4
0,9
0,1,2,2,2,2,2,2,3,3,3
0,1,2,4
0,1,2,2,2,2,2,2
0,1,2,3
12,0,1,4,2,3,13
0,1,2,2
0,1,2,2,2,2,2,3
5,0,1,4,2,3
6,7,12,0,4,2
4,5,5,5,5,5
6,7,12,0,1
4,2,2,2,2,3
4,2,2,2,2,2
0,1,2,2,3,3,4
12,0,1
7,0,4
12,0,2
7,0,1
6,7,12,0,4
12,0,4
4,2,2,2
4,2,2,3
12,0,4,2,3
4,3,13,10
6,0,1,4,2,2,2
6,0,1,4,2,2,3
6,11,0
0,4,5,5,5
6,7,11,0,4,3
4,5,5
1,4,2,2,2,2,2,2,2,2,2,2
1,4,2,2,2,2,2,2,2,2,2,3
0,8,9,6,7,12
11,0,4,2,13
1,4,2,3,13
1,4,3
6,7,8,9,0
6,7,8,9,0,4
1,5,5,5,5,5,5
4,5,5,5,5,5,5
6,0,4,2
6,11,0,2,3,4
3,4,5,5,5,5
2,3,3,3,4
6,7,12,8,9,0,1,4,2
3,13
3,10
4,2,2,2,2
6,7,8,9,12,0,1,4,3,13,10
4,2,2,2,3
12,0,4,3,13
11,12,0,3,4
8,9,0,1,13,10
11,0,1,4,3,13
1,4,2,2,3,5,5,5,5,5,5,5
6,0,1,4,2,2,2,3
1,5,5
0,1,2,2,2,2,2,2,3
11,0,4
0,1,4,2,2,2,2,2,2
11,0,1
11,0,2
0,1,4,2,2,2,2,2,3
11,0,3
4,2,3,13,5,5,5,5,5,5,5,5
2,3,4
11,0,1,4,2
2,3,3
2,3,5
0,1,2,3,4,5,5,5,5,5,5,5
3,0,4
5,12,0,4,2
0,1,2,2,2,2,2
0,1,2,2,2,2,3
6,12,0,4
6,7,12,8,9,0
12,0,1,4
1,2,2,2,2,2,2,3,3,3,3,4
1,4,2,2,2,3
6,0,1,2,2,2
0,1,1,1,1,1
6,0,1,2,2,3
1,4,2,2,2,2
3,4,4,4,4
0,4,2,3
0,4,2,2
1,4,2
1,2,2,2
0,1,2,2,2,2,2,2,2
5,10,0,0
0,6,7
6,0,1,4,2,2,2,2
0,1,5,5,5
1,2,2,3
4,5,5,5,5
6,7,0
11,0,2,3,4
6,7,8,9,12,0,1,4
0,1,2,2,2,2,3,3,3,4
0,1,5,5,5,5,5,5,5,5,5,5
12,0,4,2,13
0,2,2,3,3,4
6,7,0,1,4,2
7,12,11,0
11,0,3,4,5,5
2,4,5
2,4,4
0,5,12
2,3,3,3,3,4
1,2,2,3,4
0,1,1,1,1,1,1,1,1,1,1,1
12,0,2,4
1,4,2,2,2,2,2,2,2,2,3
1,4,2,2,2
4,5,5,5,5,5,5,5,5,5
6,7,0,1,4,2,3,13
7,0,1,4,2,2
1,4,2,2,3
7,0,1,4,2,3
6,0,2,3,4
4,5,5,5,5,5,5,5,5,5,5,5
6,0,1,4,2,2,2,2,2,2,2,2
1,2,3,4
2,3,4,5,5,5,5,5,5,5,5,5
0,1,5,5,5,5,5
0,9,5
13,5,5,5,5,5,5,5,5,5,5,5
4,2,3,13
0,6,7,8,9,12
12,0,1,4,2,2,3
0,5,5,5,5,5,5,5,5
6,7,11,0,4,2,3
0,1,4,2,2,2,2,2,2,2,2,3
0,2,4,5
0,1,4,2,2,2,2,2,2,2,2,2
1,2,2,3,4,5,5,5,5,5,5,5
4,2,3,13,10
0,1,5,5,5,5,5,5
2,13,5,5,5,5,5,5,5,5,5,5
11,0,4,2,3,13
1,2,2,2,3
1,2,2,2,2
6,0,1,4,2
0,1,2,2,2,2,2,2,2,2,3
12,0,3,4
0,4,5,5,5,5,5,5,5
0,1,2,3,4,5
0,1,2,2,2,2,2,2,2,2,2
0,8,9
7,0,1,4,2,2,3
7,0,1,4,2,2,2
9,0,1
0,8,9,5
0,1,4,3,13
0,8,9,6
0,4,13
0,1,2,2,2,2,2,3,3,3,3,4
7,0,1,2
0,2,3
0,2,2
0,2,4
6,7,0,1
7,0,1,4
0,4,2,2,3,13
1,5,5,5,5,5,5,5,5
12,11,0,4
1,5,5,5,5,5
5,0,1,4,2,3,13
4,5,5,5,5,5,5,5,5
0,1,4,2,2,3,5
8,9,0
13,10
2,3,4,5,5,5,5,5
8,9,6
2,3,4,5,5
8,9,0,1,4,2,2,3
0,1,13,5
0,1,4,2,2,3,3
0,1,2,3,3,4
0,1,2,2,2,2,2,2,3,3,3,3
2,3,4,0
2,3,4,5
13,5
0,6,12
0,6,11
6,7,11,0
0,1,2
0,1,1
0,5,5,5,5,5
0,1,4
11,0,1,2,2,3,4
0,4,2,3,13
0,1,3
0,1,5
0,5,5,5
5,0,1,13
4,2,2,2,2,2,2,2
6,0,1,4
6,0,1,2
0,2,2,3,4
6,0,1,2,2
6,0,1,2,3
9,5,0,4,3,13,10
0,1,2,2,2,2,2,2,2,3,3,3
3,4,4,4
12,0
0,1,4,2,3,5,5,5,5,5,5
2,3,5,5,5,5,5,5,5,5,5
11,0,1,4,2,3
12,8
2,3,5,5
9,0
2,3,5,5,5,5
0,1,2,2,2
0,1,4,2,3,13,5,5,5,5,5,5
2,3,5,5,5,5,5,5,5,5,5,5
0,4,3
0,4,2
0,1,2,2,3
4,3,13
12,0,4,13
11,0,1,2,2,3
12,0,4,2,3,13
0,1,2,3,4,5,5,5,5,5
0,1,2,2,3,4
0,1,2,2,2,2,2,2,2,2,2,2
7,12,0,4,2
0,1,2,2,2,2,2,2,2,2,2,3
7,11,0
6,7,11,0,1,4,2
12,11,0
3,4,5,5
0,1,4,2,2,3
3,5,5,5,5,5,5,5,5,5,5,5
6,7,0,4,2,3
4,2,2,2,2,2,2,2,2,2
7,12
0,1,13,5,5,5,5,5,5,5,5,5
0,1,4,2,2,2
11,0
2,4,4,4
3,4,5,5,5
0,5,5
0,4,5,5
8,0
9,5,0
8,9,0,1,4,2,3
0,1,2,2,3,3
0,1,4,2,2,2,2,2,2,3
0,6,7,12,8,9
8,9
0,3,4
4,2,2,2,2,2,2,2,2,2,2,2
1,3,4
11,0,1,4,2,2,3
12,8,9
2,3,5,5,5,5,5
4,2,3,5,5,5
3,13,5,5,5,5,5,5,5,5,5,5
8,9,6,7,0
2,3,13,5,5,5,5,5,5,5,5,5
6,7,0,1,4,2,2,2,3
0,1,4,2,2,2,2,2,2,2
0,4,5,5,5,5,5,5
11,0,1,2,3,4
11,0,1,2,3
11,0,1,2,2
4,5,5,5
0,1,4,2,2,3,5,5,5,5,5
0,7,12
0,1,2,2,2,2,2,2,2,2,3,3
8,9,0,1
11,12
2,3,4,5,5,5
7,12,0
6,7,12,8,9,0,1,4,2,3,13,10
1,4,2,3,13,5,5,5,5,5,5,5
8,9,0,1,4
6,7,8,9,0,1,4,2,3,13,10
0,1,4,2,3,3
0,1,4,2,3,5
2,4,4,4,4,4
10,0
12,11,0,1,4,2,3
1,2,4
1,2,3
1,2,2
7,0
0,4,2,2,3
0,1,2,2,2,2
0,4,2,2,2
0,1,2,2,2,3
