6,5,7,17,63,8,64,65,66,67,68,69
65,67,66,68,69,69,69,70,38,71,72,29
8,17
28,1,32,29
104,60,42
26,34,19,39,40,42,15,43,44,45,4
29,62,45,11,3,5,6,7,17,63,8,64
47,41,84,8,17,8,48
1,0,41
62,45,11,3,5,6,7,17,63,8,65,64
3,5,6,79,2
44,29,62,45,61
21,1
5,17,63,8,64,65,66,67,68,69,69,69
58,59,60,42,44,61,29,62,45,4,6,5
4,5,6,15,16,7
40,56,57,58
67,68,69,69,69,70,71,38,72
6,5,14
63,8,64,65,66,67,68,69,69,69,71,70
56,57,58,59,60,42,44,61,29,62,45,11
2,1,3,4,5,6
59,98
40,56,83,58,59,60,42,44,61,29,62,45
62,45,11,3,6,5,7,17,63,8
37,40
50,40
40,56,83,58,59
65,67,66,68,69,69,69,38,71,70,72,29
0,3,10,3,5,6
3,4,6,5,7,2
67,68,69,69,69,70,38,71,72
32,1
32,0
39,40,42,15,43
84,8,41,8
68,69,69,69,70,38,71,72
29,34,35,31,3,38
11,3,6,5,7,17,63,8,64,65,66,67
29,62,45,4,5,6,16
46,84,8,8,48
67,68,69,69,69,38,70,71,72
6,5
19,23,25,26,28
62,45,4,5,6,17,63
1,3,5,6
84,8,8,48
34,35,31
38,41,8
60,42,44,29,62,61,45
80,19,39,40,42,15,43,44,45,4
0,3,11,3,13,5,6
29,34,31,35
3,10,7
2,1,0,3,5,6,79
60,42,61,44,29,62,45
17,63,8,65,64
60,42,44
72,74
72,73
0,1,3,5,6,7,11,3,7
80,39,40,42,15,43,44,45,4
25,26,28,32,1
30,32,1
3,5,6,7,11
63,8,64
62,45
0,1,8,8,48,3,4,5,6,7
60,42,44,29,61,62,45,11,3
8,48
3,5,6,7
16,7,14
44,29,62
70,38,72
15,16
74,29
68,69,69,69,70,38,71,72,29,74,73
3,4,5,6,7,14
19,25,26,28,1,32
8,41
55,40,56,83,58,59
104,97
0,2,3,4,5,6,7
1,2,3,4,5,6,7
0,31,29,34
82,57,58,59,60,42,44,29,61,62,45,11
32,29,31,3,34
60,42,44,29
25,19,26,28,1
15,16,7,7
34,35,38
41,30,38,8,17,8
42,44,61,29,62,45,4,6,5,17,63,8
19,25,26,28,0,1,32,29,31,3,34
29,62,45,11,3,6,5,7,17,63,8
104,11,3
40,56,83,58,59,60,42
17,63,8,65,64,66,67,68,69,69,69
1,8,8,48
17,63,8,64,65,66,67,68,69,69,69
41,8,17,8
58,83,59
25,26
40,56,57,58,59,60,42
38,39,40,42,43,15,44
5,6,7,7
19,109,25,26
37,19
16,1,7,7,14
5,6,7,2
60,42,44,29,61,62,45,11,3,6,5,7
44,4,45
58,59,60,42
0,3,6,5,79
19,25,26,28,32
8,64
8,65
97,98,104
4,5,6,15
67,66,68,69,69,69,38,70
4,5,6,16
47,41
45,4,6,5
25,34
32,29,31,1,21,34
52,29,40
52,29
30,1
26,28,1,0,32,29,34,35,31,3,38
10,3,4,5,6
57,58,59,60,42,44
4,3
75,77,76,77,76
62,61,45
19,24,25,26,27,28
28,32,1
4,8
68,69,69,69,38,70,71,72,29
26,28,1,0,32,29,34,35
3,38,39,40,42,15,43
26,25,34,35
7,17,63,64,8,65,67,66,68,69,69,69
17,8,9,8
14,17,63,8,64,65,66,67,68,69,69,69
1,0,3,4,5,6
38,41,8,8
8,48,80
31,29,34
66,68,69,69,69,38,70
20,6,5,21,1
38,41,8,41
41,8
96,82
55,40,56,57,58,59,60,42
58,83,59,42,60
62,45,4
56,58,57,59,60,42,44,61,29,62,45,4
57,58,59,60,42,44,61,29,62,45,4,6
0,2,3,5,6,79
58,59,60,42,61,44,29,62,45,4,5,6
41,17,8
63,8,64,65,67,66,68,69,69,69,38
11,3,5,6,7,17,63,64,8,65,67,66
68,69,69
5,6,7,17,63,8,64,65,66,67,68,69
3,4,5,6,15
25,19
3,4,5,6,16
9,8,8
35,48
67,68,69,69,69,70,38,72,71,29,73,74
59,60,42,44,61,29,62,45,4,5,6
57,58,59,60,42,44,61,29,62,45,4,5
38,5,6,19
66,67,68,69,69,69,38,70
79,8,8,48,80,19,39,40,42,43,15,44
0,3,6,5,7,11,3,7
5,6,14,85
19,93,4
26,28,32,1,0
46,24,80,19,39,40,42,15,43,44,45,4
1,32,29,31,34
45,4,46
1,3,11,3,13
17,63,64,8,66,65,67,68,69,69,69,70
78,4,19
55,40,56,83,58,59,60,42
70,38
6,5,7
57,58,59,60,42,61,44,29,62,45,11,3
44,61,29,62,45,4,6,5,17,63,8,64
2,0,1,3,5,6
3,4,5,6,7,2
26,28,1,0,32,29,34
66,67,68,69,69,69
62,45,4,6,5
1,27,8
66,68,69,69,69
63,8
68,69,69,69,70,38,71,72,29
71,72,29,73,74
5,6,19,26,25
7,17,63
36,25,26,34,19,39,40,42,15,43,44,45
80,19,39,40,42,15,43,44,45
99,100
40,56,83,58,59,60,42,44
25,26,34,19
32,0,34,35
37,8,8,48
40,56
8,41,17
8,48,4,5,6
6,5,79,8,8,48,80,19,39,40,42,43
1,21,39,40
30,38,84,8,41
0,2,3,4,5,6
17,63,8,64
3,5,6,7,17,63,8,64,65,66,67,68
5,6,7,17,63,8
12,3,11,3,85,14
0,2,1,3,4,5,6,7,2
2,0
2,1
29,31
2,3
29,34
11,3,5,6,7,17,63,8,65,64
40,51
26,28,1,32,29,31,34,19,38,39,40,42
2,0,3,4
96,82,83,58,59,60,42
25,26,34,35
19,23,25,26,28,1,32,0,29,31,34,35
69,70,38,71,72,29
55,40,56,58,57,59,60,42,44,61,29,62
26,34,19,39,40,42,15,43,44,45
1,4,37
40,56,57
67,66,68,69,69,69,38,70,71,72,29
2,0,1,3,4,6,5,7
0,1,3,5,6
7,17,63,8,64
1,0,2,3
40,56,58
35,38,46,24
35,38,3
34,35,38,3
3,5,6
83,58,59
40,37
3,5,6,7,17,63,8,64,65,67,66,68
29,34,35,31,38
39,40
44,45,37,79
2,1,0,3,6,5
0,3,5,6,7
62,45,11,3,5,6,7,17,63
47,41,8
44,45,4
69,70
58,59,60,42,61,44,29,62,45
1,32,29
45,11,3,5,6,7,17,63,8,64
72,74,73
83,58,59,60,42,44
40,56,57,58,59,60,42,44,61,29,62,45
61,62,45,4
26,25,34
29,31,34,19,38,39,40,42
3,4,5,6,15,16,7
7,17,63,8
66,67,68,69,69,69,38,70,71,72,29,74
98,104
4,3,5,6,15,16,7,7
40,56,58,57,59,60,42,44
37,79,8,8,48
84,8,17,8
1,21
26,27,28,29,31,30
8,64,65,66,67,68,69,69,69,70,71,38
66,67,68,69,69,69,71,70,38,72,29
80,19,39,40,42
70,71
25,26,28
70,72
56,83,58,59,60,42,44,61,29,62,45,11
26,27,28,1,32,29,34,31,35
42,15,43,44,45
64,66,67,68,69,69,69,70
33,14,17
36,26,25,34,19,39,40,42
25,19,26,28
0,3,10,3,4,5,6
34,35,48
19,7
19,39,40
38,39,40,42,15,43,44,45
72,29
19,4
34,19,38,39,40,42,15,43,44,45
0,2,3,6,5
1,34
4,5,6,15,16
1,32
6,5,15,16
64,65,66,67,68,69,69,69,70,38,72,71
25,26,34
26,27,28,30,1,32,29,31
0,1
0,2
0,3
19,3
19,2
34,19,38,39,40,42,15
19,1
44,61,29,62,45,97
60,42
38,39,40,42,43,15
37,79
15,44
63,8,64,65,67,66,68,69,69,69,38,71
63,8,64,65,67,66,68,69,69,69,38,70
6,5,79
25,26,28,32,1,0
19,20,5,6
38,8,8
15,43
67,68,69,69,69,38,70,71,72,29,74,73
40,56,57,58,59,60,42,44,29
1,0,2,2,3,4,6,5,7
25,87
45,4,6,5,17,63,8,64,65,66,67,68
32,29,34,19,31
0,1,3,5,6,7
57,58,59,60,42,44,61,29,62,45,11,3
2,0,3,5,6,7
4,19,23,25,26,28,1,32,0,29,31,34
26,27,28
5,6,37,79,8,8,48
30,1,32
39,40,42,15,43,44,45
29,62,45,4,5,6
5,6,7,17,63,64,8,65,67,66,68,69
0,3,10,3
60,42,44,61
65,67,66,68,69,69,69,38,70,71,72,29
94,9
1,0,3,4,5,6,15,16,7,14
59,60,42,61,44,29,62,45,11,3,5,6
4,5,6
1,2,0,3
12,3,11,3,13,6,5,14
44,29,62,45
2,0,3,4,6,5,7
1,2,0,3,5,6,79
0,3,4,6,5
67,66,68,69,69,69,70,38,71,72,29,74
39,40,42,15,43,44
66,67,68,69,69,69,38,70,71,72,29
0,29,31,34
97,104
33,14
55,40
77,76
26,28,1,32,0,29,31,34,35,38,3,5
8,48,4
11,3,6,5,7
29,62,45,11,3,5,6,7,17,63,8
1,0,3,5,6,7,2
19,39,40,42,15
67,66,68,69,69,69,38,70,71,72,29,74
4,5,6,15,16,7,14
17,8
64,66,67,68,69,69,69,38,70,71,72,29
0,3,5,6
15,43,44,45
3,11
3,10
65,67,66,68,69,69,69
68,69,69,69,70,38
43,44
35,38,5,6
23,26,28
62,45,11,3
55,67
5,6,7,8,8,48
5,6,7,17,63
15,43,44,45,4,8,8,48
10,3,5,6,11,3
59,60,42,44,61,29,62,45,4,6,5,17
66,65,67,68,69,69,69
28,1
63,8,64,65
28,0
3,5,6,7,17,63,8,65,64,66,67,68
65,66,67,68,69,69,69
69,38,70,72,71,29
1,3,4,5,6
0,10,3,4,6,5
2,0,3,6,5
19,38,39,40
43,44,45
32,29,34,35,31
4,25,26
0,2,3,5,6
3,38
20,5,6,1
25,26,28,1,32,29,31,34,19,38,39,40
19,25,26,28,0,1,32,29
34,19,39,40
0,29,34
25,26,19
64,65,66,67,68,69,69,69,71,70,38,72
66,68,69,69,69,70,38,71,72,29,74,73
34,35,38,47,41,8,8,48
40,56,58,57,59,60,42,44,61,29,62,45
0,29,31
67,68,69,69,69,70,71,38
4,8,8,48
35,38,47,41
19,25,26
67,66,68,69,69,69,38
10,3,5,6
1,2,0,3,4,5,6
38,5,6
3,47
28,1,32,29,31,34
12,3,11,3,85,14,7,7
79,46,84,8
25,26,28,1,32,29,31
87,25,26,27,28
29,34,19
31,38
67,69,68,69,69
45,11,3,6,5,7,17,63,8,64,65,66
67,66
28,1,32,0,29,31,34,35,38,3,5,6
29,34,35,3,31,38,5,6
12,1,0,3
40,54,54
55,40,51,52,29
11,3,5,6,7,17,63,8,64,65
25,26,28,1,32,29,34,35,31,38
67,68
62,45,4,6,5,17,63,8,64,65,66,67
37,55,40
10,3,4,6,5,7,7
18,19,22,4,3,5,6,15,16,7,7
83,58,59,60,42,61,44
10,3,4,5,6,7,7
28,29,31
71,72,29,74,73
5,6,44,45
7,17,63,8,64,65
62,45,11,3,5,6,7,17,63,8,64
29,34,35,31,3,38,5,6
63,8,65,64,66,67,68,69,69,69,38,70
28,32,1,0
69,38,70,71,72
5,6,21,1
3,4,5,6,15,16
66,68,69,69,69,38,70,71,72,29,74,73
1,0,2,3,6,5
42,15,43
5,79,8,8,48,80,19,39,40,42,43,15
62,45,11,3,5,6,7,17,63,8
29,34,35
19,36,26,25,34
25,24,26
40,56,57,58,59,60,42,44
40,56,58,83,59
60,42,44,29,61,62,45
24,19,36
11,3,13,6,5
2,1,0,3,4,5,6,15,16
34,35,38,3,5,6,7
39,40,42,43,15,44
80,19,39,40,42,15
37,8
57,58
57,59
5,6,15,16,7
5,6,15,16,7,7
61,44,29,62,45
11,3,5,6,7,17,63,8,64,65,66,67
64,66,67,68,69,69,69
61,62,45
32,29,34,19,31,3,38,39,40,42
28,0,1,32,29
29,31,34,19
29,62,45,4
15,16,7,14
69,38
69,70,38,71,72,29,73,74
3,5,6,7,7
33,93
40,54,54,52,29
0,2,1
0,2,3
35,38
48,8
25,26,27,28,1,32,29
1,3,4,5,6,7
31,29,34,47
35,34
38,3,6,5
12,3,4,5,6,15
26,28,0
26,28,1
48,3
29,74,73
1,47,41
28,1,32,0,29,31
69,70,38
67,66,68,69,69,69,70,38,71,72,29
0,3,10,3,5,6,7,7,11,3,7
66,65,67,68,69,69,69,70,38,71,72,29
3,4,6,5,7
1,0,3,4,5,6,7,2
2,3,4,5,6,7
60,42,44,61,29,62,45,11,3,5,6,7
0,3,5,6,79
0,3,11,3,13,5,6,20
42,15,43,44,45,4
58,59,60,42,44,61,29,62,45,11,3
5,6,14,17,63,8,64,65,66,67,68,69
67,68,69,69,69,70,38,71,72,29,74,73
66,67,68,69,69,69,71
35,38,3,5,6
45,61
44,61,29,62,45,11,3,6,5,7,17,63
66,67,68,69,69,69,70,38,72,71,29,73
4,26,27,28
13,6,5
57,58,59,60,42,44,61,29,62,45
42,15,43,44,45,4,46,84,8
66,67,68,69,69,69,70
87,25
75,76,77
87,26
63,8,64,65,66,67,68,69,69,69,38,70
41,8,30,38,17,8
37,11,3,7
25,34,35
59,60,42,44,61
44,45,4,79
55,40,56,57,58,59,60,42,61,44,29,62
84,8,8,48,80,19,39,40,42,15,43,44
2,0,3,4,5,6,16,7
38,8,8,48,80,19,39,40,42,15,43,44
59,60,42,44,61,29,62,45,11,3,5,6
3,6,5,7
97,98
65,66,67,68,69,69,69,70,38,72,71,29
64,65,67,66,68,69,69,69,38,70,71,72
23,25
23,26
17,63,8,65,64,66,67,68,69,69,69,70
0,3,10,3,4,5,6,7,7
12,3,11,3
57,58,59,60,42,44,29,61,62,45,11,3
59,60,42,44,61,29,62,45,4,5,6,16
47,41,84,8,17,8
7,14,2
69,70,38,71,72
19,39,40,42,15,43,44,45
67,68,69,69,69,38,70
26,34,19
8,66,65,67,68,69,69,69,70,38,71,72
104,11
60,42,44,61,29,62,45
8,48,80,19,39,40,42,15,43,44,45,4
0,3,4,5,6,7
60,42,44,29,62
45,4,5,6
64,67,65
45,46
25,26,28,1,0,32,29,34
3,5,6,5,6
3,38,39,40,42
25,26,28,32
1,0,3
1,0,2
35,3
38,39,40,42,15,43
83,58,59,60,42,44,61,29,62,45
9,8
7,8,8,48
0,10,3
5,6,19,26
0,1,3,4,5,6,7
2,1,0,3,4,5,6,15,16,7
64,65,66,67,68,69,69,69,38,70,71,72
104,11,3,5,6,7,17,63
41,8,9
84,8,8
41,8,8
46,8
1,0,3,4,5,6,15
17,63,8,64,65,67,66,68,69,69,69,38
38,84,8
17,63,8,64,65,66,67,68,69,69,69,38
28,1,32,29,34,35,31,38
45,4,5,6,14,17,63,8,64,65,66,67
55,40,56,58,83,59
7,14
69,38,70,71,72,29,74,73
7,19
41,30,38,84,8
98,104,11,3
3,4,5,6
4,5,6,14,17,63,8,64,65,66,67,68
26,28,1,32,29,31,34,35,38
17,63,8,65,64,66,67,68,69,69,69,38
6,5,7,7
41,84,8
11,3
60,42,44,61,29,62,45,4,6,5,17,63
66,67,68,69,69,69,70,38
25,26,27,28,29,31
6,5,7,2
29,31,34,19,38,39,40,42,43,15
18,22,19,4,3
19,39,40,42,15,43,44,45,4
28,1,32,29,34,35,31,38,8,8,48
11,3,13,5,6,14
66,67,68,69,69,69,38,70,71,72
8,48,80,19,39,40,42
33,37
25,26,28,1,32,0,29,31,34
65,66
107,5,6
22,4
65,67
2,1,0,3,5,6,7
38,72,29,73,74
8,48,19,36
68,69,69,69,38,70,71,72,29,74,73
8,64,65,67,66,68,69,69,69,38,70,71
2,0,3
1,0,32
41,30,38
66,67,68,69,69,69,71,70,38,72,29,73
8,64,65,66,67,68,69,69,69,38,70,71
3,4,5,6,15,16,7,33,33
40,56,58,83,59,60,42,44
79,2
12,3,11,3,13,5,6,14
19,24,25,26
45,11,3,5,6,7,17,63,8,65,64,66
25,26,28,1,0,32,29
1,2,2
7,1
33,7
7,2
7,3
52,29,40,54,54
0,2,3,4,6,5,7
7,8
7,33,33
42,44,61
2,0,3,6,5,7
73,29
61,29,62,45,11,3,6,5,7,17,63,8
12,3,11,3,85
43,44,45,4
38,5,6,19,26
5,6,15,16
24,25,26,27,28
30,38,41
26,34
17,63,8,64,65,66,67,68,69,69,69,70
13,5,6,20,5,6,21,1
26,28,1,32,29,31
26,28,1,32,29
44,61,29,62,45,11,3,5,6,7,17,63
29,31,3
17,63,8,64,65,66,67,68,69,69,69,71
11,3,5,6,7,17,63,64,8,65
29,31,34,48,35,38
84,8,17,8,48
29,31,1
25,19,26
20,5,6
61,45
40,56,58,83,59,42,60
61,44
28,1,0,32,29,34
34,35,31,38
60,42,44,29,61,62,45,4,5,6,17,63
80,19,39,40,42,43,15,44,45,4
59,60,42,44,61,29,62,45,4,6,5
19,87,25
19,25,26,27,28
78,4,93,19
4,6,5
61,44,29,62,45,11,3
95,40
83,58,59,60,42
35,38,79
58,59,60,42,61,44
45,11,3
45,11,3,5,6,7,17,63
58,59,60,42,44,61,29,62,45
88,89,57,59,29,90,42,44,61,62,45,4
19,36,25,26,34
17,63,8,65,64,67,66,68,69,69,69
26,28,1,0,32,29
17,8,48
59,60,42,44,29,61,62,45,11,3,6,5
11,3,20
66,67,68,69,69,69,70,71,38,72,29,73
58,59,60,42,44,61,29,62,45,4,5,6
4,3,5,6,15,16,7,7,7
68,69,69,69,70
7,17,63,8,64,65,66,67,68,69,69,69
41,30,38,84,8,17,8
0,1,3,4,5,6
72,71,29,73,74
35,38,46,8,8,48
5,6,7,17,63,8,65,64,66,67,68,69
7,2,2,2
4,19,25
3,5,6,19
19,39,40,42,15,43
19,78,4,93
26,23
32,29,34,35
66,65,67,68,69,69,69,70,38,71,72
26,25
31,3
5,7,17,63,8,64,65,66,67,68,69,69
31,1
11,3,13
32,1,29,31,34
26,28
63,8,64,65,66,67,68,69,69,69,70,71
58,60,42
3,5,6,15,16
24,80
48,38
56,57,58,59,60,42,61,44,29,62,45,4
1,0,3,5,6
11,3,19
5,6
44,45,4,8,8,48
14,17
58,83,59,60,42,44,61
15,43,44
7,85
45,11,3,5,6,7,17,63,8,64,65
1,0,3,4,5,6,2
25,26,28,0,1,32,29,31
57,58,59,60,42,44,29
25,34,19,39,40
45,4,6,5,14
70,72,29
14,19
19,25,23,26
26,28,32,1,0,29
25,26,28,1
12,86
7,17,63,8,65,64,66,67,68,69,69,69
26,34,35
56,57,58,59,60,42,44,61,29,62,45,4
25,19,26,27,28,1,32,29,34,31,35,38
34,19,39,40,42,15,43
66,68,69,69,69,70,38,71,72,29
3,5,6,79
25,26,28,1,32,0,29,31
1,0,3,4,5,6,7
29,62,45
73,74
17,63,8,64,65
5,6,7
67,68,69,69,69,71,70,38,72,29
5,6,7,11,3,7
5,6,2
5,6,1
19,24,25,26,28
17,63,8
84,8,41
62,45,4,6,5,17,63,8,64,65
12,0,2,1,3
72,71,29
38,39,40,42
60,42,61,44,29,62,45,11,3
68,69,69,69,70,38,71,72,29,73,74
59,60,42,44,29
62,45,4,5,6
0,10,3,4
36,25
93,19,25,24,26
41,4,5,6
0,3,10,3,4
24,25,26
24,80,19,39,40,42
60,42,61,44,29,62,45,11,3,5,6,7
12,3,11,3,13
8,48,3,4,5,6,7
58,57,59,60,42,44,61
1,0,3,4,5,6,15,16,7
42,44,61,29,62,45,11,3,5,6,7,17
64,65,67,66,68,69,69,69,38,71,70,72
35,38,46
59,60,42,44,29,61,62,45,4,5,6,17
19,25,26,28,1,0,32,29,34,35
67,68,69,69,69,70,38,71,72,29
67,68,69,69,69,70,71,38,72,29,73,74
26,27,28,29,31
19,39,40,42
46,84,8,17,8,48
65,66,67,68,69,69,69,38,70,71,72,29
24,25,19
63,8,64,65,66,67,68,69,69,69,70,38
47,41,8,8,48
67,68,69,69,69,71,70,38,72,29,73,74
60,42,44,61,29,62,45,11,3
0,2,3,6,5,79
32,1,29,31
60,42,44,61,29,62,45,11,3,6,5,7
4,6,5,15,16,7
10,3,4,6,5
3,4
3,7
1,32,29,31,34,35,38
28,0,1,32,29,34
18,19
1,0,3,4,6,5
19,25,26,28,1,32,29,31,34
0,2,3,4
11,3,85
72,73,74
55,40,95
19,25,26,28,1,32,29
30,38,8,41
2,1,0,3
72,29,73,74
11,3,7
64,65,66,67,68,69,69,69,70,38,71,72
25,23,26,28,32,1,0,29,34
79,80,19,39,40,42
40,2
1,32,29,34,35
32,29,31,3,34,5,6,35,38
38,39,40,42,15,43,44
0,3,11,3
72,73,29,74
44,45,4,8
11,3,5,6,7,17,63,8,65,64,66,67
34,19,38,39,40,42,15,43,44,45,4,46
83,58,59,60,42,44,61,29,62,45,11,3
40,56,83,58,59,60,42,44,29
58,59,60,42,44,29,61,62,45,11,3,6
32,0,34
55,40,56,58,57,59,60,42,44
63,64,8,66,65,67,68,69,69,69,70,38
26,27,28,1
1,31,32
17,63,64,8
28,32,1,0,29
58,83,59,42,60,44
8,64,65,66,67,68,69,69,69,70,38,72
68,69,69,69,38,70,72,71,29
41,17
39,40,42,15,43,4,5,6,44
61,11,3
58,59
11,3,13,5,6,1
18,19,25,26
0,32
55,67,68,69,69,69,70,38,71,72,29
11,3,5,6,7,17,63,8,64,65,67,66
28,32,1,0,29,34,35
35,48,38
34,35,31,38,21,1,37,8
26,25,87,34,35
0,29
67,68,69,69,69,38,70,71,72,29
28,32
19,25,26,28,1,32,29,34,35,31,38
65,67,66,68,69,69,69,38
66,67,68,69,69,69,70,38,71,72
1,0,2,3,4
38,70
25,4,26
38,71
38,72
71,38
2,0,3,4,5,6
41,30,38,8
9,94
1,0
8,64,65,66,67,68,69,69,69,71,70,38
26,27,28,1,32,29
1,2
1,3
8,64,66
8,64,65,66,67,68,69,69,69,70,38,71
28,1,32,29,31,34,35,38
30,38,41,8
1,8
0,1,3,4
17,8,9
57,58,59,60,42,44,29,61,62,45
34,35,38,46
1,2,0,3,6,5,7
84,8
0,3,4,5,6,7,2
2,0,3,5,6,79
42,44,61,29,62,45,11,3,6,5,7,41
0,2,1,3
69,38,70
28,1,0,32,29
1,0,3,4
100,19
3,4,5,6,15,16,7,7,14
4,6,5,17,63,8,64,65,66,67,68,69
58,59,60,42,44,29,61,62,45,11,3
26,28,1,32,29,31,34
10,3,4,6,5,15,16,1,7,7,14
3,6,5
65,67,68,69,69,69,70,38,71,72,29,73
38,39,40,42,15,43,44,45,4,46
55,67,68,69,69,69,70
3,33,33
5,6,7,17,63,8,65,64
2,0,3,4,5,6,7
64,66,67,68,69,69,69,70,71,38
2,1,0,3,5,6
58,57,59,60,42,44
34,35,38,3,5,6
70,72,29,74,73
19,13,5,6
28,29
10,3,4
55,40,56,57,58,59,60,42,44,61,29,62
39,40,42,15,43,44,45,4
1,0,3,5,6,7
8,48,3,4,5,6
29,62,45,11,3,6,5,7,17,63,8,64
0,3,4,5,6
16,14
32,0,29
26,28,1,0,32,29,31,3,34
87,25,26
44,45,37
38,41
42,15,43,44,37,45,4
64,8,66,65,67,68,69,69,69,70,38,71
34,48,35
44,61,29,62,45
60,42,61,44,62,45,11,3
67,66,68,69,69,69,38,71,70,72,29,74
83,58
61,44,29,62,45,11,3,5,6,7,17,63
0,3,10,3,4,6,5
3,4,6,5,15,16,7
68,69,69,69,38
24,80,19,39,40,42,15,43,44,45,4
29,62,45,11,3,6,5,7
2,1,0,3,11,3,13,5,6
8,48,3
14,85
68,69,69,69,38,70
71,72
28,32,1,0,29,34
2,19
58,59,60,42,44,29
39,40,42,15
71,70
3,6,5,7,17,63,8,64,65,66,67,68
65,66,67,68,69,69,69,71,70,38,72,29
34,3,35,38
15,16,7
35,38,6,5
80,19,39,40,42,15,43
1,0,3,4,5,6,15,16
44,29
79,8,8,48
4,5,6,7
1,2,0,3,6,5
19,25,26,28,1,0,32,29
21,1,37
38,6,5,79,8,8,48,80,19,39,40,42
38,8,8,48
29,1
42,15,43,44,45,4,46
11,3,13,5,6
28,1,32,0,29,31,34
42,44,29,61,62,45,4,5,6,17,63,8
38,41,84,8
8,48,80,19,39,40,42,15
56,57,58,59,60,42,61,44,29,62,45,11
15,16,1,7,7,14
13,5,6,20
32,34
71,72,29,73,74,14
29,62,45,11,3,5,6,7,17,63
13,5,6,21
2,1,3
61,29,62,45,11,3,5,6,7,17,63,8
2,1,0
25,26,28,1,32
3,5,6,7,17,63,64,8,65,67,66,68
66,65
5,6,44
4,5,6,5,6
67,68,69,69,69,70
34,19,39,40,42
38,72,29,74,73
24,25,19,26,27,28,1,32,29,34,31,35
69,38,70,71,72,29,73,74
42,44,61,29,62,45,11,3,6,5,7,17
67,68,69,69,69,71
13,5,6,14
8,48,80,19,39,40,42,43,15,44,45,4
1,21,37
55,40,56,83,58,59,60,42,44
4,6,5,15,16
26,27,28,1,32
38,6,5
6,5,15,16,7
35,38,46,24,84,8
30,38,84,8,41,17,8
32,29
3,4,5,6,16,7,14
19,25,26,34
2,3,4
12,3,11,3,85,14,33,33,7,7
14,7,7,85
71,72,74
58,59,60,42,44,61,29,62,45,4
0,3,6,5,7
67,68,69
85,7,7
29,62,45,4,6,5,17,63,8,64,65,66
38,39,40,42,15
20,6,5,1
71,72,73
3,31,38
4,8,17,8,48
66,67,68,69,69,69,70,38,71,72,29,74
26,28,32
66,67,68,69,69,69,70,38,71,72,29,73
1,0,3,4,6,5,15,16,7,14
26,28,32,1,0,29,34,35,31
16,7
59,60,42,44,61,29,62,45,11,3
28,1,32
69,70,19,47,41,8,17,8,113
15,5,6
2,1,0,3,11,3
14,7,7
55,40,54,54
5,6,21
38,47,41
42,61,44,29,62,45,11,3,5,6,7,17
16,1
19,25,26,28
26,28,29
66,68,69,69,69,38
11,3,5,6,7,17,63
5,6,19
29,71
19,26
5,6,14
5,6,15
26,28,29,31,1
19,23
26,27,28,30
19,25
19,39,40,42,15,43,44
55,40,51
55,40,56
25,26,34,19,39,40,42,15,43,44,45,4
32,29,31
39,40,42,43,15,44,45,4,8
32,29,34
29,62
42,44
0,3,5,6,7,11,3,7
11,3,5,6,7,17,63,8
44,45,8,8,48
1,32,0
0,10,3,4,5,6,7,7
45,11,3,5,6,7,17,63,8
0,10,3,4,5,6
4,26
2,0,3,5,6
19,37
72,29,74,73
38,8
19,36
62,45,11,3,6,5,7,17,63,8,64,65
82,57,58,59,60,42,44
63,8,64,65,67,66,68,69,69,69
59,60,42
72,74,73,29
60,42,44,29,62,45,61
20,5,6,21,1
38,3
55,40,56,58
4,19
19,100
29,74
29,73
55,40,56,57
59,60,42,44,29,61,62,45
15,43,44,45,4
40,95
28,1,32,29,31
93,19
71,72,29
4,37
34,35,7
8,65,64,66,67,68,69,69,69,38,70,71
25,26,28,0,1,32,29
2,0,1,3
58,59,60,42,44,29,62
6,5,15,16,7,7,7
15,43,44,45,37
28,1,32,29,34
17,63
45,4,46,47
7,3,10
41,3,8
15,16,7,7,7
7,80,39,40,42,15,43,44,45,4
55,40,37
18,19,25
25,26,28,1,32,0,29,31,34,35,38,3
41,8,8,48
38,72,29
7,17,63,8,65,64
66,67,68,69,69,69,70,71,38
3,6,5,79,2
26,27,28,29
26,28,32,1
42,15
69,38,70,72,71,29,73,74
79,8,8,48,80,19,39,40,42
19,14
38,70,72
42,15,43,44
36,25,26,34,19
19,36,26
30,38
25,26,27,28
31,3,38
19,78,4
14,7
65,66,67,68,69,69,69,71
39,40,42,43,15,44,45,4
68,69
67,66,68,69,69,69
18,19,93
25,26,27,28,1,32,29,34
46,84,8
6,14,17,63,8,64,65,66,67,68,69,69
34,19,3
32,34,19
6,7,17,63,8,65,64,66,67,68,69,69
71,72,74,73
59,60,42,44,61,29,62,45,11,3,6,5
3,6,5,79
1,32,29,34,19,31
44,29,62,45,61,11,3,5,6,7,17,63
19,109,25
74,73
67,68,69,69,69
55,40,56,83,58,59,60,42,44,61,29,62
40,56,57,58,59,60,42,61,44,29,62,45
40,56,58,83,59,60,42,44,61,29,62,45
66,68,69,69,69,38,71,70,72,29,74,73
0,3,4,6,5,7
2,3,4,5,6
19,24,25,26,27,28,29
41,17,8,48
55,40,56,57,58,59,60,42,44
5,6,79,2
10,3,5,6,7,7
25,24,26,27,28
19,25,26,27,28,29,31
59,60,42,44,61,29,62,45
59,60,42,44
46,8,17,8,48
68,69,69,69
55,69,69
39,40,42,43,15
70,38,72,29
3,4,5,6,16,7
24,25
96,95
38,5,6,79
29,62,45,11,3
58,59,60,42,44
2,0,1,3,5,6,7
23,25,26,28,1,32,0,29,31,34,35,38
82,58,83,59
55,40,52,29
6,7,17,63,8,64,65,66,67,68,69,69
0,1,3
58,59,60,42,61,44,29,62,45,11,3,5
65,66,67,68,69,69,69,70,38,71,72,29
67,68,69,69,69,70,71,38,72,29
57,58,59,60,42
38,39,40
38,3,5,6
33,19,93
61,29,62,45,4,6,5,17,63,8,64,65
67,68,69,69,69,70,38,71,72,29,73,74
6,5,21,1
46,24
58,59,60,42,44,61,29,62,45,11,3,5
58,59,60,42,44,61,29,62,45,11,3,6
67,68,69,69,69,70,38
84,8,41,17,8
62,61,45,4
34,35
5,6,11,3
57,58,59,60,42,61,44,29,62,45,4,5
65,64,66,67,68,69,69,69,38,70,71,72
2,1,0,3,4,5,6
0,10,3,5,6
1,32,0,34
38,1,21
25,23,26
13,5,6
3,4,5,6,7
29,73,74
26,28,1,32
3,0,10
64,67
1,0,3,3,10,4
12,3
64,66
25,26,27,28,29
8,64,65,67,66,68,69,69,69,38,71,70
19,25,26,28,1
68,69,69,69,38,70,71,72,29,73,74
34,19,37,38,39,40,42
25,26,27,28,1,32
29,31,34,35,38
41,17,63,8
60,42,61,44
26,27,28,1,32,29,34
44,29,62,45,11,3,5,6,7,17,63,8
26,27,28,1,32,29,31
6,5,14,7,7,85
3,38,6,5
44,61
34,19,38,39,40,42
6,7,17,63,64,8,65,67,66,68,69,69
2,3,4,6,5,7
1,2,0,3,4
35,3,31,38,5,6,19
25,26,27,28,30
75,77,76
44,62
7,11,3
35,38,3,5,6,7
64,65,66,67,68,69,69,69,70,71,38,72
25,26,28,1,32,29
80,39,40,42
6,7,17,63,8,64,65,67,66,68,69,69
2,1,0,3,4,5,6,7
34,19,39,40,42,15,43,44
62,45,11,3,6,5,7
69,38,70,71,72,29
79,80,19,39,40,42,15,43,44,45
1,3,4,5,6,15,16,7
68,69,69,69,38,70,71,72
3,4,5,6,15,16,7,7
5,6,7,17,63,8,64,65,67,66,68,69
34,19
31,1,32
61,62,45,4,5,6
5,6,85
25,26,34,19,39,40,42,15,43,44,45
45,11,3,5,6,7,17,63,8,64,65,66
8,9
35,3,31,38,5,6
29,34,35,31
0,3,4
1,3,4
41,17,63,8,64
19,25,26,28,32,1,0,29
19,87
39,40,42
32,29,31,3,34,35,38
45,4
11,3,5,6,7,17,63,8,64
19,93
66,67,68,69,69,69,70,38,71,72,29
44,45
17,63,8,64,65,67,66,68,69,69,69
5,6,79
20,6,5
1,32,29,34
58,59,60,42,44,29,61,62,45
1,32,29,31
58,83,59,60,42,44
66,67,68,69,69,69,70,71,38,72
0,3,6,5
62,45,11,3,5,6,7,17,63,8,64,65
3,4,6,5
3,4,6,5,15,16
76,77
59,60,42,44,61,29,62,45,4
10,3
29,31,34
18,19,87,25,26,27,28,1,32
7,17,63,8,64,65,67,66,68,69,69,69
10,7
6,5,17,63,8,64,65,66,67,68,69,69
26,28,32,1,0,29,34
0,3,5,6,7,2
