20738666
10194333
6586000
4899000
5521333
5035000
5453000
5339333
6162333
5189333
4434666
4477000
4964333
4936333
4523666
5061666
9852000
10229000
9417666
10152333
10860333
10702000
8457333
5931000
4855000
6931666
6909333
5637000
5155666
6243000
5544000
5616000
6052333
6031333
4698666
5838333
3937666
4568000
4311666
4441000
4114666
4998000
4658333
4478666
4244000
4500333
4784666
4395333
4390000
5117000
7106666
8573000
8293333
9024000
8701666
8975333
9898666
8111333
7913000
7666666
7602666
7868333
8716333
4178333
4104333
4262666
4427666
4287000
4044000
4151666
4258666
4198333
4420333
4115000
5123333
4354666
4222333
4346000
4658000
4695000
4860666
4505000
5467666
4838333
5278666
4907000
4847333
4039333
5404666
4382000
5279333
4209000
4066666
4771333
4817666
5250000
5049333
4954000
5185666
5270333
4393000
5521000
4495666
4391000
4486333
4582666
5439333
3971333
4161333
4145666
4037333
4222000
4150000
4085333
4023666
4915000
4428666
6700666
8482333
9433333
8762666
7963666
7385333
8519333
8250000
7867000
7727666
7020000
8631333
8542000
7220000
8699666
7957666
8410000
9077000
8109666
7663000
7526000
7286333
9460333
8239000
8524666
8042666
5831666
3997000
4223000
4129666
4242000
3960333
4615333
4147000
4044666
4056333
4194000
4201666
4335000
4096333
5533000
4053666
4171666
4323000
4031000
4131333
4324666
4203000
4191000
4284000
4122000
4232666
4066333
4217333
4280333
4246666
4078000
4365000
4690666
4596000
4061000
4541333
4797333
4613666
4415666
4059333
4016333
4156333
4249000
4279000
4392333
4101666
4083666
4010333
4260333
3431000
5292000
4141666
4314333
4139333
4296333
4205000
4153333
4129666
4417000
4028000
4452000
4235000
4732666
4424666
4144333
5421333
4384000
4689666
4924333
4112666
4202000
4243666
4889000
4048000
4508666
4148333
3819666
4138666
4152333
4345333
4143666
4089333
4239000
4015000
3831333
4273000
4983666
5186000
4240000
4845000
4774666
4958000
4425666
4395666
4072333
4202333
4225000
4044666
4065000
4030666
4226000
4123666
3949666
4056333
3825000
4420666
4214666
4545333
8971000
7976000
8693333
8370333
7456666
8312333
9086333
7338333
7636000
8083333
6315000
7191333
7869000
7442666
7740666
7584666
6371333
4291666
4144666
4068000
4119000
5431000
5257000
3929333
4745333
5016000
4079666
4199333
4298666
4321000
5388000
4557000
4869666
4303333
5339666
4233000
4076333
4216000
4766333
4601000
4058000
4919000
4796333
3932333
3809000
3945333
4928333
3934000
3836333
3721000
4108666
3838666
4038000
4372000
5780333
4376333
4344333
4489666
4323000
4251000
5237666
4424666
4372000
5454666
4545333
5588666
4394666
4859000
4922000
5281333
4530666
4182666
4362000
4308333
4619000
4387666
4200333
4338333
4303333
4443000
5431000
4465000
4469333
4536333
5629000
4672333
4160333
4560666
4648666
4403000
4321666
4400000
4282000
4254000
4377000
4201333
4345000
5527666
4586666
4342333
4390666
4510333
4420666
5101000
4733666
4521333
4310333
4563333
4878333
4256000
5749333
4713000
4299000
4260333
5201333
4349666
5698666
4391333
4945333
4762666
4287000
4427666
4458000
4132666
4223666
4638000
4360333
4183666
4395333
4327666
4125666
4461666
4487666
4151666
4488333
5165333
4514000
4530000
4474666
4192333
4628333
4266000
4498000
4309333
4097666
4636666
5512666
4450333
4287000
5794333
4536333
4524666
5294333
4839666
4998000
5657000
5067000
4436666
4152000
3916000
4370666
4230333
4503666
4457666
3856000
4350000
4366000
4303666
3979666
5791000
3946000
5339333
5221666
4603000
5437000
3718666
4282666
4396333
4738333
4788333
4275333
4209000
4436666
5170333
5620666
4493666
5706333
4433666
4382666
4356333
4133666
4330333
5133333
4275000
4043000
4079000
4421666
4475666
4400333
4974000
4568000
4431333
4604666
4334666
4256000
4364000
4509333
4567000
4395333
4863000
4422000
4435333
4411666
4215333
4263000
4649000
4471000
4328000
4422000
4523000
5004666
4243666
5929666
4992333
5389000
5554333
5855333
5614333
5419333
5979666
5218333
4428666
5934333
4317666
4714333
4446333
4670666
6217666
4710666
4367333
4547666
4825666
4094000
4325666
5740666
4636000
5914333
5773000
5886333
5117666
5557000
5834333
4847666
5939000
4791333
4421666
6076333
5734666
5113333
5476333
4737333
5227666
5580000
5190333
5199333
5785333
5043000
4471000
4281000
4508666
5208666
5556000
4943000
5118666
4320666
4389000
4480000
4803666
4867000
4632000
4525000
4886666
4518000
4177666
4369666
4363000
5065000
4571666
4425000
4268666
4287000
4342333
5628666
4564000
4905000
3916000
4797333
5122666
4534666
4759666
4334666
4590000
4388000
5003666
4905666
4384666
4123333
4429333
4442666
4407000
5087000
4258333
4494000
4718000
5171333
4438666
4738333
4711333
4402000
4188000
4428000
4950333
4212666
4456000
4457333
4501333
4321000
4794000
5732000
4229666
4249000
4458666
4554000
4292333
4266333
4341000
4397666
4277000
4298333
5109666
4830333
4431000
4521333
4370000
4453333
4622666
5925666
4421666
4453000
5163000
5806333
4475666
4498000
4405666
4676333
4336666
5238666
4322000
4370000
4153333
4396000
4853333
4848666
4479666
4206666
4073333
4899000
4691666
5123333
4524666
4292666
4458333
4005000
4587666
4658000
4593333
4478333
4207000
4100666
4501666
4813333
4713000
5004666
4485333
4245333
4329666
5872666
4503666
4312333
4444333
4658000
4653333
4668333
5877666
4457333
4494000
4502666
4464666
4415333
4465666
4444000
4747333
4535000
4137666
4591666
4531333
4383000
4584333
4429000
5165000
4187666
4123000
4626666
5363333
4517666
4146666
4538000
5610666
3975000
4184666
4092000
5136666
4552000
5980333
4127666
4446000
4613333
4763333
4415666
4725333
4582666
4442333
4076666
4466333
4357333
5048333
4478000
4423666
4444333
5512000
4291333
4635333
5122333
4526000
4299000
4214666
5495666
4490666
4286333
4578333
4987000
4209000
5770000
4407000
4459000
4306333
4475333
5285666
5414333
4388333
4232333
4294333
4660333
5093666
5305666
4839000
4572000
5551666
4399333
3834333
4192666
4789000
4477666
4317000
4321666
5230666
4648666
4264000
4541333
5355666
4321333
4343000
4316666
4516666
4175000
4411333
4233666
4336000
4231000
4292666
4457666
4216666
4357666
3822000
5464333
4479666
4075000
4190666
4220666
4271666
4497000
4578666
4269333
4587666
5064666
4303333
4344333
4244000
4552333
4471666
4519000
4998000
5163333
4931333
4369000
4448000
5240666
4859666
4483333
4142666
4466666
4439333
4375333
5161000
4387000
4485333
4433333
4449333
4444666
4242666
5008000
5427333
4474333
5315666
4645000
5596000
4666666
5515666
4660000
4629000
5775333
4651000
4133666
4405333
4709333
4728666
4169333
5200333
4328333
4225333
4342666
4570333
4373666
4390666
4341333
4437333
4445000
4405000
3623000
4479333
4238666
3553666
4479333
4097000
4072333
4272333
4332333
4519000
4790000
4447333
4392333
4324666
4365666
4468333
5406000
4536000
4316333
4301333
4353666
5117666
4933666
4536000
4413000
4577666
4495666
4642000
4608333
4603000
5522000
4496000
4345333
4500333
4370666
4480333
4451000
4564000
4400666
4520666
5824666
4367333
4441333
4935333
4369333
5675666
5089333
4472666
4492666
4430333
4148333
4325666
4484000
4432333
4247333
4346000
4239666
4485666
5236666
4479000
4433333
5383666
4199666
4225333
4100000
4327333
4049000
4272333
4402000
4596333
4378666
4415000
4316333
4469000
4300666
4481666
4535000
4603333
5261333
4604333
4329000
4389333
4577333
4477333
4411333
4552000
4223000
4462333
4449000
5378666
5323333
4558666
4560666
4186666
4385666
4281000
4123000
4125666
5214000
5806000
4556333
4322333
4261000
4222333
4404000
4585666
4175333
5855000
4290333
4372000
4396000
5811333
4488333
4586666
4408666
4223333
4591333
4524333
4394666
4559333
4417666
4458333
4595666
3898000
4086000
4258000
4671333
4789333
4548333
4494666
4174333
4557333
4292333
4379000
4358000
4584666
4463666
4623666
4508333
4583666
4459333
4528000
4730333
4423666
4270000
4317000
4347333
5701000
4329000
4241666
4365666
4379333
4110666
5181333
4933666
4118000
4432666
5298333
5304333
5221666
5921000
4323333
4474000
5035666
4845000
4500333
5366000
4237000
4480000
4376666
4293333
4321666
5030666
4998333
4340333
4399333
4287666
4091333
4141000
4496666
4186666
4474333
5260333
4528000
5172000
4440000
4959666
4459000
4305666
4275000
4425000
5518000
4475000
4427666
4359000
4450666
4600333
4172333
5376666
4628333
4451666
5533666
4768666
4649666
4086000
4504666
4308000
4426666
4402666
4462666
4268666
4943666
5763000
4347333
4342000
5307666
5221666
4930666
5228333
4398000
4484666
4698666
4639000
4185666
4735333
4440666
5013666
4544666
4320000
4781666
4629000
4485666
4773000
4550333
4737000
5175000
5258666
4555000
4521666
4989666
4598000
4319000
4463000
5748000
4656000
4661000
4454666
4471000
4907666
4407666
4623666
4617000
4621666
4437333
4630333
4749666
4607666
4389666
4598333
4392000
4390666
4305000
4775000
4803000
4561666
4551000
4508666
5512333
4649666
4824666
4932000
4518666
5260000
5281000
6165333
5481666
4766333
4744000
4794333
4849000
5400000
4570333
4412000
4295666
4809333
5766333
4617333
4733666
4745333
4804000
5562333
4532333
4378000
5009000
4605333
4925666
4666333
4463666
4514333
4556333
4372333
4617000
4881333
4482666
4300333
4563333
4516666
4997333
4778333
4335666
4426666
4507333
4516000
4732666
5196000
4824666
4888333
4522666
4679333
4512666
4595333
4564000
4534000
4394333
4155000
4490000
4585000
4587000
4705666
4481333
4568333
4682666
5340666
5566333
4356333
4686666
5173333
4533333
4994333
4103666
4537666
4889666
4574000
4981333
4972000
4508666
4218333
4381000
5024666
4345000
5047333
5168000
4804333
4754333
5163333
4301000
4585000
5449333
4478666
4771666
4686000
4436666
4395666
4444666
4049666
4200333
4596666
4420666
5201333
4764666
4469666
4862666
4181333
4504666
5490333
5360666
5528333
4271000
4889333
5378333
4321000
4498000
4969333
4738333
4364333
4593000
5870333
4685000
4591000
4323000
4813666
4733333
4510333
4711333
5546000
5053000
5876000
4393000
4856333
4867666
4745333
5048333
4643000
4196666
4471000
4498333
4735000
4235666
4604333
4633000
4837000
5375333
4618000
4432000
4613000
4759000
4339333
4317333
4534333
4674333
5799333
4389666
4877666
4675333
5458333
4200333
4593000
4713666
4941333
4616666
4558000
4477666
4129000
4452000
4437333
4447000
4454666
4186666
6316000
4627333
5005000
4847333
4696000
4382333
4428333
4231000
4808666
5272333
4434000
4396333
4947666
4546333
4302000
4367000
4276666
4377666
4917000
4747333
4483666
4464333
4660333
4120333
4489000
4357666
4784666
4445666
4790666
4559000
4620666
4445000
4681333
3498000
4404666
4493666
4369333
4747333
4474333
4663333
4562333
5043000
4548000
4807000
4627666
4377333
4399666
4866666
4993333
4526666
4480333
4331000
3767666
4680000
4683666
4380333
4641333
4723666
4546333
4628000
4515000
4443666
4557333
5273666
5475666
4506333
4834333
4553333
4470666
4444333
4430000
4282000
4349666
4335666
4629666
5157000
4649000
4644666
5397333
4569666
4386666
4639000
4187000
5568333
5178000
5161666
4369333
4666666
5027000
4727333
4398000
4270666
4059666
4476000
4787333
4616000
5015000
4612000
4632333
5502333
4751333
4795000
4419000
4313333
4622333
5731333
4598666
4299333
4444333
4666000
4240666
4491666
4391000
4506666
4223333
4988333
5055333
5276333
4823333
4824333
4044000
4368000
4406000
4778333
5205333
4520000
4055000
4647666
4576333
4579333
4734333
5257333
4984333
3976666
4286666
4925000
4383666
4612000
4340333
4438333
4061666
4194000
4386000
5258333
4587333
5657666
4249333
5474000
4208333
4857000
4614666
4560000
4220000
5778666
4583000
4520333
4873666
4421333
4424000
4458666
4531666
4339666
4597333
4324000
5077333
4273666
4269666
4881666
4831666
4459000
5328000
4633666
4154333
4538666
4342333
4360000
4678000
4385000
4315666
4173666
4276333
4629333
4239000
4272333
4564000
4573000
4344000
4436000
5023000
4583666
4352000
4609000
4690666
3741000
4436000
4480000
4456000
4466666
5590333
4302333
4488333
4804333
4709666
5527333
4594000
4288666
4178333
4484000
4289333
4106333
4090333
4421333
5509000
4197000
4253000
4445000
4389666
4463000
4317333
5844666
4132666
4557666
4505333
5525000
5706000
4197666
4275000
5824333
4672333
5667000
4361666
4400333
4266000
3870000
4364000
4532666
4505666
4310000
4135333
4533666
3740333
4397333
4331000
4359000
4446666
4629333
4515666
5144333
4563666
4494333
4410000
4418333
4411000
4443000
4476666
4566666
4447000
4658000
4845000
5352000
5111666
5242333
4516666
4624666
5626000
4869333
4473000
4288333
4106000
4283333
5664333
4426333
4383333
4318666
4471666
4362000
4253000
4353000
4468000
4392000
4367666
4584333
4413333
4415333
4450666
4306000
5551666
4422333
4430000
5501000
4396000
4075333
5737000
4468333
4700333
4438666
5120000
4420333
4463666
4431333
4240666
4376000
4598666
4422000
4411000
4389333
4364666
4359333
5677333
4618333
4324000
5327333
4447000
4486000
4430333
5160333
5308333
5262333
4434333
4817000
4752666
4816666
3667000
4600666
4416000
4214333
4522000
4364000
4569000
5897333
4901000
5887000
4626666
5531666
4310333
4424666
4577666
4481666
4603666
4366333
4227000
4374666
4201666
4239666
4335666
4760000
5776000
4659333
4232666
4312666
4355000
4382000
4202000
4492333
4526666
5252666
4458333
4402333
4357000
4351666
4044333
4517333
4389666
4545333
5405000
4108000
4341000
5757333
4890666
5413000
4483000
4385666
4266000
4359000
4475000
4857666
4834000
4035333
4629666
4461333
4627333
4319000
4324666
4455333
4185666
4597666
4341000
4453666
4235333
4438333
4349333
4097333
4599333
4364666
4216666
4356666
4414000
3969000
4843333
4646666
5695666
3970666
5674333
4500666
4266333
5054000
4897000
5160000
4467000
4546666
4825333
4276333
4826333
4286333
4521666
4339333
4069666
4575333
4651000
5565333
4530000
4183000
4262000
5345666
4067666
4364333
4269333
4440666
4550333
4370000
4380000
4282666
4258666
4287000
3952000
5046333
4398000
4421333
4443666
4529000
4627666
4697666
5334333
5856666
4087333
4529666
4778333
4604666
4588666
4440000
4686333
4556333
4488666
4588333
4256333
4584666
4402666
4441000
4609000
4495333
4678000
4369333
4569666
4548666
4728333
4693000
4422000
4272333
4215333
4697666
4463000
4484666
4594333
4783666
4817000
4356000
4630000
4780333
4460000
4439666
4555666
4805666
4551333
4864333
4489333
4607666
5222333
4616000
4598000
4501000
5191333
5750666
5130666
5221000
4170666
4266333
4501333
5810666
4525666
4513333
4740000
4382000
4701666
4379333
4653666
5018666
4377333
4330333
5193000
4403333
4374000
4860000
4945666
4455000
4718333
4491333
4499000
4316333
4765333
4292000
4564000
4381000
4375000
4590000
4394000
4554666
4218333
4278333
4414000
4414000
4510666
4193666
4571000
4259000
4286000
4617666
4089000
4164000
5127333
4588333
4509333
4348333
4292000
4493666
3953666
4535666
4728666
4510000
4990666
5088000
4855000
5564333
4706000
5198333
5034333
4776666
4613333
4695000
4298666
