1017,880,1497,332,1374,1559,991,899,776,249	10	1117666
138,726,1534,1264,1577,1758	6	765666
1127,1258,76,44,1259,1260	6	389333
1028,1627,997	3	341666
1080,1406,1455,988,1903,963,1054,1827	8	110666
815,399,652,783,275,961,976,1290,357,67	10	86333
1529,192,837,728,824,1132,1829,1254,338	9	82333
802,374,1068,1174,447,682,690,1024	8	83333
1927,824,1665	3	82333
1671,218,1672,903,108,1543,1673,1674,722,1242	10	86666
635,157,1050,275	4	83333
1890,976,1184,1048,1420,203,318,1747,141	9	85666
1328,948,299,803,830,1761	6	82333
907,444,140,858,508,908,109,909,23	9	84333
857,338,1819,891,450,1852,1262	7	83000
637,414,558,1019,160,1185,1186,1187	8	82333
1689,165,729,1957,1680,1265,724,152,1536,488	10	84000
781,1044,1257,51	4	81000
1028,1247,1113,589,1395,1295,1385	7	92666
928,1215,964,981,1216,509,677,485,1217	9	90666
1054,1474,709,1277,1150	5	84333
682,1336,1778,514,1513,1150	6	82000
605,274,1842,654,1753,1713,612	7	82333
63,64,65,66,67	5	82333
1825,215,79,521,1747,1992,1629,1819	8	84666
356,687,1308,1296,1450,194,1097,1548	8	82333
1438,1481,1826,1412,894,340,681,86,46,1764	10	86333
1310,1492,439,1191,518,910	6	102000
826,367,1464,1465,351,1180	6	131000
281,765,1704,131,736,753,256	7	114666
486,487,488,489,490,491	6	109333
1482,528,815,1145,1828,148,1282,1580,186,490	10	105333
1778,1970,163,1996,424,1441	6	125000
403,39,1741,921	4	105666
122,1555,763,1508,646,632,605,1733	8	83666
980,981,586,982,983,984	6	77666
820,821,729,822,823,481,615	7	80000
835,778,765,665,1162,1568,574,422,191	9	93000
623,46,624,625,76,294	6	90333
1687,846,1934,577,911	5	77666
688,689,690,691,692,693,694	7	77666
1563,281,1564,343,1034,1565,1566	7	79666
961,1977,1600,35,286,1628	6	75666
1747,191,1098,1000,1527,1193,1132,458	8	76333
99,131,1744,1938,602,479,134,1069	8	94000
666,399,1200,1494,104	5	75666
452,453,114	3	79666
203,1562,921,657,1488,1533,1391,991	8	73000
151,1125,93,528,1013,1126,379,1127,1128,1129	10	71000
1225,1226,1009,788,126,909,44	7	73000
910,1769,691,531,469,617,869	7	72666
877,62,338	3	70333
156,1743,1832,1008,430,1038	6	72000
138,436,659,339,363,23,1322,1323	8	76333
1564,752,215,779	4	72000
36,1828,1654,69,1276,671,806	7	74333
1819,1884,16,795,1646,1009	6	71666
1417,673,852,460,184,1836,1132,730	8	71666
1665,1529,1816,1755,1909,1331,635	7	74000
466,1284,1812,1405,855,1110	6	71000
1393,686,1326,1870,502,974,450,1761,476	9	72666
1983,1171,590,1329	4	72000
1285,1279,1572,1109,203,1811,212	7	71000
237,1186,1227,1228,108	5	73666
685,757	2	2288666
454,1304,631,445,209,732,763,77,1488,1020	10	91333
1279,930,320,416,577,238	6	78666
724,1595,168,701,1455,668,104,947,1061	9	78666
1886,1480,1428	3	74000
1757,1424,1457,919,125,1832,1423	7	77666
229,827,704,26,1279,1280,1281,1076	8	75333
1474,1307,1308,1620,1942,362,472	7	79000
1546,361,1572,899,957,1662,233	7	76666
463,895,1503,498,301,141,1245,1504,1117	9	74333
213,1661	2	74333
1050,329,1835,1261,218	5	74333
1445,1754,1745,1646,688,1080,923	7	88000
1543,1461,1544,1545,319	5	72000
1210,1449,155,259,1464,1542,1545	7	74333
912,913,190,90,861,445,914	7	71666
1126,626,583,1482,1548,1557,813,676	8	71666
1714,909,1347,1936,1930,1131,477	7	74000
346,226,1101,1102,323	5	104000
55,1794,1773,27,1218,1111	6	97000
867,1820,927,291,1022,1821,1460,787	8	96333
1611,1543,1279,1537,1612,364,1613,536,1429	9	75333
1137,691,1191,136,370,171,313,1449,843	9	116000
1949,494,95,1592,1040,1354,164,1732	8	69333
1820,842,1958,1866,10,1232,727	7	66000
655,1071,460,1969,754	5	63666
953,890,1324,253,1851,144	6	62666
162,165,1177,1474,1410,462	6	66666
792,873,874,810,35,875,876	7	67000
1594,1400,472,1247,1340	5	64666
558,1045,1057,1156,33,550,1094,63	8	66000
53,1934,1378,1504,512,1046,1182	7	64666
1821,1857,579	3	62666
767,768,769,770	4	63666
1358,1027,1889,469,1767,1451,633,863,9,560	10	66000
764,536,765,766	4	76333
168,1061,204,1114,1638,1237,1002,529,969	9	97666
8,1672,1473,437,44,1101,674,1754	8	67000
930,533,1790,575,1032,1580	6	67000
1646,1078,1217,323,397	5	65000
535,536,537,538,539,517,540,541	8	67000
1493,1064,1068,770,420,208,880,155,1726,1161	10	65000
126,590,421,239,589,591,592,593,168	9	67333
1394,738,1529,1796,1783,1612	6	69000
118,278,1131,1193,639,1430,1559	7	68000
254,133,764,450,504	5	69666
1772,28,1065,733,1155,1902,1412,167,1545,1399	10	71666
1127,1216,319,710,444,248,130,1758,933	9	68333
492,30,493,494,495,496,497,498	8	66000
262,1022,1769,200,570,1849,1002	7	66000
282,853,752,225,1436	5	64666
356,349,1056,58,1264,90,503	7	67333
90,736,1433,585,1026,1364,980	7	65000
44,1805,1838,603,1031,1759,1565,1069,558,1866	10	69666
1159,153,352,83,694,1101,328	7	67333
531,1018,1019,797	4	67000
772,1945,361,148	4	70000
1277,1514,45,105,6,1864,132,123	8	69333
1396,364,358,546,30,1084,1561	7	72333
979,1587,1115,1975,694	5	67000
315,970,470,1097,1458,76,1905,212	8	74666
144,1581,1328,720,64,343,1548	7	71666
416,147,915,1696,1723,1961,920,340,1505	9	74000
1826,1589,1237,1827,947,110	6	69666
1328,1450,1155,809,1255,1298,1353	7	69333
580,1137,1413,1015,1289,629,128,496	8	70666
42,1588,1392	3	69333
707,1600,279,1031,1526,106,1272,197	8	71666
1689,1673,317,213,182,1482,1870,648	8	69666
387,1356,1725,252,83,1077	6	69333
484,965,966,967,513,233,968,317	8	73666
525,1629,1606,750,562,31	6	68666
1703,1143,1583,312,31,657,225,489,387	9	74666
550,1049,1200,1419,169	5	71333
1635,153,409,796,137,1547,433	7	62333
914,729	2	58000
72,1737,1502,521,760,1923,1328	7	61333
890,1128,869,744	4	75333
1549,1045,1550,684,674	5	62000
238,1431,1429,1007,1164,489	6	60333
1034,224,837,1035,1036,134	6	60000
966,778,1479,1144	4	59333
1579,356,921,1137,93,1962	6	59000
697,949,771,1850,33,1884,548	7	61000
433,1410,70,16,1272,1572	6	61666
1296,513,1262,1268,875,1068,1011,681	8	60333
1483,1030,186,1649,19,1650,289,1100	8	59333
1639,597,1070,356,604,755	6	59000
936,178,170,1326,1035	5	58000
918,505,907,1663,725	5	58333
1636,1890,1828,153,1449,1665,1586	7	60333
568,694,977,1493,1452,1577	6	58333
25,26,27,28,29,30,31,32	8	60333
966,600,1139,1512,691	5	58000
1436,857,997,1506,885,1255,1420,809,43,1507	10	61333
933,934,935,936,106,564,937	7	60333
1212,197,907,793,319,1094	6	59000
633,330,357,943,525,1078	6	59000
1617,970,1424,1383,544,1164,1860,1024,1252,508	10	62666
942,500,893,1382,281,291	6	63333
1013,1425,1968,1553,296,1814,1764,13	8	99666
417,1182,1866,1887,1606,1729,169,1947,1573	9	59000
1624,1602,1066,1755,1357,1320,1929	7	61333
1308,260,1309,1121,948,1310,734	7	60333
1483,1195,965,276,150,1647,1493,770,840	9	61333
1146,8,434,965,250,1744,1588,1828,1967,1577	10	62666
834,1372,378,218,606,596	6	60333
505,736,631,316,0,1312,1486	7	91333
1079,521,910,1171	4	72666
1899,1849,484,1025,941,554,256,1108	8	72333
97,1894,268,610,326,382,1466,1586	8	62333
235,722,714,1204,1671,1716,1813	7	62333
1103,826,287,132,660,685,1104,1105	8	62333
130,1924,845,583,470	5	59000
641,998,1588,440,1562,1646	6	60333
618,1776,666,201,767,1095,597	7	61666
670,1179,486,1050,1230,547,1231,206	8	60000
1725,316,1628,449,1360,1369,564	7	61333
433,1811,1640,168,499,546,243,1829	8	71666
1219,169,654,872,1466,214	6	62333
1304,336,86,672,1144,1387,1188	7	61666
224,54,111,95,346,1057	6	61666
611,26,677,678,679,680,681,682,287	9	65666
129,130,131,132,133,134,61,135,136	9	64666
1459,274,1011,1529,543,1092,1423,1065,1649	9	62000
684,1830,464,1126	4	59333
1819,1401,1339,1357,1809,418	6	62666
626,1339,1138,1038,1593,1163,519,777,1792,1539	10	71666
728,545	2	510000
929,452,685,1948,1820,877,262	7	85666
325,326,327,328,329,330,331	7	79666
787,112,1854,517,528,1674,1633,922	8	84000
1735,829,1546,171,1704,1911,1646,346,1741,333	10	90000
1317,1919,1193,1929,61	5	80333
1615,1790,336,1698,294,643,384,1745	8	77666
390,380,181,391	4	79333
251,543,544,545,546,547,140,421	8	84333
824,825,826	3	74333
644,936,355,708,253	5	78666
1338,327	2	77000
1052,374,1265,144,1879,1465,1094,1880	8	76666
1087,1581,1389,633,197,533	6	74000
478,1919,1396,1541,510,244,323	7	70000
306,1188,1066,981,456,1189	6	59000
406,514,1251,472,1633	5	59000
28,1328,1846,1038,1642,438,1907	7	60000
868,1597,1023,1108,1463	5	62333
339,1199,1280,760,1595,185,1202,848,885	9	61333
229,388,1567,337,1576,66	6	58000
774,1021,1621,853,1171,1218,372,1212	8	61333
473,940,1495,780,1435,1517	6	59000
1538,7,1506,851	4	60333
210,1264,1265,236,154,807,744,1165	8	62333
610,1866,1909,1027,1400,1391,551,1180,1265	9	77666
1424,878,1269,27,1338,753,887	7	68666
1759,281,1256,1017,914,760,956,1899	8	61333
1714,1715,1530,559,1098,601,1163,398,1623	9	62666
571,1879,611,24,1557,649,412,947,782,1241	10	62666
169,1486,56,1707,1386,1369	6	60666
1427,872,1428,1429,1430,1203,592,929	8	64666
785,748,1289,720,427,979	6	62333
889,1061,1714,1374,1396,554	6	61333
1058,1888,1349,519,1373,579	6	62333
1793,84	2	60333
1039,1076,1659,33,1660,1373,1056,1347,1100	9	61333
1505,443,860,1655,911,1167,1821	7	62333
477,165,88,22,1405	5	62333
1413,599,1414,357,541,828,397,253,1415,1275	10	63666
1643,940,7,1229	4	63666
563,1590,205,461,435,1663,192,1080	8	63333
957,958,959,960,961,962	6	61333
1802,1564,1331,1158,551,209	6	61333
1292,350,474,1486,696,1330,750	7	62333
644,1483,53,298,1219,38,976,922,667,854	10	63333
1269,1063,925,1525,1454,1058	6	62333
412,103,572,1362	4	60333
1055,1869,34,940,142,1555,276,1470,879,1608	10	63666
364,1103,1021,1859,525	5	61333
1809,1810,966,836,464,826,1213	7	63333
697,234,1534,738,290,568	6	62666
238,763,1469	3	61333
1552,312,1641,733,520,917,1242,1314	8	64666
1555,1053,1049,697,967,891,1864	7	61333
1675,1525,1322,106,829,363,1276,1663,994	9	63333
563,658,222,659,660,661,223,662,663	9	61333
514,856,1484,1513,1808,100	6	60000
1938,1274,752,1742,81	5	74666
995,1153,345,1069,190,827,893,1441	8	66000
1418,1139,1419,1420,1084,1210	6	64000
715,215,675,498,1786,1580	6	64666
716,1754,481,1059,987,962,1598,1275	8	68000
223,1760,222,1241,1798,546,41,603,1451	9	66000
180,1655,1978,1939,457	5	64000
329,1155,287,1987	4	64000
499,1123,1254,1568,1233,1199,1687,1582	8	63666
973,224,100,1220,676,942,91,1966	8	64666
1339,1907,541,387,1149,556	6	66000
1727,1728,161,1140,1488,0,730,1127,1249	9	66333
1024,1527,517,979,253	5	66000
440,441,442,162,443,444	6	59000
1376,1571,1483,251,782,1050	6	59000
1562,1338,1614,1679,1581,1622,50,70,1218,482	10	62333
1670,756,1197,340,135,660,626,409,1120,1758	10	61333
827,1778,1084,306,1807,1307,18,83,1531	9	61666
1066,1871,111,887,1458,1788,1425	7	60000
150,1420,1501,1088,908,397,401	7	70000
591,1287,1762	3	65000
882,1253,1745,939,1565	5	82333
1326,1280,80,1319,314,746,830,226,634	9	114000
833,910,879,911	4	63666
1327,1480,1251,616	4	66000
248,399,694,1545,452,39	6	62666
707,750,14,1050	4	61333
1524,1170	2	669666
1252,1253,806,448,1254,1053,1255,1256,1257	9	73000
1686,1955,1428,767,1244,569	6	65333
1247,1674,1271,138,895,1036,878,894,1821	9	63666
1253,188,1217,508,1723,232,702,1295	8	63666
410,967,1780,1781,707	5	62333
1873,922,1493,798,292,999,356,973,629,1159	10	66000
490,1688,1250,1441,1575,483,468,1573	8	65000
332,333,334,258,335	5	62333
1710,1148,202,1447,1766,1808	6	63333
666,704,457,1008,481,464,1783	7	64000
1011,59,1188,528	4	59666
86,685,1036,78,1085	5	67666
666,558,1801,1775,1598	5	61666
634,635,636,637,638,639,350,135,640,641	10	62666
297,832,1819,841,1126,958,1779,545,628,738	10	63666
1617,97,1075,1440,401	5	60333
1923,1832,685,64,1050,1590,340	7	61666
1970,1385,717,117,261	5	61333
1120,1367,653,1645,1286	5	61333
1387,333,22,1492,544,57,1984,1404,826,1818	10	63666
1118,1846,44,1205,1441,370,585	7	62666
1294,746,4,1295,1231,87,827,1146,732	9	65000
944,910,945,372,516,311,914,946,947	9	61333
189,150,190,191,192,193,194	7	61666
1522,994,1835,352,1434,1878,1747	7	69333
1294,1042,464,1785,98,517,1155	7	87666
1835,1145,1207	3	84333
1129,338,1338,1339,905,1081	6	87333
137,1917,634,1886,1223,1435	6	76666
121,100,1278,1693,1354,338	6	62333
287,482,1798,1921,798,891,953,1628	8	61000
1150,940,1080	3	59000
671,992,567,461,993,977,875,994,279	9	62333
465,466,467,468,469,470,70	7	62333
397,409,649,1806,1141	5	59000
489,186,680,510,41,334,1551,1105	8	60333
95,96,97,98,99,100,101	7	62333
618,1778,119,803,148,1221,853	7	62333
1319,298,1451,537	4	60333
1829,1813,1656,239,807,1947,1729	7	61333
400,607,149,1166,1167,1100,681,636,862	9	62333
358,1713,207	3	58000
1435,549,1450,283,604,752,813,1693,1694	9	78666
1004,837,373,1339,381	5	82000
331,1862,604,201,1843,896,780,543,6,1863	10	67000
698,349,1204,266,504,216,801	7	64666
932,1323,751,1212	4	63666
408,1713,966,931,509,1270,19	7	63666
314,172,952,1298	4	65333
919,812,496,1445,549,1902,1176	7	72000
177,1941,628,481,1091,408,1676,1476	8	63333
1827,1366,773,1421	4	64666
763,1509,1957,1076,1747,1464,1124,88,1616	9	63666
1638,286,1461,1639,685,11,1183,1098,877,701	10	68000
1021,1240,1769,1594,601,1035,737	7	72333
294,879,774,1134,1552,1497,89	7	80333
1704,302,1668,1591,1138,1493,1462	7	60333
1780,154,1485,846,1354,538,330,1368,1550	9	59333
1035,1152,59,1590,792,81	6	62333
368,701,250,639,1908,253,1312	7	60000
186,119,443,1422,738,887,1039,617	8	62333
843,938,266,202,378,14,582	7	61666
1040,1155,677,844,107,1218,311,131,942,1691	10	60333
515,1299,912,874,1396,1422,147,1572,1969	9	61333
12,1471,1437,1804,854,1767,593,1349,1022	9	62333
1624,1514,1625,1626,1484	5	59000
939,727,1376,91,407,310,1174	7	58000
1301,907,979,534,1302,865,943,1303,1050	9	76000
1680,747,761,783,1719	5	59000
1798,843,997,1620,1591,1245,1917,817	8	61333
254,1104,1096,1565,1884,83,543,1600,1669	9	60333
1551,1589,1042,653,1328,348	6	60333
1854,812,1843,119,496,1069	6	59000
894,197,895	3	60333
137,138,139,140,141,142,143,144,145	9	60333
55,142,727,580,924,867,1293	7	62333
1030,1418,1157,1416,1801,1687,1095,1615,598	9	90666
272,1562	2	76333
963,1397,1973,1942,17	5	71333
1452,1479,1583,664	4	61000
104,1080,887,1020,825,1081,680,329,1082	9	63333
159,1168,77,166,1169	5	60333
72,554,1397,1875,1876,1769,1262	7	59333
1128,1606,1012,1998,901,525,660,1150,1065,1264	10	60000
693,1096,1275,415,1484,1121,125,609	8	60333
1674,1498,906,79,1531,1504,1347,339	8	60333
652,55,1829,1080,1341,61,573,1678	8	61666
722,236,1400,1236	4	58000
762,229,1735,205,203,1367	6	60000
437,1484,1196,1485,1486,1487	6	58000
768,1467,534,317	4	59333
1211,317	2	362666
1725,318,1499,1879,1815,1112	6	66666
698,624,733,914,1065,912,1852	7	60000
1212,779,83,751,650,564,856,1229	8	61666
1424,1884,1809,108,717	5	62333
182,1618,1648,1719,619,1228,1762	7	59000
1274,1396,828,148,1234,1079,150	7	59333
120,1807,159,707,1848,1075,1897,341,1902	9	62000
500,1844,1494,1435,126	5	59000
1309,140,108	3	57666
430,431,432,433,59,434	6	59000
201,1006,541,1007,380,1008,443	7	61000
1657,1142,1155,1667,329	5	58000
785,1637,1234,778,81,105,1863,27,1045	9	79000
405,174,330,1651	4	55666
1631,888,672,134,883	5	78333
1471,1160,132,79	4	60000
212,537,969,441	4	74666
1073,963,1105	3	60000
276,1222,1738,1519,762,105,1361,67,609	9	60333
57,58,59,60,61,62,23	7	59333
1900,1590,512,1049,1821,1513,628,746,501,1731	10	58666
701,262,426,1163,1882,1447	6	59000
1454,561,605,1383,467,1455,220	7	213000
1473,1858,1442,656,202,659,862	7	64333
676,225,1375,1328,902,6,1376,1377	8	64000
1979,1615,1390,1633,152	5	57666
1244,1245,350,1246,766,466,1247	7	55333
1492,1110,1189,43,1019,1159,282,567,175	9	56666
883,176,905,1288,441,247,627,161	8	56000
669,1052,921,1053,1054,499,104,1055,778	9	56666
1382,1296,705,1103,1621,1853	6	57666
112,476,477,478,479,480,380	7	56666
1349,1654,1171,1330,1356,612,236,1716	8	54666
418,419,420,397,421,422,423	7	54333
1786,702,479,1154,820,666	6	55666
120,336,1842,1370,875,230,1432	7	54666
354,1327,507,477,181	5	68666
1049,142,1075,1627,399	5	55666
941,609,1565,608,853	5	54333
788,789,790,791,792,793	6	56000
1873,1272,998,1388,1709,537,951	7	55666
1130,1521,229,1757,87,489,1673	7	55666
68,240,1615,1097,159	5	56666
214,215,216,217,218,219	6	67000
682,804,1395,194	4	55666
734,1062,414,35,957,727,218	7	55666
385,647,1721,1875,514,1139,60,1525,1703	9	56666
1447,601,875,418,1803,1601,551,667,713	9	56666
1326,30,530,1581,108,742,1899,5	8	55666
864,465,161,865,866,867	6	54333
747,634,1041,1433,444,1521,58,879,1570	9	56666
1940,756,187,1695,1319,1046	6	55666
1813,1858,1725,1628,488,1204	6	55666
722,1426,508,1169,1365	5	56000
552,729,711,133,1721,676	6	54666
1492,1671,530,350,1663,613,1140,1480	8	55666
1690,335,1691,1692,1158,1675,708	7	56666
1228,103,1246,205,1049	5	57666
1776,646,195,1281,391	5	60666
1376,1532,931,1984,1066	5	56666
527,528,529,497,530,531,68	7	55666
1567,911,1393,775,1558,1954,650,422	8	56666
471,294,472,473,474,319,475,289	8	57333
1220,1689,1075,1578,78,1734,1662,1445	8	57666
644,362,1695,1512,1622,1459	6	53666
1899,1286,7,885,520,1198,1327,1878,1463,785	10	54666
581,100,642,643,4,359,644	7	58000
762,1157,1855	3	53333
268,1813,1098,180,1576,1706	6	54666
1241,1138,365,361,843,312	6	55333
1662,1945,1818,1982,388,1599,150,1299,1060,61	10	56666
954,532,1478,204,508,1405,1559	7	55666
1301,838,1749,1481,315	5	55666
761,1086,1087,714,428,1088,1066,584	8	55333
1710,399,1129,1594,849,1918,1071	7	56333
1621,533,912,943,96,1919,1241	7	55333
1721,1399,346,471,880,1043,284,373	8	55666
1219,1154,343,134,726,773,1017,323	8	56000
1014,179,1676,1549,1639,1499	6	59333
1135,735,382,1521,1618,437	6	122333
967,85,285,1730,7,1777	6	98666
243,1337,92,1938,1351,1787,929,1844,1686	9	73000
330,585,1249,1032,1217,104,461	7	74666
3,1612,937,1656,128,1223,1657,329	8	77666
1359,1212,760,833,1026	5	73666
563,1760,1303,383,925,1493,260	7	76333
845,913,798,1864,1441,77	6	76333
1153,1477,1478,1479,893,583,1480,1064	8	76666
928,905,1748,873,382,338,758,372,1700,1893	10	87333
80,556,320,38,475,948,221,1350,1961	9	80666
384,626,1612,1837,1865,94,1467,342,814	9	78666
102,103,25,104,105,106,107,108	8	59666
477,1845,40,1755,1605,1291,1370,1969,581	9	72333
698,699,414,176,700,192	6	58666
1482,132,1565,1212,382	5	64333
480,221,742,697,743,202	6	71000
363,1667,1611,907,1810,1366,1986,754,968,597	10	74666
85,979,126,1610,232	5	67000
1,1980,425,1575,152,1297,650,960	8	104333
524,440,1307,1389,1974	5	84333
1103,1047,1439,1440,302,770	6	60666
404,287,542	3	53333
1850,473,689,1289,1841,1509,1854,1834,108,331	10	57666
217,1440,1065,801	4	53333
1136,1137,1138,320,203,180,1139	7	54333
755,631,1594,1958,417,1110	6	60666
133,1166,990,230,804,911,1826,475,75	9	58000
1068,2,1193,153,1286,50	6	54666
1253,879,1372,1672,715,242,1688	7	178666
1386,1362,273,664,972,87	6	73666
1117,886,1118,394,722	5	55333
1171,1535,478,1781,1523,464	6	56666
1058,1341,64,90,1171	5	56666
1108,444,1257,387,516,951,1603,1990	8	56666
1297,530,44,1535,1520,290,374,691,513	9	56666
278,1407,1389,1231,333	5	59666
1864,1865,379,1510,86,1452,417,700,850	9	56666
42,1847,892,6,739,1103,281,1345	8	57666
1697,685,757,1189,704	5	55666
346,1061,965,1653,176,1033,1619	7	55666
1909,406,1432,1829,1281,1684,214,131	8	56666
873,245,1718,1787,1746,1254,727,1924	8	56333
1594,1833,1221,1496	4	55333
776,1416,1762,1763,423,106,1498	7	54333
1504,621,249,409,1832,19,1833,118,879	9	57666
1206,1572,29,1961,233,1631,1581,612,1132	9	56666
1856,467,849,80,399,120,1224,920,1298	9	58666
346,595,256,163,1903,889,218	7	57000
72,443,1693,168,1244	5	55666
1303,1556,1010,167,910	5	57666
919,239,901,1242,460,1454,427,396,1020	9	56666
1924,70,172,1857,660,985,1284	7	55000
1176,1529,413,654,85,1548,1897,977,1017,1558	10	57666
1904,1780,170,1680	4	53666
411,570,1549,814,492,563	6	54333
680,988,923,192,48,1631,1646,261	8	55666
1407,133,1408,958	4	56666
242,1070,325,1258,98,1194,36,665,1432	9	56666
1387,1577,209,1928,1252,226,228,932	8	57000
296,912,1739,1738,1401,1700	6	56666
1510,858,215,1463,1186,1871,1930,596,930	9	57666
714,991,1417,1514,1496,187,1301,831	8	55666
1427,1077,423,1231,1208,158,737	7	57666
1380,501,1761,1610,1004,1919	6	66333
1738,1003,727,1711,202,1833,248,1215,1233	9	61000
486,212,974,3,1912,806,127,1339,1767	9	62666
169,1643	2	58000
1075,1112,1919,1070,1553,123,1715	7	60000
1980,1764,374,886,204,1075	6	57000
46,1143,14,1907,1687,1562,67,1097	8	59333
307,87,308,257,309,310,62,311	8	68000
1020,1710,963,1122,860,726,1947	7	55666
186,931,1862,39,1778,370,337,628	8	51666
1092,552,1545,319,1718,941,1133	7	54000
1347,896,119,1000,1138,69,918,1204,1348,693	10	52000
1287,1085,1698,941,1978,1453,906	7	59666
377,1643,1244,746,1434	5	47333
60,1840,865,1031,1629,1289,186	7	47333
918,1750,576,1248,1777	5	46000
998,1333,1520,1001,70,199	6	45000
557,14,1123,192,450,598,753,1679,28	9	45000
1469,1620,804,1543,1287	5	45000
281,1039,159,1669,890,1448	6	42666
1028,33,414,588,977,251	6	43666
804,1851,801,1138,1295,430	6	44666
1190,616,916,505,1745	5	44000
5,525,201,526,31	5	41333
563,564,308,214,129,372,565,566,253	9	41666
1745,189,1429	3	44000
494,1114,1446,916,508,114,951,895	8	44000
706,150,750,465,1809,1423,1857	7	43000
995,996,997	3	43000
678,914,1110,1057,1351,661,699,794,1632	9	46333
1340,1190,217,677,1341,1250,740,1342,745	9	46666
1716,1334,1241,1473,120,1898,1869,1656	8	47000
896,1833,1364,1949,693,91,25,221	8	71000
645,646,647,200,260,648	6	43666
0,1803,1773,1173,155,825,1110,1122,828	9	68666
204,825,77,226,1035,1273,1575,1641,213	9	74000
697,624,493,370,125,890,1080	7	45000
942,807,1130,1884,1885	5	45000
1259,656,468,1437,1438,279,1434	7	41666
755,685,1909,1079,664,1980,1557,168,640	9	55666
599,1853,1919,52,1920,1536,92,1889,744	9	35666
139,391,314,1071,1072,1073,78	7	35666
322,1103,1104,1014,38,557,1695,1578,1426,479	10	35666
1819,442,1127,1801,1830,1201,1477	7	38666
1491,854,266,17,1499,1602,1478,1362,1019	9	36666
114,1252,1807,999,1010,880,832,1042,84,849	10	36666
1497,976,1580,296,1642,1867,1762,1882,1331	9	34666
1438,848,532,1649,1260,1867,189	7	34666
1055,316,654,1243,1596	5	33000
1839,115,1464,229,1272	5	32666
1703,1515,1350,1877,1874,851,1202,1849,1322,1141	10	37333
430,1492,17,1557,1558,1408,767,59,938	9	34333
963,780,1467,647,167,111,1700,1043	8	35666
1231,689,1183,615,85,177,256	7	35666
301,553,1863,900,1773,1630,144	7	33333
161,1526,486,1402	4	31333
1325,1235,555,410,637	5	33666
542,209,1764,298,434,673,873,1441	8	33666
1482,1296,1384,1016,140,41,1810	7	32333
1281,1960,312,502,1242	5	34666
1030,1239,761,315,816,1437	6	33666
363,364,365,366,367,368,369,370,371	9	198333
1048,1696,1041,1244,304,399,154,1082	8	40000
1068,1214,968,750,1452,850,932	7	34666
1550,69,1391,168,245,514,638	7	34666
536,713,1417,1577,1578,1440,169	7	34666
1084,679,1767,1078,335,1221,1348,1457	8	36666
755,1440,664,744,1594,1330	6	34666
1508,4,1209,1509,139,516,1510,1364	8	34333
549,1918,1957,1844,1590	5	33333
307,895,1132,1754,300,17,544,1930,1674	9	34666
1568,631,1933,1775,438	5	33333
1400,700,1515,1087,1516,1517,1518,1409	8	35666
641,1323,1397,1080,1896,1256,1678	7	37666
1026,1711,106,827,901,15,570,1201	8	34333
310,1684,406,42,1651,231	6	34666
290,237	2	491666
526,1880,807,1227,318,1524,1019	7	37333
870,892,8,956,515,1517,1874,209,1079	9	36666
1498,1367,696,1079,347,1391,524	7	33666
976,455,1351,169,567,1409,941,407,476	9	36000
1206,518,967,1735	4	34333
1293,349,1548,861	4	33333
923,1735,307,434,1312,778	6	33666
508,1172,1430,667	4	32333
1000,216,1709,1116,185,774,1536,1372,1090	9	34333
966,164,661,78,1068	5	33666
1062,1519,824,1520,519,642,1521	7	57333
82,1684,449,1685,1686,469,825,710	8	52333
1207,902,1105,1726,554,237,1984	7	54333
1665,263,599,1191,1577,769,1412,180	8	58666
1586,623,1587,1477,968,658,139	7	44000
208,1419,1748,616,1782,378	6	34666
930,491,401,931,127,454,932	7	34666
753,1144,273,1145,30,440,1146,1147,1148	9	39000
1724,553,306,1311,498	5	38666
1207,1725,593,1769,1242	5	36666
1358,40,1615,1909,1629,1337	6	37000
1234,86,1235,1236,661,1237	6	34000
396,1383,694,508,1384,363,908,812	8	36666
754,791,1485,310,314,1188	6	36666
1435,934,1589,354,695	5	34666
1679,1636,726,1707,1002,1228,1053	7	38000
360,1886,700,941,551,899,1679,1824	8	35666
753,1532,1062,171,141,1512,1734,680	8	34666
247,329,199,1048,1796,1844	6	36333
482,915,1629,361,678,304	6	33666
1974,741,328,167,1129,1343,950	7	32333
1246,1089,1791,9,12,1404,490,1972,1266,56	10	32666
443,16,1524,1297,1362,1945	6	33666
21,26,127,128,44	5	34666
1438,10,1025,1507,1605,0,876	7	33666
1545,319	2	584333
1605,416,1037,961,1962,1866,771,389,322	9	40000
1020,17,1021,569,1022	5	35666
476,1157,1133,1863,680,1549,1333,1703,172	9	48666
1908,101,1389,971,1011,1487	6	37666
117,1688,877,390,1002,325	6	37666
231,1218,1700,246,1682,341,1568,244,1819,148	10	34666
1849,1062,1245,1425,492,1796	6	34666
125,1406,12	3	31333
426,1154,214,132,585,538,1054	7	34666
702,1071,1476,976,232,938,415	7	43666
1200,1463,145,777,1426,1221	6	49666
1013,1004,349,543,1141,678,484,15	8	48666
1110,785	2	41333
617,538,748,922,1242,1278	6	32333
941,537,1810,970,1317,1420	6	33666
844,196,978,739,35,631	6	32333
528,592,801,1195,1432,15,287,1433,1434	9	34333
1102,1153,80	3	32333
1699,187,331,1219,1489,1583	6	34666
1943,416,221,713,1542,932,1578,682	8	33666
151,201,192,202,203,204,205,206	8	36666
378,1869,821,1754	4	32333
144,631,632,633,93	5	32333
309,1440,1976,158,1318,652,1726	7	33333
52,1824,1434,790,1095,431,977,887,233	9	34666
778,1533,1448,1157,1523,1951,654,1803,1865	9	34666
195,196,197,198,199,200	6	33333
1209,1220,693,1585,779,842	6	32666
1936,1060,636,935,1320,878,1715,484	8	33333
549,1036,1201,56,235,1591,1592,1437,179,133	10	38000
449,1303,365,1711,843,1536	6	34333
1170,1484,1461,215,756,817,1644,733	8	39000
987,1249,745,424,635	5	55333
911,1385,1312,227,1175	5	48666
0,424,425,69,426,381,427,428,429	9	47333
1922,54,742,1433,1733,317,33,341,1444,1338	10	49333
898,309,484,1584,1642	5	188000
514,1545,1519,179,963,516,1609	7	72000
120,664,221,665,463,349,666	7	51000
667,668,669,670,514	5	47000
1784,208,1785,740,460,1545,912	7	34666
748,1946,523,897,969,509,320,1419,174,863	10	33333
1479,1156,285,1261,110,980	6	32333
1511,787	2	613666
1123,1524,1170,1488,729,1200,810,1878	8	38666
1729,1658,1218,1526,966,1171,1241,1730	8	34666
338,1427,1363,1939	4	32000
62,706,1607,1242,1334,1820	6	33333
1597,1341,216,1696,1475	5	34666
1601,1153,914,1157,659,326	6	52333
748,1114,1115,1116	4	36666
597,557,459,598,167,599,600,601,245	9	36000
1946,198,1153,1335,206,506,1510	7	35666
425,1337,1021,630,384,309	6	33666
1089,871,303,1767,590	5	37000
1145,405,1323	3	31333
1337,331,184,677	4	33666
1749,54,8,87,1629,906,152,1065	8	36666
654,655,249,232,656,657	6	33000
788,1382,1622,1205,930,105,1716,15	8	37000
239,240,241,242,243,244,138,245,246	9	35666
159,160,161,162,163	5	32666
612,1045,360,850,87,870,1419	7	37000
677,181,921,1522,793,604,1523,327,974	9	37333
756,1149,667,717,1932,1164	6	49666
1223,1060,946,704,1314,1188,724,599	8	52333
754,181,1740,854,399,552	6	66000
171,983,1463,651,445,545	6	51666
218,1232,423,1233,1111	5	48333
497,1825,1474,424,747,1984,1848	7	50666
1887,1352,407,1627,464,307,356,879,386	9	44666
211,236,1241,1080,597,364,1823	7	43666
931,1541,819,1222,299	5	51000
1462,585,415,797,147,1463,1279,342	8	52333
117,272,1328,582,472,1403	6	54333
7,8,9,10,11,12,13,14,15,16	10	61000
1258,782,1684,154,766	5	57333
1292,1352,1313,666,888,588,1284	7	61333
1458,831,147,1977,58,1591	6	53000
1919,413,177,1051,1643,1545,1946,1312	8	54000
602,447,355,603,453,604,605	7	36000
444,959,539,451,307,375,470,363	8	39000
164,684,685,686,112,687,351	7	48333
904,1724,1349,1920,1051,219,1732,1164	8	50333
1863,466,379,718,1089,1073,1315,1637	8	38000
385,1425,767,443,1559,1257,1609,958,574,1804	10	38333
402,403,404,405,406,407	6	35666
1335,1207,680,1900,127,759,1053,856,575,148	10	40666
282,94,1374,135,796,1940,1329,1412	8	40666
1048,1224,1858,1556,125,69,1832,904	8	72666
1379,1289,104,1848,1800,355,1852	7	52333
921,922,923,924,925,696,926,807,927	9	42333
1421,1140,445,1414,24,1086,1531,1532	8	39333
1475,772,1512,1434,1870,1927,742,1787,1773	9	41333
1868,1499,1452,1525,1823,356	6	43333
1902,1790,996,1419,452,833,1421	7	41333
1646,665,1140,1102,822,1085,88	7	45000
375,1562,960,1201,54,1678,1513	7	42666
53,975,1238,1571,656,159,894,279,1967	9	46333
455,1022,1220,124,149,497,1629,868,1705	9	45333
143,1449,150,1229,1828,1544	6	56000
844,1048,274,1334,1669	5	74000
576,20,1335,1481,354,1687,903	7	68666
1071,1237,558,1977,535,781,460,1100	8	65333
272,273,274,275,276,182,277	7	67666
1845,646,1830,1898,492,1861,863,891,1225,277	10	62666
926,247,1630,529,1402,1341	6	63333
1746,1447,1671,1260,1603,1642	6	62000
611,729,510,97,1671,1776,328,995,966	9	70333
1759,1215,677,1363,1050,1068,1124,1760,1476	9	82666
224,345,1719,1193,1917,802	6	69000
1271,1478,1456,522,192,1664,1342,1983,1496	9	69000
1046,840,857,1047,1048,1049	6	79000
1141,1092,388,1788,153,798	6	114666
478,844,845,695,363,846,642,847,271	9	92000
186,1316,468,1507,626,483,121,183,1897	9	100000
816,472,817,818,819	5	87000
1058,515,467	3	76000
1976,319,1712,1648,1348,1862,788,482	8	58000
959,1335,108,410,514,983,1043,1168	8	53000
170,171,98,172,173	5	50333
1574,1698,1655,1893,23,4	6	57666
1491,557,25,63,1526,4,684	7	56333
1525,983,1069,1448,1962	5	51000
1551,1932,6,600,1735,726,330,1128,1423,422	10	39333
813,1947,1930,507,969,422,1065,1917	8	48666
583,190,584,585,586,587,588,10,589	9	42000
1057,221,1446,18,1990,730,682,1477,761	9	41666
408,554,1941,268,1929,1331,531,1309	8	46333
1662,1180,567,887,1146,545,1207,1890	8	39000
1526,164,99,1416,1660	5	38000
524,1725,670,1956,1894	5	39333
145,1231,142,33,941	5	38333
720,632,370,1266,973,408,1267,121	8	38333
1778,1122,730,1176,107,1257	6	38000
1361,1528,638,552,1317,1699,1295	7	38000
1230,1746,903,1747,1748	5	37000
456,1029,1080	3	48333
1847,917,715,1426,1509,143,414,1220,760	9	57666
407,1718,296,1931,1688,50,705,663,521,1209	10	41000
68,69,70,71,72,73	6	38333
1321,1675,1461,1403,1411,1603,1580,1291	8	39000
219,846,12,793	4	39000
705,1096,268,1634,1550	5	46666
1601,731,1064,1216,1484,1056,1935,1989,1213	9	37333
588,218,619,536,915	5	35333
789,80,477,151	4	49666
999,920,1946,405	4	54000
1586,1818,1643,646,445,1076,620,1405,1609,127	10	57000
1563,284,1760,859,647,79,216,484,928	9	57666
1297,564,717,1476,789,1277,1145,399,528	9	59000
159,1608,1559,319,1466,1872,934,1199	8	78000
1198,890,1393,1337,203,1012,1415	7	53333
1234,591,1988,1233,1680,639,219,738,1125,1983	10	56666
1639,71,227,807,259,1647,475,287,1586	9	56666
452,170,959,1296,362,1359,1004,1730,623,761	10	86000
664,1926,754,1865,1959,1568,146,1489,1459,867	10	65333
1834,383,1835,170,1240,875,737,1535,1290,1823	10	63333
672,916,870,1298,31,1512,1513	7	59000
1449,1089,1597,1159,249,1197	6	60333
117,1983,1370,802,208,628,1931,176	8	50000
1418,1786,1595,1847,139,1939	6	38000
278,279,280,41,281,282,283,284,285	9	37000
228,229,230,231,151,232	6	37000
1520,985,1031,381,1752,1979,1256,562	8	39000
1336,731,1714,1544	4	37666
1181,252,836,1963,150,1382	6	34666
1789,856,1738,408,1658,1178,1645	7	43333
298,110,1881,199,873,443	6	67000
1817,1537,1622,344,1527,1648,870,662	8	47000
1172,221,316,493,983,806,1855,1846,1488,681	10	54000
1087,450,445,895	4	28666
963,586,732,747,983,176,1261,1262,138,1263	10	27666
1544,773,1609,1103,1208,1630,101,1325	8	27666
1367,1453,1334,618,370	5	26666
413,122,1734,178,845,1972,785,496,1218	9	28666
357,1175,1255,590,1036,30,307,642,1186	9	28666
1217,224,1003,799,418,267,444	7	26666
598,543,1937,1178,198,427,7,1296,759	9	31000
1274,78,1275,1276,1277	5	28666
457,1357,1265,211,1591,1605,1773	7	27666
516,1006,544,833	4	27666
1092,412,1596,837,1113,15,560,490	8	29666
1768,1432,1905,1448	4	27666
565,1805,295,1672,1031,3,1907,1407,1917	9	28666
1932,833,162,691,1933,1262,88	7	28666
305,1317	2	26666
106,1931,43,1746,658,298,28,700	8	28333
1914,1624,48,209,504,803	6	39666
1530,1053,112,1054	4	29000
1922,1950,598	3	27666
1846,374,1478,996,766,1086,1698,1847	8	28666
631,1872,537,1109,822,1419,1418	7	29000
834,1162,338,801,1252,291,762	7	28666
1602,314,202,1292,143,139	6	27666
598,787,742,948,754,1549	6	28000
134,84,154	3	26666
1359,318,702,1540,526,900,190	7	29666
17,18,19,20	4	27333
1110,1735,987,1487,1853,1516,1484	7	29000
109,110,111,112,113,114,115	7	27666
1731,1821,991,1107,528,45,844,1765	8	30000
536,506,144	3	28333
835,777,653,1676,60,959	6	40000
55,1350,259,1954	4	29000
1322,372,1942,528,284,1655,1873,1105	8	31000
882,1275,539,1355,146,1748,188,607,183,841	10	34333
1817,1600,1925,980,1022,752	6	37000
665,1122,306,527,1179,787,1180	7	36333
1450,1136,717,1458,1516,213,174,757,1518	9	37666
453,1698,839,953,1974,1366	6	36000
660,1753,802,1309,364,1731	6	160000
765,1332,358,74,44	5	35000
221,1228,71,775,471	5	33333
877,878,879,369,880	5	32333
57,1073,584,852,223	5	32333
1416,1432,1408,781,1840,1636	6	32000
1662,1321,114,1591,1387,771,988,1545,155	9	33000
840,443,1763,1257,311,1037,1741,874	8	35666
608,1767,1079,311,1399,522,1151,1679	8	32000
697,53,906,750,1176	5	32333
1757,502,1297,1157,1879,1328,1507,0,719,602	10	34666
1663,1113,842,1269,996,652,870	7	32333
357,358,359,360,361,362	6	31333
1175,930,1754,249,515,1544,405,807	8	32333
991,1567,1941,849,1623,1579,410	7	33333
6,1825,1547,1938,803	5	31333
364,1908,931	3	31000
1099,1362,1196,1383,1317,1709,948	7	37333
631,1468,1348,1699,1361,1007	6	40333
775,490,432,1376,1262,674,1096	7	34333
1211,317,1469,208,1542,1515,1208,920,1152	9	34666
153,1137,1463,1208,1172,1632,782,275,1600,579	10	35666
1705,1370,1580,1624,969,762,1706	7	34666
1771,608,611	3	31333
156,892,121,1832,1950,831	6	33333
1078,1079	2	32000
1599,83,650,690,977,1462	6	33333
1032,78,115,343	4	32333
136,1379,553,1147	4	32666
1029,1030,1031,1032,1033	5	32333
521,376,1786,1505	4	40666
174,175,27,176,177,178,179,180,181	9	55000
1343,1344,753,1103,1345,310,608,1346	8	39000
685,1372,701,1487,756,1934,1611,805,1818	9	28666
1875,6,1164,833,1180,849,1490,631	8	29000
1102,1547,155,1085,1232	5	35333
751,752	2	596666
929,1939,431	3	30666
1876,681,1233,1314,1160,1566,502,1051,1077,1026	10	32000
868,1070,312,389,168,1163,1528	7	28666
715,716,717,718	4	25666
481,482,395,483,484,485,329	7	26666
1689,656,931,390,1946,648,1973,717	8	28666
405,294,1716,1321,371,257,384,1918	8	28333
826,1745,1510,848,211,972,660,1144,939,1738	10	28666
549,84,768,1709,1219,1455,523,1543,399,1137	10	29666
1656,929,698,1667,6,7,958,18	8	27333
1667,990,1233,844,1689,1010,1473	7	27666
503,102,275,807,1304,143	6	26666
121,1814,750,1536,1921,516	6	27333
445,446,447,448,202	5	27666
722,1497,1988,1983,1453	5	27666
1494,200,1495,1478,1007,1496,707,728,1221	9	27666
564,1510,18,710,1928	5	28000
449,1249,981,229,238,1632,1665	7	27333
1288,260,1152,285,732,1716	6	25666
428,1731,1732,891,547	5	27333
1077,230,1858,1296,742,1543,413,1765,1003,317	10	28666
247,407,371,739,1768,958,1769,435,1770	9	28666
1369,1370,17	3	37000
714,1177,1494,1589,452,1640,1279	7	31666
811,577,233,812,743,813	6	62333
859,616,949,1513,1573,1943,1704,879	8	28666
1138,104,1933,164,288,1724	6	26666
373,127,478,1787,153	5	27333
1870,1727,334,174	4	27666
286,827,1161,1780,972,1130,258	7	26666
1125,1269,698,780,1692,1600,316	7	27666
1616,1184,1800,1227,553,1419,1957	7	28666
1500,1567,1619,594,1188,370	6	27666
1356,1358,413,1574	4	26666
238,1478,1213,903,1791,655,1885,668	8	28666
406,555,274,172,556,557,174,558,209	9	26666
1345,1591,892,1150,1186,665	6	25333
852,388,1173,1297,1304,1967	6	24333
1959,174,326,1830,113,429,536,71	8	27666
951,834,787,567,695,378,1755,1041,389,1232	10	29666
979,50,697,440,754,749,381,370	8	28666
9,947,190,1420,1005,1672,977,1314	8	28666
144,1628,234,1379,1094,838,1629,808	8	27666
1280,494,1508,985,220,456,1416,1514,1169,135	10	28666
1830,815,1406,986,401,778,560,507,47,834	10	28666
598,330,670,952,1337,80,248	7	26666
548,1440,1844,411,1185,67,708,1779	8	26333
1132,1702,1859,1466,104,638,707,1266,224	9	29666
112,510,511,512,513,514,515,88	8	26666
1142,1078,750,111,225,1263,693,1410,615	9	29000
1634,1243,845,1635,900,1433	6	26666
976,546,332,1538,1651,465,1180	7	26333
927,988,1213,809,1897,1999,1493,1260	8	27666
1695,9,1674,868,899,1589	6	28666
1730,1007,57,1156,1920,781,1061,439,211,1271	10	30666
1739,619,1555,523,790,971,121	7	26666
400,1390,487,194,1895,928,1231,1420,1146	9	29000
1446,1374,1536,632,773,753,834,894	8	28666
1751,1920,802,1503,1511,325,1357,28,1131	9	29666
1797,1871,737,346,186,1850,1827,1017	8	27666
1196,1900,349,770,1528,1816,92,393,1222	9	28666
744,745,746,747,295,748,749	7	27333
127,1877,1888,858,287,1258,1114,325,1260	9	29000
838,896,897,898,221,899,900,382,855	9	29000
1531,1259,611,1755,861,249,278,252	8	39666
49,50,51,52,53,54,55,56	8	29000
967,1234,262,835,108,1562,1878,50	8	76000
21,487,1950,1277,1968,974,982	7	51000
1835,1231,1780,1175,1223,1682,1068,485	8	43666
500,75,1069	3	77333
1794,1537,1591,646,385	5	31000
777,1371,1211,317,589,900,1243	7	33333
682,1591,683,589	4	34333
155,25,1228,1448,1082,1477,1547,490,1695	9	34000
1372,6,229,1321,1444,801	6	33666
1540,710,1250,1011,1065	5	35333
223,1322,1010,1349	4	36333
382,149,397,825	4	36000
882,1142,1040,860,1532,1668,106	7	38333
909,1193,1295,406,570,290,45,1872	8	46666
1115,1447,1424,630,1295,158,1431,1068	8	39666
1254,365,751,1443,158,607	6	41333
858,230,859,860,861,862,863	7	42333
1236,292,1050,841,334,668,895,680,1012	9	239000
1102,1683,893,1023,1836,1525	6	54666
1578,1685,139,1394,1041,273	6	61666
987,1457,831,4,1792,219,658	7	72333
1294,1224,885,917,1236,1438,806,1587	8	73333
675,1547,1401,1804,1393,217,346,320	8	79666
1161,546,1794,449,1617,1861,1546	7	84666
392,393,394,395,129,396,397	7	65000
807,771,1483,1316,1764,927,144,290,1450,1089	10	39000
77,78,79,80,81,82	6	85333
1493,108,540,1466,358,685,757,935	8	31000
1129,1349,770,1052,665,286,1101,1076	8	31000
983,1774,1696,1673,1259	5	30000
101,269,780,503,1119,1519,1377	7	39000
662,1381,756,1573,1581,931	6	27666
1101,486,725,1620,1705,484,1284,1471	8	30666
659,359,225,214	4	34333
74,1842,457,1843,1692,510	6	27666
103,204,54,1253,1100,1131,664,927	8	30000
630,1185,538,1716,1777,1818	6	28666
1244,1193,1686,1149	4	69000
927,1783,64,1600,70,508	6	29666
1680,626,1366,1199,1681,1682,1228	7	29666
1458,1121,1935,311,596,797	6	59333
1952,636,395,1113,642,1278,772,1167	8	49666
1401,293,1081,708,808,1744,406	7	46000
668,37,828	3	42666
1204,1582,502,1008,1007,1145	6	46000
562,85,175	3	46333
1074,1075,1016,1076,1077	5	41333
1742,612,1430,945,1538,748,866	7	45333
541,141,1538,840,1322,503,1350,1633,969	9	46000
1561,552,251,644	4	36000
628,1009,508,594,1010,397,1011	7	44333
644,1836,1351,761,1406,713,1424,427	8	34000
90,686,776,204,197,1577,708	7	81000
346,695,696,697	4	27666
1354,1098,1583,357	4	27666
302,423,1142,1617,427,828,605,1395	8	29666
1237,892,678,920,1636,1637,1629,1281,1132	9	32333
1385,192,1386,1387,1380,214	6	39333
1792,1504,214,380,1700	5	53666
861,1952,1455,1928,412,1064	6	32333
1298,22,128,1090,1284,695	6	30000
871,1837,1153,125,1247	5	38000
1311,1312,1313,426	4	38000
567,568,569,570,571	5	40000
1475,1854,380,489,1484,559,1409,1717,1747	9	39000
616,298,649,10,650,651	6	67666
1958,1345,343,1542,257,571,1476	7	44000
1313,660,29,1405,775	5	40000
677,469,651,1329,1248,1784,1128,1366	8	45666
403,662,1155,1536,1444,627,1152,1086	8	35000
276,1081,1663,1109,1646	5	32000
1225,1795,1329,367,1867	5	28666
1150,1151,102,958,1152,1110	6	35666
1793,17,304,601,118,334,338	7	29666
408,409,410,411,412,413,414,415,416,417	10	32000
1657,1670,144,244,1953,1376	6	33333
1265,1912,1451,1211,87	5	37000
1588,485,1359,1244,1485,546,1589,1590	8	29666
1418,573,914,683,143,765	6	40333
1567,1568,1569,1471	4	50666
1507,1209,79,113,1750,1672	6	49666
680,1625,555,683,1788,937,204	7	103333
1950,739,1154,367,193	5	221666
1442,722,740,1700,535	5	179000
594,588,1145,1549,664	5	181333
1535,1218,1471,1964,1627,1965,1363	7	193333
1908,545,1260,1642,849,164	6	207000
1731,1582,1173,22,1346,1420,1674	7	110000
1673,1947,203,113,851,1501,1893,871	8	110333
1062,812,1585,556,814,1738,1395	7	109666
1321,642,1732,1318,1045,146	6	87000
1650,769,457,658	4	119333
1623,1456,1986,1991,1580,1025,1286,1954	8	118333
250,1416,837,1417,711,1076,481	7	153333
264,1683,1585,893,1807,1550,1552	7	115666
963,503,733,279,964,351	6	94333
1475,1245,1299	3	84666
838,330,1894,856,1598,1788,1056	7	93333
1405,1181,189,398,910	5	92333
1314,1202,1411,1699,769	5	113000
182,1845,1285,1500,725,771	6	198000
754,494,755,756,757,562,758	7	108000
746,1004,108,1135,1489,173,1901	7	117666
1538,482,301,1978,1043,643,733,1638	8	68666
82,247,248,249,250,251,252,253,254	9	31000
390,1754,671,1862,513,977,1553	7	27666
538,805,1110,1111,1112,435,1113	7	33666
836,1017,98,710,268,1551,1067	7	30666
492,1213,1088,407,857,297	6	29666
536,1532,1672,1824,699,682,1349,270,1290	9	30666
1945,936,1412,396,1617,268,569,1946	8	28666
168,516,517	3	30000
90,1032,588,504,302,85	6	33666
248,1853,1688,698	4	26333
330,1618,1901,28,650,1907	6	27666
484,865,568,1374,92,174,683,137,753,911	10	30000
460,1045,226,1459,1460,1016,1461	7	27666
20,21,22,23,24	5	27666
995,1099,546,317,1167,1737,981,1422	8	31000
311,163,1843	3	24333
892,1304,449,1188,269,1305,63	7	44000
468,383,254,26,995,598	6	28666
1263,1536,1751,592,1957,1225,1912,1343	8	30000
589,472,1490,9,261,1608,867	7	27666
810,277,1547,768,826	5	26666
522,695,685,173,1937,106,1665	7	27333
1570,1571,651,1017,1006	5	26666
1190,1852,1425,942,774,353	6	27666
20,1745,69	3	25666
923,1739	2	27666
935,503,756,1795,960,1010	6	26666
1851,1009,161,1025,1788,644,69,750,1234,346	10	27666
186,457,588,568,56,1725,923	7	27666
159,802,1333,57,1928,1946	6	28000
926,1535,397,1791,1754,121	6	29000
396,418,1019,1324,1325,948,288	7	29666
1609,1861,1520,196,543,1438,1908,453,493	9	27333
905,843,136,906	4	25333
1903,1194,1470,274,1487	5	27666
583,682,701,777,778,779,117,780	8	29333
1196,907,304,634,1197,1198	6	27666
417,701,153,1708,1258,546	6	27666
257,167,403,390,1401,1402,722	7	30666
508,1345,315,1453,1784,1281	6	28333
719,720,721,722,723,621,724,725,726,727	10	26666
1454,1054,620,831,1509	5	28666
1929,1305,1279,563,764,1114,719	7	27666
470,449,181,1059,591,1387,1297,590	8	28666
475,186,1403,667	4	26666
876,1909,1826,199,1349,288,588	7	27666
1796,410,1471,1797,920,342	6	28666
1135,28,431,851,1584,337,272,933,1951	9	26666
1503,687,1211,765,34	5	27333
100,878,1822,45	4	30666
1934,232,1985,174,583,1671,1673,133,617,333	10	31000
803,1021,1253,600,1191,63,6,1392	8	32666
886,451,182,824,372,343	6	26666
667,1898,1723,82,548	5	27666
1387,723,216,26,1668,106,1078,1520	8	38666
1271,1745,1913,844,857,1914	6	44333
905,1350,1232,1290,1500,720,1587,1505,1145	9	29666
1413,999,290,1348,1644,714,176,105	8	29666
951,804,1348,794,722,730,1751	7	29000
153,53,1314	3	27333
363,1517,878,727,1299,1704,249	7	29000
1103,743,556,1516,1619	5	28666
1299,1148,1684,472,1723,1817	6	27666
34,278,390,1352,859,833	6	29000
175,1919,432,1304,1801,6	6	28666
342,343,344,345,346,347,348	7	46666
1372,1140,1234,499,1498,1633,693	7	30000
1109,865,850,584	4	29000
261,581,1238,1239,191,280,1026,289,21,1240	10	28000
217,145,1663,304,1664,1641	6	27666
1759,212,590,1277,1900,1151,1791,371	8	28666
1134,97,1795	3	28000
1246,803,1822,1772,33,1041,329	7	28666
1062,938,1063,1064,1065,766,1066,3,643	9	29333
791,973,1281,1288,561,1628,664,970,861	9	29000
848,849,850,851,852,622	6	29666
1535,602,439,1377,1584,705	6	27666
545,478,806,651,561,451,621,1403	8	28666
1013,279,1809,1819,1325	5	26666
1070,1887,1966,345,588,63,176	7	29000
887,420,1669,1982,1334,130,623,959	8	27666
1902,563,1791	3	27333
705,1631,1858,1854	4	27666
1318,93,1333,933,283	5	29333
1551,1523,662,1311,1239,1264,772	7	27333
376,996,139,1814,1040,1850,1624,1851,1060	9	28666
262,263,264,265,266,267,268,269,270,271	10	30666
976,1684,710,1491,942,60,1769,309,350	9	28000
234,287,384,1941,1646,1682,91	7	29666
1930,1943,511,313	4	25333
1523,166,1706,1755,1297,364,1949,883	8	27666
524,1370,716,854,872,1495	6	26666
1864,756,1837,921	4	107000
1318,714,1339,414,1890,1891,1280	7	31666
1135,1857,1133,287	4	26666
1496,1034,806,36,777,389,1345	7	28333
1603,1714,363,1459	4	26333
697,1679,676,198,574,1584,1446,572,1118,537	10	30000
737,1160,1625,1770,321,60,294,1088,1135	9	29666
706,707,708,709,446	5	25333
473,1362,1722,1723,1293,1115,238	7	25333
1434,1373,39,552,709,86	6	29666
998,93,1929,419,1038	5	27666
1484,525,1242,654,1762,633,1065,1810	8	27333
1320,845,1175,1846	4	93333
947,315,1058,1486,1822,353	6	32000
1498,729,1499,149,1017,78,1093,1500	8	28666
950,1096,1088,846,1097,219	6	28000
1521,483,453,600,1808,963	6	28666
548,549,532,550,551,552,402,553,554	9	28666
146,1409,1446,442,1971,649,180	7	33666
1072,404,1552,396,1260,1121,871,1431,953,1461	10	28666
779,1040,1889,1995,1517,799,1459,1307,1973,802	10	27666
1896,505,904,594,1591	5	26333
1922,754,1283,188,366,120,1362,745	8	26666
1200,779,768,1120,1363	5	26666
1765,53,1156,1636,1264,670	6	26333
296,1450,23,1219,1236,427,472,1081,1079,1955	10	29666
202,485,1439,1146,839,595,1823	7	29000
921,1259,703,524,1054	5	25666
369,62,1881,202,1695,383	6	26666
24,1600,1938,1553,894,858,684,908,677,816	10	29666
895,872,1819,1083,1167,1520,204,251,28,1918	10	30666
751,1971,752,1538,52	5	28666
1285,1944,28,1645,1212,216	6	27333
1419,1677,892,1244,375,798	6	27666
1060,638,1966,770,1791,1254	6	27666
868,27,600,869,181,870	6	27666
1311,149,1225,1431,450,321	6	25666
1563,377,1267,1336,278,928,890,1597	8	29666
1771,450,17,199,157,870,1648,204,888,1973	10	28666
876,1926,54,842,1796,135	6	28666
1498,1979,43,256,1831,1206,1697	7	52000
1523,875,1143,267,259,172,1207	7	30000
1473,1474,479,691,892,1475	6	30000
347,728,545,729,303,730,731	7	29666
203,759,447,587,334,28,760,761,762,763	10	31000
1355,987,505,459,1045,1356,1357,314,536	9	29000
1733,1129,898,135,1449,387,1023,820,1941	9	29666
351,570,693,1292,1501,1502,856,833,706,273	10	30000
164,165,166,167,168,169	6	29666
146,147,148,149,150,151,152	7	42666
1867,15,1180,297,1864,1417,1434	7	45000
233,234,235,236,237,238	6	40333
503,246,1327,333	4	38000
512,1284,978,1872,1961,1231	6	42000
539,812,1335,1409,1410,1411,1213	7	28666
657,855,1290,1132,1377,263,1212,1654,1158	9	29000
1077,149,1245,1786,854,1706,1669,1463,1540,800	10	30000
1248,779,391,1249,566,1250,278,1251,396	9	28666
1870,789,774,667,1236,1482,1991	7	33666
478,1543,495,1657,628,1224,953,454	8	30000
1205,1403,1448,363,1061,1316,1975,566,67	9	30000
383,12,98,792,1444,44,1213,1748,157,1521	10	32000
299,786,89,1904,191,785,540,1685	8	29666
444,1813,1754,1700,181	5	43000
1144,1101,848,1221,1111,394,1199,345,1285	9	288666
1713,1712,1253,47	4	49333
983,614,648,193,756,1423,459,783	8	45000
1050,653,1051,893,422,978,204,722,755	9	45000
1590,1702,1,1790,354,1521	6	45333
1075,225,258,1301,1279	5	45000
614,1316,782,1317,30,409	6	41333
983,164,393	3	40666
550,1878,1974,1862,206,392,1126	7	43666
977,1687,22,1590,164	5	43000
740,741,136,77	4	63666
489,572,573,574,575,576	6	44333
293,1380,11,620	4	40000
647,637,1986,1640,1520,717,341,1540,487	9	43666
1804,1794,882,864,1203,1342,1578,628	8	43000
507,1662,1429,210,798,1647,1980	7	39666
1702,524,826,361,467,1586,1640,1592	8	42666
224,1371,853,147,1368	5	38333
1509,681,1515,19,857,789	6	39333
707,1221,681,303,1325,1499	6	40333
708,1064,683,1153,341,670	6	39000
1201,64,962,925,1104,1217,695,137	8	43000
1604,1358,100,1044,922,1957,1832,1426	8	50666
499,500,501,502	4	39000
940,1748,1201,1959,1463,320,404,377,793	9	43666
373,595,557,1849,1600	5	39000
810,29,108,1571,1170	5	44000
1749,769,1333,1464,1747,426,1047,518,749	9	49666
1501,279,1221,599,1456,1718,1719	7	46000
1229,1546,907,1486,1343,1216,301	7	55333
175,1214,388,1603	4	55666
1645,590,76,1311,1395,1961,1681,1124	8	57666
943,869,974,246,318,84,1511,176	8	59000
249,562,1817,1924,526,294,1225,906,1120	9	72333
1464,1560	2	1110333
502,376,1014,1812,1266,1421,1189,418,1331	9	61333
1534,439,1535,1414,137,1173,58,1452	8	43333
835,1164,255,796,580,432,225,903,95	9	46000
443,1891,532,1026,1752,489	6	87666
760,421,1360,1947	4	41666
639,1749,278,970,54,754,1185,1155,1585,192	10	48333
1093,330,1147,1127,1533,1656,909,502,312,817	10	46666
218,8,738,1427,626,1426,996	7	43000
1745,1332,677,1381,1172,1340,1850,1028,1290,667	10	42666
704,56,1178,1619,595,520,360,70,1557	9	93666
1885,1917,1161,1952,209,717,1821,302,492	9	49000
96,97	2	830333
713,1600,1462,970,1738,1107,491	7	153333
836,1072,1511,787,1266,104,152,923,37	9	63666
1098,1454,919,15,1803,448,642,1614	8	21333
1246,1924,1043,812,521	5	17333
220,1077,1491,1492,350,20,1117	7	18333
1624,39,186,329	4	20666
1218,103,312,1092,434,265	6	20333
1413,1649,756,1192,1431,1736	6	19333
695,1918,1057,483,58,611,451,10	8	18333
1425,440,415,453,494,408,943,182	8	20000
823,1162,25,1067,1561,1022,1604	7	21666
207,208,209,210,211,212,213	7	21333
12,744,1066	3	20333
1126,1406,371,1615,1184,915,1824,1825	8	18333
156,410,430,1719,996,1283,1845,602	8	19333
434,97,837,918,1918	5	19666
716,779	2	17333
689,1421,853,1215,204,1118,611	7	20333
151,1970,1971,465,1738,1759	6	20333
308,499,235,276,1387	5	18666
488,105,794,795,701,565,796	7	19333
1617,681,580,1265,1652,250	6	21333
857,1282,1283	3	18333
791,1750,1661,1007,1499,813,1505	7	21666
513,684,1170,940,533,486,795,1171,910	9	20333
1002,689,1373,1374	4	19333
276,1081	2	30666
1822,1379,180,548,1463,301	6	20333
1038,1972,941,517	4	21666
817,627,103,1412,1019,682,926	7	18333
53,1025,1354,211,1139,1202,1522	7	18333
379,1593,1564,806,701,1229,252,462,172,1244	10	18333
938,939,472,940,941,942,707,943,23	9	21666
1774,363,1534,644,260	5	20666
14,1961,197,1369,513	5	19333
329,491,1642,1533,158,1115,1592	7	19333
1008,1841,1409,211,98,1,1020	7	20333
229,1828,1787,1402,1761,1320	6	20666
1006,1889,1457,1238,1972,1697	6	19333
180,1626,1286,43,1848,999,1880,587,1247,1343	10	20333
772,1327,109,1328,900,493,1170,1220	8	18666
302,1140,937,694,760	5	18333
507,1381,66,1365,1389	5	18333
1396,637,318,330	4	19333
194,1884,1198,1757,1436	5	18333
1320,705,977,1321,1299,269	6	17666
1243,414,1661,1662,1311,660,523,370,827	9	19666
1498,1184,1492,602,1098	5	20333
662,1230,1190,1198,1315	5	19000
497,351,219,1899,440,194	6	19333
1337,665	2	18333
802,430,301,256,1789,308,604	7	20333
1106,1107,797,560,460,110,217	7	18000
824,321,635,1551,1512,71,1072,1293,221	9	19666
341,96,602,935,1264,1820	6	19333
1583,624,515	3	19333
628,1091,1380,148,296,1538,1686	7	19333
1236,1820,207,1090,533,1119	6	17333
937,1857,1038,327,1405	5	19666
349,14,715,157,928,929	6	18333
450,1707,28,1824,1188,1152,593,1378	8	21666
1790,92,1597,1217,1737,918,1417	7	19333
153,1712,127,1349,117,284,1696	7	18333
1757,607,377,1199,337,735,614,1597,658	9	20333
164,13,541,403,807	5	107000
1026,514,1323,1434	4	18333
1007,1718,222,1213,1579,1557	6	19333
797,798,799,800,801,756,802,803	8	19666
262,130,1682,1782,2,1819,328,63,1114	9	18666
1025,289,657,332,314,729	6	19333
639,1446,1226,986,1353,1881,1921,81,597	9	19333
758,253,49,1725,921,1115,184,1036	8	19000
1462,1849,1855,1445,1084,879	6	27000
156,962,1486,93,316,834	6	16333
1599,1422,1373,790,52,85,704,192	8	19666
1444,1675,1937,1829,1036,1381,1041,1045	8	18000
835,948,87,966	4	18333
244,412,1001,1002,1003,822,1004,850,1005	9	17000
1117,611,662,640,449,71,65	7	21666
1444,1253,498,428,612,626,1427	7	19333
1048,1144,1461,437,125,1645,32,235	8	18333
515,710,955,956	4	18333
1805,1556,578,1407,1271,63	6	19333
1499,264,1867,265,511	5	18333
1190,945,1191,393,879,200,485	7	18333
1212,97,327,796	4	18000
671,672,673,275,669,674,675,36,676	9	18333
1672,1601,730,1528,1557	5	18000
537,846,764,1092,1524,77,1756,339,1154,1094	10	21666
661,1961,1854,107,549	5	17333
1601,1446,1602,1139,663,1282,651,1245,880,967	10	18333
924,1362,1557	3	19333
866,1622,1308,1086,716,1523,1363,504	8	19333
81,927,420,104,748,139,1449,587	8	19333
922,1769,1429,551,1534	5	18333
1804,1155,775,1200,687,297	6	17333
1158,168,424,1709,1238,1212,1710,474	8	20333
496,1049,1060,1588,875,378,1261,1305	8	18333
1464,1480,399,4,87,964,1892	7	18333
895,1110,1885,1369,1650,990,498,1561	8	19000
1514,125,1745,750,1048,881	6	17666
1329,960,1330,1331,885,670,406,346	8	19666
578,428	2	17333
468,1696,444,1341,1697	5	21333
1788,944,210,1408,125,357	6	20333
332,1724,882,3,718,1011,1263,569	8	19333
1792,1290,716,555,1909,1643,670,1778,1758,147	10	19333
1634,1503,34,711,413,58,987	7	18000
391,367,1334,1070	4	18333
276,1081,1123,1124,151,892	6	19333
1071,482,1470,1724,1595,516,125,1740	8	20333
1809,391,1807,133	4	19666
606,139,251,1388,1389,491,653	7	19333
7,1206,1714,1129,513,557,487,1338,1757,1838	10	20333
1742,1765,526,414,467,1766,485,291,1084,164	10	18333
1159,1304,3,974,236,344,1033,577	8	18333
191,992,265,1116,674,983,873,1874	8	21000
1172,1296,1372,1251,1135,435,2,807,965	9	19333
1700,1508,511,1813,397	5	19333
1222,1463,1046,1533,1238,1526	6	19333
240,832	2	19000
175,1803,1496,1418,404,1199,368,471,18,648	10	227000
1001,219,1160,687,1161,461	6	18000
642,1321,945,1233,1069,667	6	17333
853,200,290,237,854,855,856,857	8	17333
846,1753,259,1317,839,1874,1496	7	18333
1018,1490,1119,1361	4	17000
1332,414,1495,370,827,788,397	7	18000
1646,495,1733,600,1734,1289,1697,70,1735,1020	10	18000
545,1626,225,597,1717,314,1238,150,410,1432	10	18666
1907,1769,1604,1808,606,1538,1569	7	17333
204,11,227,699,426,1499,799	7	18333
1256,1015,1290,611,1291,1292	6	18333
1956,1270,1160,814	4	18333
349,350,351,352,353,354,355,356,218	9	17000
220,221,172,222,223	5	18666
566,282,1792,591,1681,990,1160	7	17000
1078,1249,1566,1928,1669,1074,244	7	225666
1630,167,1633	3	26333
288,260,367,1522,1133,1136,773	7	19666
1527,530,81,1689,1076,749,699,848,256	9	19333
1886,171,55,539,1423	5	20333
1871,1640,1069,659,1861,1070,789,425,1707	9	19333
1065,1300,787,1270	4	18333
1427,696,396,1563,1265,1981	6	18333
244,1375,1901,594,1094,433,14,1008,423	9	24666
1415,464,927,584,825,1737,1636	7	20333
1560,680,271,1798,1743,1229,1799,1800,115	9	19666
1430,1902,1006	3	19333
806,1746,24,1967,769	5	19666
687,1192,400,426,1193,1194,1195	7	19666
1872,1249,757,747,566,587,1046,1152,1284,326	10	18333
771,391,772,172,773,774,775,776	8	19666
1204,551,558,1963,1546,712,212,275,655	9	18333
1179,727,167,91,1865,23,1034	7	18333
1014,30,178,1745	4	18666
1359,1849,806,423,1294,1667,1284,269	8	20333
1194,790,576,192,1758,1620	6	18333
1791,386,443,134	4	18333
1832,1549,81,659,578,782,1019	7	21666
661,88,923,1306,28,593	6	18000
961,895,1726,1119,205	5	19666
537,979,834,1241,16,1574,1725	7	18333
1047,1110,407,1270,1236,1790,1845	7	19666
1052,1779,241,1351,1691,1677,959	7	22333
1485,177,1735,398,259,1325,1420	7	18000
74,75,48,76	4	19333
827,828,829,830,831	5	18333
1080,1211,1112,580,262,828	6	21666
1724,1121,1703,550,372,1513,54,96,97,1049	10	28333
524,762,1597,1047,605,34,451,654,1053,467	10	19333
1199,1191,508,856,1196,410,641	7	18666
1340,850,1417,971,1882	5	18333
90,1783,448,134,963	5	18000
1500,980,1089,616,204,1410,824,957,387	9	26333
274,883,905,1400,710	5	17333
1600,927,1130,1424,653,880,1263,1533,588	9	19333
1085,5,1020,1799,744,1698,1232,929,1952,786	10	16000
1108,117,729,466,1883,1876,706,936	8	16333
402,415,1001,1232,161,1180,171,1307	8	18000
340,134,372,373,374,375,73	7	18333
631,445	2	543000
107,1655,546,1103,877,176	6	19333
1109,311,581,508,1359,754,858,1875	8	17000
1284,901,428,526,1076	5	17333
567,1724,1634,1725,575,1055	6	16000
1835,191,143,1111	4	18333
531,1616,296,457,1306,1617,413,765	8	17000
1734,1564,419,1337,1585	5	17333
987,41,478,163,453,1362,100	7	18333
342,1884,1647,942,32,1069,1074	7	17000
1176,823	2	17333
838,839,796,840,841,610,842,843,645	9	18000
993,146,300,228,265,924,544,427,1750	9	20333
1015,1,337,412,415,1716,68	7	16000
0,1,2,3,4,5,6	7	17000
1404,1896,158,1386,222,297,1684,1385	8	18333
1944,92,1123,267,1894,556,1706,904	8	18333
761,1313,1447,1044,1448	5	18000
548,307,520,1035,1478,1827,968,949	8	18333
1699,1925,1359,1580,381,250,926,883,611,184	10	18666
1066,123,1044	3	28333
707,505,922,964,64,1162,1163,1164,1165,429	10	19333
1417,477,611,154,226,1471,625,1624	8	21333
1326,847,1357,1452,953,880,1355,1453,1029	9	17000
1219,445,763,1220,1221,1222,1223,1224,704	9	21666
1801,1831,683,843,849,388	6	19333
626,941,68,1105,1374,940	6	20666
1881,766,1483,560,711,1029,643,1930	8	18333
1037,1038,1039,1040,1041,520,326	7	18333
688,1861,79,740,1088,1354	6	21333
469,1946,1209,1740,1410	5	18333
156,242,739,1884,1784,1474,467,57	8	19666
953,1628	2	603666
1309,1323,1866,113,832,3,174,163,74,283	10	20333
202,1056,463,77,1057,827,300,128,397	9	17000
1039,1290,1406,164,835,933,1811,1374,814	9	20333
651,1692,1460,580,671	5	18333
1281,1147,86,77,1088	5	19666
1211,700,1143,601,1561,1562,568,6,1098	9	17333
952,14,943,543,1369,1934,1647,1785,551,892	10	18333
833,1296,1017,108	4	17333
988,1867,1928,724,1896,1188,511,1161,1015,1349	10	17333
1546,214,425,1304,1273,1334	6	19000
1523,1881,886,1450,1382,246,219	7	16333
116,790,1008,954,522,202	6	18333
1210,1117,366,1741,1070,248	6	18333
467,1542,170,1129,243,171	6	18333
967,1667,1733,290,1398,843	6	19000
1471,1974,1720,982,1334,1411,279	7	18333
505,1316,1682,1170,361	5	18000
1290,898,1372,243,878,1898,278	7	17000
1488,537,1243,1489,805,751,752	7	17333
613,1066,138,581,116,855	6	17000
145,1614,1423,1469,423,417	6	18000
1067,1068,512,1069,355,1070,531	7	16333
723,533,1513,1643	4	18333
36,1773,1426,1088,1198	5	17000
1280,1369,1559,856,97,1560,220,126,1326,905	10	18333
1520,1267,1704,1048,1663,1002	6	17000
1989,159,119,1401,452,112	6	18666
319,226,275,957,1459,278,100,972	8	19333
205,943,607,60	4	17000
286,287,288,289,290,291	6	17333
1391,543,764,1179,923,1134,1274,1464,1560	9	17333
832,833,834,835,836,533,837	7	18000
1028,1202,1203,750,1066,1204,469,1205,1206,1207	10	18000
963,1902,737,4,171,60,373,979,537,765	10	19333
121,122	2	384000
1092,586,830,423,863,1533,394,1584	8	19333
928,560,739,1025,404,280	6	18333
650,791,1142,1143	4	17333
917,1542,443,415,1968,1462,1220,565,143	9	19333
849,1130,1404,384,1496	5	17333
549,544,1520,1689,650,717	6	18000
236,298,76,299,300,301,273,37	8	19333
545,758,26,812,105,1316	6	19666
1953,474,1731,1462,1004,1733,71,1710	8	20333
249,532,1017,107	4	19333
819,1782,1753,958,165,894,774	7	17333
819,1469,1470,571,1471,1250,1241,631,1472,1334	10	17333
286,1008,1153,1329,972,598,1801,1159,715,939	10	19333
808,809,72,810,687,500,288,549,28	9	18000
204,771,1001,639	4	16333
327,500,513,470,1572,865,949,1282	8	18333
311,1545,91,1772,1042,1063,1651,1254	8	19333
1582,968,1611,57,1524	5	19333
617,1145,1311,1897,1119,604,1407,222	8	18666
1772,710,836,1169,1189,104	6	19333
1827,1974,1029,341,606,828,931,1809	8	18000
367,1092,1093,143,259,1094,445	7	20333
916,288,1557,943,1101,1143,93	7	19333
1224,434,938,1828,796	5	20333
1435,271,337,455,1436	5	18333
1624,1114,1772,1028,1857,1402	6	17000
647,517,1365,1596,204,108,1192	7	17000
1378,1012,941,1683,346,85	6	20333
822,513,152,1353,693,1752,600	7	18000
1498,210,1204,1808,1164,1846,1342,1091,1451	9	19666
1335,1442,474,339,757,1626,1764,1106	8	17000
915,916,917,759,918,502,919,920,651,38	10	24000
1848,862,1264,672,1416,183,1514,1697	8	21666
173,93,1391,1921,8,1064,593,1105,858	9	29666
254,160,631,445,1450,1782,1778	7	18666
41,42,43,44,45,46,47,48	8	19666
1595,300,1695,402,651,560,1926,647	8	20666
235,1265,313,643	4	19333
185,1379,1864,288,1075,1983,157,740	8	18000
642,1786,1765,119,1025,1832	6	19333
1783,78,807,1523,197	5	18333
33,34,35,36,37,38,39,40	8	19333
1802,976,1478,1699,1107,663,1498,1556,1794	9	19333
1235,1785,296,488,1667	5	22333
400,604,1577,1254,1847,782,597,1794	8	20666
1595,1216,1081,1455,1524,1170	6	20333
1012,1013,421,1014,375	5	19333
810,1858,1328,1548,187	5	18333
1672,1386,551,1399,1723,320,1052,991	8	20333
701,702,59,179,703,704,705	7	19333
991,1863,612,1129,1950,1895	6	19666
456,812,832,1017,12	5	19666
1709,1235,1001,542,1063,868,390	7	21666
1068,288,40,655,2,1275,674,610	8	21666
1634,1543,580,442,1927	5	18333
220,1959,387,228,809,1028,982,424,342	9	20333
1497,19,1852,1851,1617,631,396	7	18333
1078,1662,1131,1339,1085,1270,1406,1682,1712,51	10	20333
1585,583,1145,45,1339	5	21666
887,888,889,890,891,892,893	7	20666
934,1847,914,953	4	18333
1345,673,100,1456,1457,1056,666,1458	8	21666
720,1409,1711,1497,1514,1444,1582,881	8	19333
152,108,1485,691,307	5	19666
760,1262,1354,890,41	5	18333
725,1345,1923,99,1602,1812	6	18666
382,1235,964,553,1202,1248,932,1711	8	20666
1848,1928,201,1581,971,125,1659	7	19333
616,110,617,618	4	19666
193,1582,387	3	20666
1041,1801,1542,323,1123,1656,708	7	17333
370,827	2	553666
910,1154,1155,1156,384,1157,1158,681	8	20333
1694,1815,969,1715,1214,1118	6	19333
79,132,312,313,314,315,316,267,317	9	18666
1238,1579,773,498,344,1077	6	18333
992,390,295,411,160	5	17333
329,1572,66,1647,576,1418,1715,396,164,1121	10	18333
790,920,1421,1266,1216	5	17333
1284,1489,79,1811,1228,49,1066	7	20333
224,225,226,227	4	18333
416,1011,433,482	4	19333
756,369,822,440,1497,1038,41,1577	8	19333
969,437,352,725	4	18333
401,571,271,594,595,596	6	19333
353,766,1451,1182,1031,362	6	19333
1455,1337,1910,1056,1303,179,1477	7	19333
1387,1970,1378,1872,1542,1886,1396,951,1215,1194	10	18333
373,79,980,504	4	18000
368,1579,472,878,498,1473,110,1520,359,485	10	18666
66,310,661,683	4	18333
965,1295,1294,1390,764,327,1334	7	18333
781,507,782,464,783,784,785,447,786,787	10	19000
1558,315,1795,117,83,1984,1324	7	18333
1963,1036,1798,1957,586,1959,423	7	26333
772,401,1649,1555,490,1501	6	30000
1793,1783,873	3	27000
263,1416,299,863,940,292,536,1237	8	25666
1591,1580,1605,1333,1648,77,934,1335,1509,408	10	25333
1776,1330,649,1063,258,1752,1767	7	25333
509,857,1830,1045,1560,191,1658,1939,1301,1121	10	47333
1921,967,1995,480,1593,1356	6	30666
980,196,1069,856,139,122	6	25000
1741,1180,683,1371,91,1787,940,72,1129	9	26333
976,1846,737,0,403	5	25333
844,994,520,861,826,1831	6	24000
1111,1933,870,144,964,415	6	25666
549,493,1754,495,1710	5	24000
1292,778,1524,445,1004,1177,1539,219,371	9	26333
61,871,185,202,756,872	6	24000
517,812,1896,233,1760,1636,1513,1839	8	25000
124,125,126,99	4	23000
671,767,1059,999,1666,957,581,127,1667	9	23000
909,1642,609,1103,691,1364,1506,14,1126	9	24333
1772,327,748,30,1757,973,558,789,616	9	26333
1044,1045	2	24000
1668,106	2	691000
1917,766,186,1810,1677,1246,499,1952	8	28666
1123,1318	2	25333
1700,1712,160,1033,850	5	22666
1341,1721,945,591,1403,367,371,1181	8	24333
899,96,46,1363,839	5	26333
1222,434,1056,1171,1295,169,1349,213	8	21000
1072,1017,1226,572,1580,118,220	7	23333
313,290,237,1062,994,1779,3,70,1514,1788	10	26333
895,668,546,827	4	25333
1422,502,707,1546,224,1562,991,1045	8	25333
881,545,882,154,883,884,885,3	8	26333
679,1705,1126,1227,322,580,185,1244,1080	9	24000
452,1876,1248,1887,554,1327,1174,1795,51,902	10	24000
840,765,242,1098,1099,1100,626	7	24000
1,1095,1096,142,167,50,681	7	25000
745,959,453,608,458,1421,1375,1469,1323	9	24333
1480,37,733,1572,1573,1379	6	25000
801,831,1915,1650,1336,1579,564,1926	8	26666
1023,1272,1154,1643,1670,1195,12,836,534	9	25000
729,1906,1902,1518	4	25333
1451,1228,838,1618,1125,1186,1706,264,1932	9	24000
38,955,1607,768,1142,1053,1107,1140	8	24000
1671,723,343,1011,1442,961,559	7	25333
106,1677,1410,1292,1195,1678,1252,62	8	24000
311,1595,1455,711,1234,960,1149,725	8	25666
102,416,1182,1150,411,769	6	22666
1389,528,321,377,1315,1935,301,503,177	9	24333
1963,1310,1252,376,539,1710	6	22000
1156,1254,1381,601,1859,571,246	7	31000
398,399,400,401	4	26000
865,326,1375,1941,874,1851,878	7	25333
1610,528,164,1181,254	5	25000
626,1992,606,631,132,1862,1725,1865	8	26000
503,504,505,115,506,507,508,509	8	24000
1348,1094,1278,33,1435,455	6	24333
458,1172,958,1173,1174	5	23333
606,32,607,295,608,609,474	7	25666
100,1753,235,1025,178,920	6	25333
570,1120,1911,88,126,1100,876	7	27666
25,626,1415,787,1099,1188,1238	7	25000
1113,793,1333,1334,843,1335,1336,1279	8	25333
1035,989,1041,557,1546,318	6	23333
1000,154,1602,718,64,1839,96	7	30333
1215,958,487,29,672	5	27000
389,1785,1095,904,354	5	25333
1165,1427,1821,1477,251,692,278,1605,521,1253	10	25000
382,383,384,385,386,387,388,389	8	24333
1661,577,1526,1897	4	25333
338,998,999,215,106,1000,878	7	29666
1466,68,656,1467,1468,193,1331	7	19333
1037,792,1607,693,1387,264,379,434	8	18333
1333,1460,587,1644,519	5	18333
1716,1915,768,1517	4	22333
186,840,417,1403,1523,917	6	24000
84,1537,1538,1073,389	5	17666
48,1087,1386,686,866,1575,863,384	8	26333
49,914,918,1919,925	5	19333
417,216,1595,1901,707,1545,24	7	19333
1978,1591,1356,1078,320,972,554,469,1424	9	21333
1380,428,170,1007,600,1424,1614	7	26333
336,337,338,339,315,340,51,341	8	20666
364,1844,151,1309,933	5	26000
269,1077,1421,753,871,798,486,330,157,202	10	24000
386,1463,498,971,1406	5	19333
1199,45,665,600,849,812,1626,1330,199,522	10	17333
37,135,1104,865	4	20333
1023,122,1024,1025,1026,1027,1028	7	18333
494,1542,1038,508,900,1573	6	19333
1925,739,1676,1851	4	19333
525,1644,1765,1390,1813,1987	6	22333
1791,822,1921,640,1236,168,928	7	21333
1668,1145,1303,38,1942,398,781,415,872,1535	10	20666
843,595,1744,1847,903,1907,445,1333,388	9	20000
1932,939,1483,746,1966,64	6	25333
511,1267,1954,1983,1752,1691,1138,1637,1346	9	18000
196,560,1736,1777,1824,1538,1953	7	17333
259,1225,1475,1769,1107,1739,150	7	19666
453,1632,142,540	4	18000
1676,519,235,1353,1777,701,144,1019,1857	9	19666
565,424,619,620,621,622,238	7	21333
1542,3,571,992,1062	5	18333
61,383,901,1424,1425,140,1426	7	18333
1471,812,1960,303,1415,157,851	7	19333
900,393,560,155,1524,1525,1502	7	18000
60,1585,1311,187,546,747,1088,875	8	18333
472,1848,809,1903,1032,1573,1435,1007	8	19666
1171,199,1883,578,364,504	6	20666
1206,631,1482,1235,1088,890,170	7	19666
1934,412,465,1035,1935,1042,781,368	8	19666
1287,248,1288,406,1244,889,1189	7	18666
1169,1587,219,1507	4	19000
1576,1067,1555,803,112,243,1308,1429	8	28666
549,1003,828,1296,1117,795	6	19666
254,1804,1215,1889,7	5	19666
243,474,1248	3	20666
292,11,119,293,294,295,296,297	8	19333
41,1073,982,421	4	18333
654,1844,1682,1953,1261	5	19333
1105,1426,549,1025,1529,284	6	42333
1078,982,147,170,1151,1713,358,1796	8	27333
520,1196,438,262,1494,1866,942,1639	8	26333
1621,430,533,532,619,1622,1623,43	8	26000
1604,216,1605,1606,285,648,1607	7	25666
1095,284,1904,1261,640	5	24333
921,226,1267,1293,1101,1139	6	27666
907,770,1468,1496,11,618	6	27666
435,436,194,177,437,438,439,129	8	42333
1216,1404,365,871,1405,696,1289,1406	8	19666
341,22,1771,107,1715,1012,1711	7	19666
1719,1708,1840,3,1647,793	6	20333
904,1748,38,1993,805,1670	6	19333
631,710,711,712,507,713,52,624,714	9	19333
1020,1653,100,3,1695	5	20666
1307,1422,1133,306,1423,1211,767,1035	8	18666
343,1274,618,1602,1099,1629,1232,249,362	9	19666
914,1330,1824,1898,1117,634,27	7	20000
650,1944,1778,10,1607,1836	6	18333
1100,1361,1097,1520,695,1598,40,1188,589	9	18333
1605,1101,1742,1659,1648,698	6	19333
129,650,1476,1499,1284,1691,1192	7	19333
332,1834,1520,768,741,592,589	7	19666
549,955,1175,1176,1177,1178	6	19666
301,462,140,463,464	5	19666
1318,1015,1789,1592,1790,1707	6	19666
2,732,733,701,734,735,681	7	21666
547,804,383,20,805,806,575,807	8	21333
628,1074,832,522,14,1939,410	7	18666
1190,1055,1500	3	18333
1681,457,198,317,358	5	17333
1531,551,1283,500,61,790,1198,578	8	21333
933,1466,303,1597,1474,1439,1598	7	19333
502,999,1457,1066,1556,1188	6	18000
88,1738,172,1663,980,903,1381	7	20333
316,185,1380,1238	4	18333
585,969,438,1532,1643	5	18333
263,1089,145,1912,1951,1384,578,899,47,1929	10	22666
121,122,1909,1758,70,494,26,500	8	18333
914,1270,433,395,27	5	18333
589,507,573,1409,905	5	18666
783,1491,219,597,411,1354,830,1913	8	19333
1270,198,1000,453	4	18333
1350,1351,603,1352,404,1353,1354,691,739	9	17333
1372,226,896,84,407,1183,354	7	19333
1524,1796,1545,39,57	5	19333
1125,307,1140,560,842,1141,835	7	17666
998,290,599,693,1431	5	18666
153,990,1268,1128,39,1269,701	7	17333
521,1653,1495,1548	4	18333
382,461,1921,203,1928,507,894	7	19333
1133,389,1099,1069,697	5	19000
289,1051,806,882,1168,1161,1316,1119,212,847	10	18000
973,974,923,975,976,977,744,114,737	9	18333
840,1176,1658,1576,207,35	6	19333
1042,380,1043	3	17333
192,960	2	18333
436,1650,1186,1963,1958	5	19666
246,725,1853,85,418	5	20666
1434,1323,1707,277,81,705,1008	7	18333
1945,1684,1866,277,991,732,63,1194	8	20333
619,277,1817,353,1807,1121,1859	7	18333
322,449,450,259,451	5	18666
419,979,1020,659,1833	5	17333
512,1145,462,1269,174,206,19,459,1339	9	20333
1031,522,211,752,1739,1081,710,64,296,426	10	17333
1758,1686,1954,551,1056,1814	6	19333
402,918,1994,1347,675,1164,1409,652	8	18333
1383,992,1607,1269,24,115,1026,1061,646	9	18333
489,356,758,889	4	20333
116,117,118,119,120,121,122,123	8	18666
838,257,806,1659,1818,468,909,1853,598,279	10	19000
124,1366,405,1255,1838,1546,1771,542	8	20666
897,711,117,1492,476,1674,509,1613	8	20666
661,934,750,285,817,645,593	7	17000
1255,636,1875,1018	4	19666
559,527,343,560,561,562	6	19666
29,1612,1602,931,157,707,369,579,436,1548	10	20333
286,1069,1350,1282,1702,441	6	20333
506,419,327,157,652,629,244,452,653	9	19333
255,256,257,258,259,260,261	7	19333
43,107,604,1332,51,1586	6	17333
714,1148,81,1898	4	18333
839,297,1483,1290,1689,926	6	18333
318,319,320,321,322,323,324	7	18666
610,611,612,227,613,614,615	7	18333
1553,1554,31,39,379,51,594,1555,1556	9	28333
938,1189,1224,1428,944,986,671,384,1416	9	20333
383,1720,250,878,1380,163,632,1239,727	9	17333
1558,943,82,1154,1764,844,934,1122	8	19333
430,1582,1657,64,1071,1633,358	7	19666
1568,140,1382,1331,1532,1211,1044	7	19333
731,848,121,589,199,6	6	124333
85,1136,687,1109,1562,154,1146,552,686	9	19333
532,533,534	3	23000
