2,3,3	3	0.6423333333333333
2,3,4	3	0.5406666666666666
3,4,5,5,5,5,5,5,5,5,5,5	12	0.437
0,1,2,2,2,2,2,2,2,2,2,2	12	0.14
0,1,4,2,2	5	0.15533333333333332
0,1,4,2,3	5	0.19266666666666668
0,1,4,2,2,2,2,2,2,2	10	0.158
6,7,0	3	0.085
0,1,4,2,2,2,3	7	0.22366666666666668
0,1,4,2,2,2,2	7	0.18433333333333335
0,1,2,2,2,2,2,3,4	9	0.285
0,2,2,3,4	5	0.6933333333333334
4,2,2,2,2,3	6	0.46399999999999997
1,2,2,2,3	5	0.5313333333333334
0,1,2,2,2,2,3,4	8	0.25733333333333336
6,0,1	3	0.09000000000000001
0,4,3	3	0.459
8,9	2	0.10533333333333333
11,0,3,4	4	0.28833333333333333
13,5,5,5,5,5,5,5,5,5,5,5	12	0.08600000000000001
0,4,2	3	0.41133333333333333
0,1,13,5,5,5,5,5,5,5,5,5	12	0.18099999999999997
2,3,3,3,3,4	6	0.4623333333333333
0,2,3	3	0.47400000000000003
0,2,2	3	0.474
0,2,4	3	0.4736666666666666
7,0,1,4,2	5	0.06633333333333334
4,2,3	3	0.4673333333333334
1,2,3,4	4	0.5626666666666668
4,2,2	3	0.4263333333333333
11,0,1,4,2,3	6	0.16466666666666666
5,0	2	0.3403333333333333
11,0,1,2	4	0.09300000000000001
3,4	2	0.44733333333333336
0,1,2,3,4	5	0.18066666666666667
6,0,1,4,2,2,3	7	0.21999999999999997
0,12	2	0.302
6,0,1,2,2,3	6	0.257
0,11	2	0.2846666666666667
0,13	2	0.29666666666666663
0,1,2,2,2,2,2,2,2,2	10	0.16433333333333333
0,1,4,2,2,2,2,3	8	0.26833333333333337
11,0,1,2,2,3,4	7	0.19000000000000003
2,3,13	3	0.532
0,1,4,2,2,2,2,2	8	0.19966666666666666
0,2	2	0.5233333333333334
0,1	2	0.18933333333333335
11,0,1,4,2	5	0.09699999999999999
0,7	2	0.3403333333333334
0,6	2	0.244
11,0,1,2,3,4	6	0.21633333333333335
2,3,4,5,5,5,5,5,5,5,5,5	12	0.573
0,5	2	0.3403333333333333
0,4	2	0.44766666666666666
1,4,2,2,2,2,2,2,2,2,2,2	12	0.459
4,5,5,5,5,5,5,5,5,5,5,5	12	0.25066666666666665
0,8	2	0.23466666666666666
1,4,2	3	0.4716666666666667
8,0	2	0.08333333333333333
1,2,2	3	0.434
1,2,3	3	0.4736666666666667
0,6,7	3	0.20433333333333334
0,1,4,2,2,2,2,2,2	9	0.18533333333333335
7,0	2	0.07433333333333332
1,2,2,2,3,4	6	0.5156666666666666
0,1,4,2,2,2,2,2,3	9	0.21833333333333335
6,0,1,4,2	5	0.07033333333333334
0,1,2,2,2,2,2	7	0.13833333333333334
0,1,2,2,2,2,3	7	0.19699999999999998
12,0	2	0.06666666666666667
0,1,3,4	4	0.29
12,0,4,2,3	5	0.35333333333333333
11,0,4,2	4	0.17200000000000001
11,0,4,3	4	0.075
4,5,5	3	0.23399999999999999
0,1,2,2,2,2,2,2	8	0.143
0,1,2,2	4	0.133
11,0,2,4	4	0.11133333333333334
0,1,2,4	4	0.14500000000000002
0,1,4,2,3,13	6	0.20566666666666666
0,1,2,3	4	0.20266666666666666
11,0,4,2,3	5	0.33899999999999997
0,1,2,2,2,3,4	7	0.26699999999999996
11,0,2	3	0.07766666666666668
11,0,1	3	0.06866666666666667
6,0	2	0.08566666666666667
11,0,4	3	0.07166666666666667
6,0,1,2,2	5	0.07366666666666667
0,1,13	3	0.18466666666666667
6,0,1,2,3	5	0.18833333333333332
0,8,9	3	0.22266666666666668
2,3,3,4	4	0.439
8,9,0,1	4	0.06866666666666667
2,3	2	0.48200000000000004
2,4	2	0.46366666666666667
0,3,4	3	0.437
0,4,2,3	4	0.4303333333333333
1,5,5,5,5,5,5,5,5,5,5,5	12	0.27
0,1,2,2,3,4	6	0.17800000000000002
1,2,2,2	4	0.4246666666666667
0,1,4,2,2,2,2,2,2,2,2,2	12	0.158
4,2	2	0.37399999999999994
4,3	2	0.37566666666666665
1,2,2,3	4	0.4606666666666667
0,1,5,5,5,5,5,5,5,5,5,5	12	0.18099999999999997
4,2,3,13	4	0.46866666666666673
6,0,1,2	4	0.07133333333333335
6,0,1,4	4	0.07633333333333332
0,1,2,2,2,2	6	0.1376666666666667
6,0,1,2,3,4	6	0.15866666666666665
0,1,2	3	0.123
11,0,2,3,4	5	0.5006666666666667
0,1,2,2,2,3	6	0.19633333333333333
4,2,2,3	4	0.4416666666666667
0,1,4	3	0.18866666666666668
4,2,2,2	4	0.3933333333333333
0,1,5	3	0.18533333333333335
1,4,2,2	4	0.44333333333333336
6,7,0,1	4	0.07100000000000001
1,2,2,2,2,2,2,2,2,2,2,2	12	0.436
7,0,1,4	4	0.08466666666666667
1,4,2,3	4	0.5406666666666666
0,1,4,2,2,2	6	0.16933333333333334
6,0,1,2,2,3,4	7	0.18566666666666665
1,4,2,2,2	5	0.438
0,1,2,2,2,2,2,2,2	9	0.1376666666666667
1,4,2,2,3	5	0.45133333333333336
6,0,1,4,2,2	6	0.06366666666666666
1,2	2	0.42333333333333334
0,1,4,2,3,3	6	0.20033333333333334
7,0,1	3	0.07733333333333334
6,0,1,4,2,3	6	0.159
8,9,0	3	0.08900000000000001
1,13,5,5,5,5,5,5,5,5,5,5	12	0.261
0,1,4,2,2,3	6	0.20166666666666666
1,4	2	0.39233333333333337
4,2,2,2,2	5	0.39166666666666666
4,2,2,2,3	5	0.457
12,0,4,2	4	0.18133333333333335
4,2,2,2,2,2,2,2,2,2,2,2	12	0.42333333333333334
0,5,5,5,5,5,5,5,5,5,5,5	12	0.32033333333333336
6,7	2	0.09600000000000002
7,0,1,4,2,3	6	0.164
7,0,1,4,2,2	6	0.06666666666666667
1,2,2,3,4	5	0.5233333333333333
0,1,4,2,2,2,2,2,2,2,2	11	0.15866666666666665
0,2,3,4	4	0.5513333333333333
0,1,2,2,3	5	0.18566666666666665
0,1,4,3	4	0.19233333333333333
12,0,4	3	0.06833333333333334
0,1,4,2	4	0.14200000000000002
8,0,1	3	0.07300000000000001
1,4,2,2,2,2,3	7	0.45166666666666666
1,4,2,2,2,3	6	0.4736666666666667
0,1,5,5	4	0.17333333333333334
11,0	2	0.08133333333333333
0,1,2,2,2	5	0.13633333333333333
1,4,2,2,2,2	6	0.43133333333333335
