0.022333333333333334
0.025666666666666667
0.009
0.004666666666666667
0.011000000000000001
0.006999999999999999
0.014
0.014
0.016333333333333335
0.008666666666666666
0.009333333333333332
0.021
0.021
0.006333333333333334
0.008333333333333333
0.0036666666666666666
0.029333333333333333
0.0023333333333333335
0.005333333333333333
0.011666666666666667
0.0033333333333333335
0.024333333333333335
0.029666666666666664
0.006333333333333334
0.030333333333333334
0.057999999999999996
0.002
0.011333333333333334
0.008
0.005
0.004333333333333334
0.005333333333333333
0.006000000000000001
0.0026666666666666666
0.0036666666666666666
0.0036666666666666666
0.002
0.011333333333333334
0.0023333333333333335
0.011333333333333334
0.0016666666666666668
0.02
0.005999999999999999
0.0016666666666666668
0.0023333333333333335
0.004333333333333334
0.005666666666666667
0.008666666666666666
0.0026666666666666666
0.009666666666666665
0.046000000000000006
0.03333333333333333
0.005666666666666667
0.03866666666666666
0.008
0.06
0.008333333333333333
0.0016666666666666668
0.0016666666666666668
0.002
0.006666666666666667
0.013333333333333334
0.03333333333333333
0.007666666666666666
0.0036666666666666666
0.0023333333333333335
0.012000000000000002
0.0036666666666666666
0.0016666666666666668
0.008333333333333333
0.0033333333333333335
0.010333333333333333
0.008666666666666666
0.0036666666666666666
0.005333333333333333
0.0026666666666666666
0.013999999999999999
0.0026666666666666666
0.0026666666666666666
0.072
0.0036666666666666666
0.0030000000000000005
0.0033333333333333335
0.008333333333333333
0.04066666666666666
0.010333333333333333
0.009333333333333332
0.009000000000000001
0.0026666666666666666
0.004
0.009000000000000001
0.004
0.002
0.002
0.012333333333333335
0.0033333333333333335
0.0023333333333333335
0.008
0.010666666666666666
0.0033333333333333335
0.015333333333333332
0.009333333333333332
0.008666666666666668
0.0016666666666666668
0.0026666666666666666
0.0016666666666666668
0.002
0.0036666666666666666
0.0013333333333333333
0.012333333333333333
0.003666666666666667
0.0030000000000000005
0.006666666666666667
0.008333333333333333
0.0033333333333333335
0.010333333333333333
0.0030000000000000005
0.004333333333333334
0.0016666666666666668
0.0013333333333333333
0.0016666666666666668
0.002
0.006333333333333334
0.004
0.010666666666666666
0.0026666666666666666
0.0026666666666666666
0.006000000000000001
0.004333333333333334
0.006000000000000001
0.0030000000000000005
0.022000000000000002
0.005333333333333333
0.006999999999999999
0.0030000000000000005
0.004333333333333334
0.0036666666666666666
0.004
0.053
0.002
0.0036666666666666666
0.007666666666666666
0.007333333333333333
0.0016666666666666668
0.007666666666666666
0.006666666666666667
0.032
0.025333333333333336
0.008333333333333333
0.004
0.08166666666666667
0.008666666666666668
0.002
0.005333333333333333
0.0023333333333333335
0.0023333333333333335
0.008
0.007666666666666666
0.03366666666666667
0.0033333333333333335
0.008333333333333333
0.006999999999999999
0.0030000000000000005
0.001
0.013
0.0013333333333333333
0.0016666666666666668
0.0013333333333333333
0.002
0.0026666666666666666
0.0033333333333333335
0.005333333333333333
0.0016666666666666668
0.007
0.0033333333333333335
0.0023333333333333335
0.011000000000000001
0.011333333333333334
0.007666666666666666
0.0023333333333333335
0.014333333333333332
0.004
0.007
0.0026666666666666666
0.002
0.0023333333333333335
0.009333333333333332
0.0023333333333333335
0.001
0.004
0.005333333333333333
0.025000000000000005
0.004
0.005666666666666667
0.0026666666666666666
0.027333333333333334
0.0023333333333333335
0.005333333333333333
0.0026666666666666666
0.011000000000000001
0.0026666666666666666
0.025000000000000005
0.008666666666666668
0.005
0.011333333333333334
0.008666666666666666
0.018
0.03833333333333333
0.0026666666666666666
0.005333333333333333
0.007666666666666666
0.0013333333333333333
0.002
0.0016666666666666668
0.004
0.0023333333333333335
0.005666666666666667
0.0013333333333333333
0.0013333333333333333
0.0030000000000000005
0.004333333333333334
0.004666666666666667
0.005666666666666667
0.0030000000000000005
0.004
0.006666666666666667
0.0016666666666666668
0.008666666666666668
0.0016666666666666668
0.0016666666666666668
0.002
0.0013333333333333333
0.0016666666666666668
6.666666666666666E-4
0.0030000000000000005
0.0026666666666666666
0.005666666666666667
0.006000000000000001
0.007333333333333333
0.03466666666666667
0.0033333333333333335
0.0013333333333333333
0.018
0.004666666666666667
0.002
0.007666666666666666
0.011666666666666667
0.0023333333333333335
0.008666666666666668
0.0023333333333333335
0.014333333333333332
0.0026666666666666666
0.005333333333333333
0.025000000000000005
0.005999999999999999
0.0016666666666666668
0.0026666666666666666
0.0016666666666666668
0.0033333333333333335
0.0033333333333333335
0.0023333333333333335
0.0030000000000000005
0.002
0.0016666666666666668
0.008666666666666668
0.008333333333333333
0.006666666666666667
0.002
0.0013333333333333333
0.009000000000000001
0.002
0.009333333333333332
0.0013333333333333333
0.013
0.002
0.009333333333333334
0.05100000000000001
0.006999999999999999
0.0016666666666666668
0.0026666666666666666
0.0016666666666666668
0.0033333333333333335
0.017
0.002
0.0036666666666666666
0.005666666666666667
0.004666666666666667
0.043666666666666666
0.004
0.017666666666666667
0.0026666666666666666
0.002
0.0023333333333333335
0.04700000000000001
0.005333333333333333
0.0036666666666666666
0.011666666666666665
0.0013333333333333333
0.0036666666666666666
0.002
0.004333333333333334
0.007333333333333333
0.0013333333333333333
0.0016666666666666668
0.0013333333333333333
0.0030000000000000005
0.008
0.01
0.009000000000000001
0.002
0.0016666666666666668
0.004
0.005
0.002
0.008
0.0016666666666666668
0.01
0.0026666666666666666
0.015666666666666666
0.009666666666666665
0.0016666666666666668
0.008
0.006000000000000001
0.009666666666666665
0.0033333333333333335
0.005333333333333333
0.016
0.007333333333333333
0.0016666666666666668
0.0013333333333333333
0.005666666666666667
0.011000000000000001
0.006666666666666667
0.007666666666666666
0.0013333333333333333
0.006333333333333333
0.0030000000000000005
0.005666666666666667
0.006000000000000001
0.005333333333333333
0.0023333333333333335
0.002
0.013
0.011333333333333334
0.002
0.005
0.04933333333333334
0.013
0.0026666666666666666
0.0023333333333333335
0.0016666666666666668
0.0016666666666666668
0.0013333333333333333
0.0023333333333333335
0.007333333333333333
0.005
0.0033333333333333335
0.008
0.005
0.009333333333333334
0.0023333333333333335
0.03833333333333333
0.0013333333333333333
0.0013333333333333333
0.02266666666666667
0.0036666666666666666
0.0023333333333333335
0.008
0.0013333333333333333
0.0016666666666666668
0.009333333333333332
0.002
0.002
0.002
0.004
0.009333333333333334
0.005333333333333333
0.0030000000000000005
0.004
0.002
0.0030000000000000005
0.007333333333333333
0.004
0.004333333333333334
0.006999999999999999
0.015
0.0023333333333333335
0.0036666666666666666
0.002
0.011999999999999999
0.0026666666666666666
0.0016666666666666668
0.006666666666666667
0.004333333333333334
0.0016666666666666668
0.012000000000000002
0.004666666666666667
0.007
0.0023333333333333335
0.0013333333333333333
0.0016666666666666668
0.012666666666666666
0.002
0.009333333333333332
0.026333333333333334
0.005
0.04466666666666667
0.005
0.004333333333333334
0.005
0.005
0.013666666666666667
0.007666666666666666
0.008
0.0033333333333333335
0.006333333333333333
0.0033333333333333335
0.006000000000000001
0.0016666666666666668
0.04766666666666667
0.005
0.0013333333333333333
0.035
0.002
0.024000000000000004
0.017333333333333336
0.002
0.002
0.0023333333333333335
0.0033333333333333335
0.0026666666666666666
0.004
0.004333333333333334
0.004666666666666667
0.0026666666666666666
0.004666666666666667
0.004333333333333334
0.0033333333333333335
0.0013333333333333333
0.007333333333333333
0.004666666666666667
0.002
0.0013333333333333333
0.015333333333333332
0.005666666666666667
0.0033333333333333335
0.006999999999999999
0.004666666666666667
0.006666666666666667
0.002
0.0030000000000000005
0.011333333333333334
0.0036666666666666666
0.004666666666666667
0.0026666666666666666
0.008333333333333333
0.0023333333333333335
0.004666666666666667
0.002
0.001
0.004666666666666667
0.008
0.0013333333333333333
0.0033333333333333335
0.005
0.006666666666666667
0.005333333333333333
0.0023333333333333335
0.004666666666666667
0.005666666666666667
0.013333333333333334
0.010333333333333333
0.007333333333333333
0.007333333333333333
0.0026666666666666666
0.008
0.05433333333333334
0.0036666666666666666
0.002
0.0023333333333333335
0.0026666666666666666
0.008
0.004
0.0033333333333333335
0.0036666666666666666
0.013666666666666667
0.006000000000000001
0.004666666666666667
0.0026666666666666666
0.008
0.0013333333333333333
0.007666666666666666
0.0036666666666666666
0.005
0.007333333333333333
0.009333333333333334
0.0030000000000000005
0.004
0.0036666666666666666
0.0033333333333333335
0.0023333333333333335
0.002
0.0026666666666666666
0.019
0.002
0.0033333333333333335
0.0033333333333333335
0.004
0.015
0.002
0.0013333333333333333
0.0013333333333333333
0.0033333333333333335
0.005666666666666667
0.005
0.06166666666666667
0.0033333333333333335
0.0033333333333333335
0.0023333333333333335
0.029333333333333333
0.0016666666666666668
0.008666666666666668
0.0026666666666666666
0.0033333333333333335
0.0013333333333333333
0.006999999999999999
0.0033333333333333335
0.0023333333333333335
0.009000000000000001
0.0036666666666666666
0.0033333333333333335
0.0036666666666666666
0.006000000000000001
0.004333333333333334
0.0013333333333333333
0.002
0.005
0.011999999999999999
0.0023333333333333335
0.0030000000000000005
0.005
0.009666666666666665
0.0016666666666666668
0.013999999999999999
0.0033333333333333335
0.0030000000000000005
0.012000000000000002
0.004
0.0036666666666666666
0.0023333333333333335
0.0016666666666666668
0.0030000000000000005
0.0013333333333333333
0.006999999999999999
0.007333333333333333
0.03566666666666667
0.0030000000000000005
0.06133333333333333
0.008666666666666668
0.013
0.002
0.0013333333333333333
0.0023333333333333335
0.0013333333333333333
0.0033333333333333335
0.0036666666666666666
0.01
0.0016666666666666668
0.0036666666666666666
0.0036666666666666666
0.062
0.002
0.009333333333333332
0.004333333333333334
0.0013333333333333333
0.0030000000000000005
0.001
0.02666666666666667
0.009000000000000001
0.0030000000000000005
0.0023333333333333335
0.0016666666666666668
0.0026666666666666666
0.005
0.0016666666666666668
0.002
0.001
0.005
0.0026666666666666666
0.0013333333333333333
0.006666666666666667
0.004333333333333334
0.009
0.0030000000000000005
0.005333333333333333
0.007
0.0036666666666666666
0.0026666666666666666
0.006333333333333334
0.009666666666666665
0.0026666666666666666
0.006333333333333334
0.0023333333333333335
0.009
0.004333333333333334
0.0036666666666666666
0.0026666666666666666
0.001
0.0030000000000000005
0.0016666666666666668
0.0023333333333333335
0.0033333333333333335
0.0016666666666666668
0.004
0.006333333333333333
0.007333333333333333
0.011333333333333334
0.004333333333333334
0.0033333333333333335
0.005666666666666667
0.0016666666666666668
0.008333333333333333
0.004333333333333334
0.002
0.002
0.006666666666666667
0.005666666666666667
0.009
0.0026666666666666666
0.0016666666666666668
0.002
0.010333333333333333
0.009666666666666665
0.0023333333333333335
0.0013333333333333333
0.006333333333333334
0.0036666666666666666
0.005
0.0026666666666666666
0.0013333333333333333
0.009000000000000001
0.0033333333333333335
0.0036666666666666666
0.0026666666666666666
0.007333333333333333
0.0033333333333333335
0.02666666666666667
0.004666666666666667
0.0030000000000000005
0.006000000000000001
0.007666666666666666
0.0023333333333333335
0.0033333333333333335
0.0036666666666666666
0.0016666666666666668
0.0030000000000000005
0.009666666666666665
0.0036666666666666666
0.0036666666666666666
0.037
0.042333333333333334
0.020666666666666667
0.025666666666666667
0.0016666666666666668
0.0026666666666666666
0.015666666666666666
0.008666666666666666
0.0036666666666666666
0.005666666666666667
0.0030000000000000005
0.005
0.006666666666666667
0.0030000000000000005
0.006333333333333333
0.012666666666666666
0.053
0.0013333333333333333
0.0036666666666666666
0.0036666666666666666
0.0026666666666666666
0.0026666666666666666
0.004666666666666666
0.0023333333333333335
0.0013333333333333333
0.0030000000000000005
0.005
0.004
0.0036666666666666666
0.002
0.0013333333333333333
0.008666666666666668
0.007333333333333333
0.006000000000000001
0.0016666666666666668
0.0026666666666666666
0.0016666666666666668
0.0016666666666666668
0.0016666666666666668
0.005666666666666667
0.008333333333333333
0.001
0.0026666666666666666
0.0033333333333333335
0.0036666666666666666
0.02666666666666667
0.0030000000000000005
0.005666666666666667
0.0033333333333333335
0.0016666666666666668
0.011333333333333334
0.010333333333333333
0.007
0.0016666666666666668
0.013
0.051333333333333335
0.0016666666666666668
0.0023333333333333335
0.005666666666666667
0.01
0.004666666666666667
0.005666666666666667
0.0036666666666666666
0.005
0.004
0.004
0.004
0.0016666666666666668
0.002
0.0023333333333333335
0.0023333333333333335
0.004
0.0013333333333333333
0.007
0.008666666666666668
0.004666666666666667
0.001
0.006333333333333334
0.012333333333333333
0.0026666666666666666
0.002
0.0030000000000000005
0.009666666666666665
0.0023333333333333335
0.0023333333333333335
0.0016666666666666668
0.009333333333333332
0.006666666666666667
0.0033333333333333335
0.0023333333333333335
0.013999999999999999
0.0026666666666666666
0.008666666666666668
0.006666666666666667
0.0030000000000000005
0.04733333333333334
0.0030000000000000005
0.006666666666666667
0.002
0.0036666666666666666
0.022000000000000002
0.0023333333333333335
0.007333333333333333
0.013999999999999999
0.006000000000000001
0.0036666666666666666
0.0030000000000000005
0.005333333333333333
0.002
0.009
0.001
0.009333333333333332
0.0023333333333333335
0.0036666666666666666
0.001
0.012333333333333333
0.0023333333333333335
0.006666666666666667
0.007333333333333333
0.002
0.0036666666666666666
0.005666666666666667
0.005
0.004
0.0030000000000000005
0.005666666666666667
0.0016666666666666668
0.006333333333333334
0.004333333333333334
0.0030000000000000005
0.0013333333333333333
0.002
0.002
0.0016666666666666668
0.0030000000000000005
0.0023333333333333335
0.0036666666666666666
0.002
0.0030000000000000005
0.0023333333333333335
0.0016666666666666668
0.0023333333333333335
0.004333333333333334
0.005333333333333333
0.004333333333333334
0.0016666666666666668
0.004333333333333334
0.009
0.0016666666666666668
0.0026666666666666666
0.004
0.002
0.011666666666666667
0.004
0.007333333333333333
0.016666666666666666
0.0013333333333333333
0.002
0.006333333333333334
0.006999999999999999
0.004666666666666667
0.012666666666666666
0.0033333333333333335
0.007333333333333333
0.0030000000000000005
0.0033333333333333335
0.0013333333333333333
0.005
0.002
0.0016666666666666668
0.004
0.004666666666666667
0.036000000000000004
0.005333333333333333
0.006000000000000001
0.0036666666666666666
0.004666666666666667
0.016
0.0033333333333333335
0.030333333333333334
0.010333333333333333
0.005
0.0023333333333333335
0.005666666666666667
0.008
0.023333333333333334
0.02866666666666667
0.0026666666666666666
0.008333333333333333
0.0023333333333333335
0.0016666666666666668
0.001
0.007333333333333333
0.0023333333333333335
0.0036666666666666666
0.0026666666666666666
0.002
0.009666666666666665
0.0026666666666666666
0.003666666666666667
0.0013333333333333333
0.0016666666666666668
0.005666666666666667
0.0036666666666666666
0.0016666666666666668
0.0036666666666666666
0.004333333333333334
0.0013333333333333333
0.0023333333333333335
0.0033333333333333335
0.002
0.0030000000000000005
0.006000000000000001
0.0030000000000000005
0.001
0.006000000000000001
0.004333333333333334
0.0023333333333333335
0.004666666666666667
0.0013333333333333333
0.007
0.011333333333333334
0.009
0.0016666666666666668
0.004666666666666667
0.0013333333333333333
0.004666666666666667
0.0033333333333333335
0.008
0.013666666666666666
0.0023333333333333335
0.0036666666666666666
0.006999999999999999
0.023333333333333334
0.0026666666666666666
0.008666666666666666
0.01933333333333333
0.008666666666666668
0.004333333333333334
0.0026666666666666666
0.0030000000000000005
0.002
0.007333333333333333
0.004
0.081
0.004
0.001
0.0016666666666666668
0.008
0.004
0.002
0.004666666666666666
0.0013333333333333333
0.004666666666666667
0.0030000000000000005
0.004
0.0033333333333333335
0.0013333333333333333
0.0026666666666666666
0.005333333333333333
0.005
0.0026666666666666666
0.0016666666666666668
0.0030000000000000005
0.002
0.008
0.004333333333333334
0.0036666666666666666
0.004666666666666667
0.0036666666666666666
0.001
0.005333333333333333
0.005
0.0036666666666666666
0.005666666666666667
0.0036666666666666666
0.001
0.0023333333333333335
0.005333333333333333
0.02033333333333333
0.002
0.0013333333333333333
0.0016666666666666668
0.004
0.0023333333333333335
0.009666666666666665
0.002
0.0033333333333333335
0.0036666666666666666
0.0026666666666666666
0.006333333333333334
0.005
0.002
0.0030000000000000005
0.0033333333333333335
0.0013333333333333333
0.0023333333333333335
0.0013333333333333333
0.0026666666666666666
0.001
0.01
0.005333333333333333
0.013
0.03733333333333333
0.011666666666666667
0.0033333333333333335
0.002
0.005333333333333333
0.008
0.018666666666666668
0.0026666666666666666
0.004
0.011666666666666667
0.007666666666666666
0.0033333333333333335
0.004
0.0033333333333333335
0.0023333333333333335
0.006666666666666667
0.014333333333333332
0.0033333333333333335
0.005
0.013666666666666667
0.004
0.009000000000000001
0.010666666666666666
0.009
0.0013333333333333333
0.006666666666666667
0.007666666666666666
0.005333333333333333
0.005666666666666667
0.007
0.0023333333333333335
0.002
0.0023333333333333335
0.009666666666666665
0.0016666666666666668
0.03166666666666667
0.0036666666666666666
0.004333333333333334
0.0023333333333333335
0.006999999999999999
0.005666666666666667
0.0030000000000000005
0.006666666666666667
0.0026666666666666666
0.009333333333333334
0.0036666666666666666
0.008
0.005666666666666667
0.0023333333333333335
0.005
0.0023333333333333335
0.0036666666666666666
0.006666666666666667
0.002
0.0023333333333333335
0.0016666666666666668
0.006666666666666667
0.008333333333333333
0.002
0.007666666666666666
0.0033333333333333335
0.013666666666666667
0.0036666666666666666
0.0033333333333333335
0.0030000000000000005
0.0026666666666666666
0.0033333333333333335
0.0026666666666666666
0.002
0.004333333333333334
0.004333333333333334
0.007666666666666666
0.0033333333333333335
0.0036666666666666666
0.0033333333333333335
0.005
0.0023333333333333335
0.0036666666666666666
0.0023333333333333335
0.030666666666666665
0.064
0.002
0.009333333333333334
0.017333333333333333
0.0030000000000000005
0.0016666666666666668
0.016
0.006333333333333333
0.005333333333333333
0.0030000000000000005
0.002
0.005666666666666667
0.0026666666666666666
0.011333333333333334
0.0026666666666666666
0.0026666666666666666
0.004
0.004666666666666667
0.006000000000000001
0.0016666666666666668
0.012666666666666666
0.0033333333333333335
0.015666666666666666
0.008666666666666666
0.018666666666666668
0.004333333333333334
0.002
0.002
0.0030000000000000005
0.006666666666666667
0.0016666666666666668
0.002
0.0013333333333333333
0.004333333333333334
0.006666666666666667
0.006000000000000001
0.004
0.0026666666666666666
0.0016666666666666668
0.002
0.0030000000000000005
0.004333333333333334
0.008333333333333333
0.035333333333333335
0.008333333333333333
0.004333333333333334
0.015
0.005
0.0016666666666666668
0.007333333333333333
0.004333333333333334
0.0026666666666666666
0.0016666666666666668
0.009333333333333332
0.035
0.0026666666666666666
0.012666666666666666
0.002
0.0030000000000000005
0.005
0.006999999999999999
0.0033333333333333335
0.009333333333333332
0.03333333333333333
0.0023333333333333335
0.0030000000000000005
0.008666666666666668
0.019
0.0033333333333333335
0.04
0.015666666666666666
0.004
0.005
0.0016666666666666668
0.009333333333333334
0.0016666666666666668
0.011000000000000001
0.002
0.008333333333333333
0.004333333333333334
0.0036666666666666666
0.034
0.0036666666666666666
0.002
0.0026666666666666666
0.012666666666666666
0.016666666666666666
0.010666666666666666
0.0036666666666666666
0.005333333333333333
0.009666666666666665
0.0023333333333333335
0.0016666666666666668
0.014666666666666666
0.0026666666666666666
0.0030000000000000005
0.0016666666666666668
0.004
0.006000000000000001
0.009666666666666665
0.007
0.0036666666666666666
0.002
0.001
0.007666666666666666
0.007
0.0033333333333333335
0.036
0.0023333333333333335
0.002
0.02766666666666667
0.0026666666666666666
0.004
0.0036666666666666666
0.0036666666666666666
0.0016666666666666668
0.05833333333333333
0.007666666666666666
0.03933333333333333
0.0033333333333333335
0.007666666666666666
0.0016666666666666668
0.002
0.002
0.0033333333333333335
0.0033333333333333335
0.0030000000000000005
0.0016666666666666668
0.0033333333333333335
0.011333333333333334
0.0033333333333333335
0.009333333333333332
0.0016666666666666668
0.006333333333333333
0.008666666666666666
0.0026666666666666666
0.005
0.0026666666666666666
0.0036666666666666666
0.004
0.0023333333333333335
0.0036666666666666666
0.007
0.018666666666666668
0.012333333333333333
0.004
0.0033333333333333335
0.0013333333333333333
0.001
0.0016666666666666668
0.0026666666666666666
0.0023333333333333335
0.0016666666666666668
0.005666666666666667
0.005333333333333333
0.006000000000000001
0.0023333333333333335
0.006000000000000001
0.0013333333333333333
0.011666666666666667
0.006000000000000001
0.006000000000000001
0.010666666666666666
0.004333333333333334
0.0023333333333333335
0.007333333333333333
0.0023333333333333335
0.04
0.014
0.0026666666666666666
0.006000000000000001
0.017333333333333336
0.0033333333333333335
0.005333333333333333
0.0033333333333333335
0.0016666666666666668
0.004666666666666667
0.006666666666666667
0.0023333333333333335
0.039
0.008666666666666668
0.0026666666666666666
0.005
0.004
0.008333333333333333
0.0026666666666666666
0.0030000000000000005
0.0013333333333333333
0.007333333333333333
0.006666666666666667
0.0030000000000000005
0.004666666666666667
0.004333333333333334
0.0033333333333333335
0.0033333333333333335
0.0026666666666666666
0.0033333333333333335
0.011000000000000001
0.0026666666666666666
0.011666666666666667
0.002
0.001
0.014666666666666666
0.0016666666666666668
0.001
0.008666666666666668
0.002
0.0033333333333333335
0.0036666666666666666
0.01933333333333333
0.0033333333333333335
0.0016666666666666668
0.0026666666666666666
0.004333333333333334
0.0030000000000000005
0.008
0.008333333333333333
0.0026666666666666666
0.002
0.019
0.010666666666666666
0.0016666666666666668
0.024000000000000004
0.005666666666666667
0.0030000000000000005
0.005
0.0036666666666666666
0.002
0.005666666666666667
0.005
0.0023333333333333335
0.0013333333333333333
0.017
0.007333333333333333
0.0013333333333333333
0.0013333333333333333
0.0026666666666666666
0.013333333333333334
0.004333333333333334
0.017666666666666667
0.0033333333333333335
0.005666666666666667
0.0026666666666666666
0.025000000000000005
0.006333333333333333
0.004
0.004333333333333334
0.0026666666666666666
0.005
0.0016666666666666668
0.0016666666666666668
0.0013333333333333333
0.01
0.013
0.006666666666666667
0.0023333333333333335
0.002
0.002
0.0023333333333333335
0.0033333333333333335
0.002
0.0013333333333333333
0.0033333333333333335
0.008333333333333333
0.007333333333333333
0.0016666666666666668
0.007333333333333333
0.002
0.03733333333333333
0.006666666666666667
0.005
0.0023333333333333335
0.0013333333333333333
0.05366666666666667
0.006999999999999999
0.0033333333333333335
0.064
0.004
0.011000000000000001
0.01333333333333333
0.02
0.006333333333333333
0.004
0.006000000000000001
0.0023333333333333335
0.009666666666666667
0.004
0.0030000000000000005
0.005333333333333333
0.005999999999999999
0.009666666666666665
0.0026666666666666666
0.0033333333333333335
0.011666666666666667
0.004333333333333334
0.0033333333333333335
0.0026666666666666666
0.006000000000000001
0.008333333333333333
0.016666666666666666
0.014666666666666666
0.007
0.0026666666666666666
0.0023333333333333335
0.0013333333333333333
0.004
0.0013333333333333333
0.0030000000000000005
0.007666666666666666
0.018666666666666665
0.004333333333333334
0.0033333333333333335
0.0023333333333333335
0.0023333333333333335
0.004
0.0016666666666666668
0.0036666666666666666
0.0013333333333333333
0.0026666666666666666
0.0016666666666666668
0.002
0.006000000000000001
0.0036666666666666666
0.007333333333333333
0.0026666666666666666
0.010666666666666666
0.009666666666666665
0.0016666666666666668
0.0023333333333333335
0.005333333333333333
0.006666666666666667
0.0023333333333333335
0.004333333333333334
0.018000000000000002
0.0033333333333333335
6.666666666666666E-4
0.0016666666666666668
0.002
0.009333333333333334
0.002
0.006000000000000001
0.004
0.01
0.005
0.0016666666666666668
0.004333333333333334
0.014
0.012000000000000002
0.0013333333333333333
0.009
0.009666666666666667
0.0036666666666666666
0.011999999999999999
0.005666666666666667
0.015333333333333332
0.0026666666666666666
0.024666666666666667
0.0023333333333333335
0.011666666666666665
0.0036666666666666666
0.02666666666666666
0.009666666666666665
0.0013333333333333333
0.004
0.002
0.004333333333333334
0.005
0.0026666666666666666
0.0016666666666666668
0.0036666666666666666
0.0023333333333333335
0.0016666666666666668
0.0030000000000000005
0.0036666666666666666
0.002
0.006999999999999999
0.04766666666666667
0.023000000000000003
0.0023333333333333335
0.0033333333333333335
0.0013333333333333333
0.005
0.007
0.0033333333333333335
0.006000000000000001
0.005333333333333333
0.0026666666666666666
0.012333333333333335
0.01
0.002
0.0030000000000000005
0.0023333333333333335
0.004666666666666667
0.009
0.004333333333333334
0.0026666666666666666
0.0036666666666666666
0.002
0.0030000000000000005
0.0036666666666666666
0.0013333333333333333
0.002
0.0016666666666666668
0.0023333333333333335
0.0030000000000000005
0.004333333333333334
0.0033333333333333335
0.0033333333333333335
0.03266666666666667
0.008333333333333333
0.0016666666666666668
0.0026666666666666666
0.0036666666666666666
0.0013333333333333333
0.004
0.0030000000000000005
0.002
0.007333333333333333
0.004666666666666667
0.005666666666666667
0.035
0.004666666666666667
0.0016666666666666668
0.002
0.0023333333333333335
0.004333333333333334
0.0030000000000000005
0.004333333333333334
0.002
0.005666666666666667
0.022000000000000002
0.0033333333333333335
0.0026666666666666666
0.004666666666666667
0.004
0.02
0.0023333333333333335
0.048666666666666664
0.004333333333333334
0.009333333333333332
0.0030000000000000005
0.004333333333333334
0.0023333333333333335
0.001
0.001
0.006666666666666667
0.0030000000000000005
0.0016666666666666668
0.011333333333333334
0.006333333333333334
0.0026666666666666666
0.0023333333333333335
0.0026666666666666666
0.002
0.0016666666666666668
0.030333333333333334
0.002
0.0023333333333333335
0.0030000000000000005
0.004
0.002
0.0026666666666666666
0.008
0.027666666666666662
0.0023333333333333335
0.005
0.044000000000000004
0.0026666666666666666
0.005666666666666667
0.0030000000000000005
0.0026666666666666666
0.035
0.002
0.004666666666666667
0.0033333333333333335
0.004666666666666667
0.017333333333333336
0.012000000000000002
0.0030000000000000005
0.017333333333333336
0.0033333333333333335
0.002
0.0013333333333333333
0.005
0.0023333333333333335
0.006666666666666667
0.005666666666666667
0.0023333333333333335
0.028333333333333332
0.007666666666666666
0.009
0.0033333333333333335
0.006666666666666667
0.0026666666666666666
0.0033333333333333335
0.002
0.0016666666666666668
0.0033333333333333335
0.002
0.005333333333333333
0.012333333333333333
0.0033333333333333335
0.0023333333333333335
0.004666666666666667
0.002
0.002
0.009333333333333332
0.005333333333333333
0.008333333333333333
0.002
0.0030000000000000005
0.0033333333333333335
0.019666666666666666
0.0030000000000000005
0.016
0.0030000000000000005
0.007333333333333333
0.0016666666666666668
0.0023333333333333335
0.008666666666666668
0.012333333333333333
0.0036666666666666666
0.006333333333333334
0.0036666666666666666
0.002
0.005
0.006666666666666667
0.006999999999999999
0.03133333333333333
0.005333333333333333
0.0026666666666666666
0.008666666666666668
0.0016666666666666668
0.0030000000000000005
0.012000000000000002
0.005666666666666667
0.002
0.0026666666666666666
0.002
0.001
0.011333333333333334
0.0036666666666666666
0.004333333333333334
0.06833333333333334
0.004666666666666667
0.0023333333333333335
0.027333333333333334
0.0016666666666666668
0.0013333333333333333
0.007666666666666666
0.0023333333333333335
0.061
0.013333333333333334
0.0023333333333333335
0.004
0.0023333333333333335
0.002
0.0026666666666666666
0.0033333333333333335
0.004
0.007666666666666666
0.013333333333333334
0.0033333333333333335
0.014666666666666666
0.002
0.005
0.004666666666666667
0.02666666666666667
0.0013333333333333333
0.0026666666666666666
0.008666666666666668
0.004
0.005
0.005333333333333333
0.002
0.0026666666666666666
0.009666666666666665
0.0033333333333333335
0.0036666666666666666
0.007
0.009666666666666665
0.018333333333333333
0.0016666666666666668
0.005666666666666667
0.009000000000000001
0.0016666666666666668
0.10233333333333333
0.018
0.0013333333333333333
0.006666666666666667
0.005333333333333333
0.005333333333333333
0.004666666666666667
0.005333333333333333
0.005666666666666667
0.0023333333333333335
0.0030000000000000005
0.001
0.0033333333333333335
0.006333333333333333
0.001
0.005666666666666667
0.006999999999999999
0.0016666666666666668
0.004666666666666667
0.0033333333333333335
0.009666666666666665
0.002
0.006000000000000001
0.0030000000000000005
0.004666666666666667
0.004666666666666667
0.0026666666666666666
0.06166666666666667
0.006333333333333333
0.0030000000000000005
0.014666666666666666
0.0033333333333333335
0.0026666666666666666
0.0016666666666666668
0.007333333333333333
0.010333333333333333
0.002
0.0023333333333333335
0.0013333333333333333
0.0023333333333333335
0.018333333333333333
0.010666666666666666
0.0023333333333333335
0.004333333333333334
0.008666666666666668
0.0030000000000000005
0.0016666666666666668
0.005666666666666667
0.004
0.0033333333333333335
0.005
0.0023333333333333335
0.004333333333333334
0.0033333333333333335
0.002
0.0033333333333333335
0.002
0.027333333333333334
0.004
0.014666666666666666
0.0016666666666666668
0.006666666666666667
0.005
0.0033333333333333335
0.008
0.0016666666666666668
0.0026666666666666666
0.004
0.0016666666666666668
0.0016666666666666668
0.0036666666666666666
0.0036666666666666666
0.0023333333333333335
0.005666666666666667
0.02466666666666667
0.015666666666666666
0.018000000000000002
0.005333333333333333
0.0016666666666666668
0.005333333333333333
0.004333333333333334
0.0013333333333333333
0.004
0.0023333333333333335
0.006000000000000001
0.004333333333333334
0.007333333333333333
0.0026666666666666666
0.0016666666666666668
0.0036666666666666666
0.0016666666666666668
0.0016666666666666668
0.006000000000000001
0.002
0.0036666666666666666
0.005333333333333333
0.002
0.0030000000000000005
0.0030000000000000005
0.0033333333333333335
0.0036666666666666666
0.009333333333333332
0.002
0.0030000000000000005
0.005333333333333333
0.0013333333333333333
0.0016666666666666668
0.0013333333333333333
0.018
0.0016666666666666668
0.0023333333333333335
0.023000000000000003
0.016333333333333335
0.006000000000000001
0.009333333333333332
0.004
0.004666666666666667
0.002
0.0023333333333333335
0.012666666666666666
0.004666666666666667
0.005333333333333333
0.02733333333333333
0.003666666666666667
0.0036666666666666666
0.0016666666666666668
0.017
0.001
0.002
0.0036666666666666666
0.004333333333333334
0.023333333333333334
0.006999999999999999
0.0023333333333333335
0.006333333333333334
0.010333333333333333
0.010333333333333333
0.001
0.002
0.0036666666666666666
0.0016666666666666668
0.0026666666666666666
0.005333333333333333
0.0026666666666666666
0.0016666666666666668
0.004333333333333334
0.004666666666666667
0.007666666666666666
0.005666666666666667
0.0023333333333333335
0.0026666666666666666
0.0023333333333333335
0.007
0.0026666666666666666
0.004
0.0036666666666666666
0.0036666666666666666
0.0023333333333333335
0.009666666666666665
0.008333333333333333
0.0016666666666666668
0.0026666666666666666
0.0023333333333333335
0.009
0.0016666666666666668
0.0016666666666666668
0.011000000000000001
0.007
0.0026666666666666666
0.0030000000000000005
0.0026666666666666666
0.02033333333333333
0.009333333333333332
0.013
0.004
0.004666666666666667
0.0026666666666666666
0.007666666666666666
0.0016666666666666668
0.0023333333333333335
0.002
0.0023333333333333335
0.008333333333333333
0.006000000000000001
0.0013333333333333333
0.006000000000000001
0.0026666666666666666
0.0023333333333333335
0.005
0.004333333333333334
0.006666666666666665
0.0036666666666666666
0.0023333333333333335
0.0026666666666666666
0.011000000000000001
0.0026666666666666666
0.009666666666666665
0.0016666666666666668
0.011666666666666667
0.002
0.002
0.0026666666666666666
0.005333333333333333
0.005333333333333333
0.0023333333333333335
0.033
0.002
0.006666666666666667
0.007
0.0026666666666666666
0.0023333333333333335
0.005333333333333333
0.0023333333333333335
0.002
0.0016666666666666668
0.004666666666666667
0.004666666666666666
0.004333333333333334
0.004
0.0026666666666666666
0.0023333333333333335
0.002
0.0016666666666666668
0.0030000000000000005
0.0036666666666666666
0.013333333333333334
0.03733333333333333
0.006666666666666667
0.0026666666666666666
0.0036666666666666666
0.002
0.0026666666666666666
0.0030000000000000005
0.0023333333333333335
0.005
0.032
0.0023333333333333335
0.0016666666666666668
0.002
0.0016666666666666668
0.004333333333333334
0.0023333333333333335
0.0016666666666666668
0.008
0.0026666666666666666
0.008333333333333333
0.0016666666666666668
0.004
0.0023333333333333335
0.0023333333333333335
0.004333333333333334
0.04700000000000001
0.013
0.001
0.0016666666666666668
0.03233333333333333
0.002
0.0026666666666666666
0.012666666666666668
0.0036666666666666666
0.005
0.004666666666666667
0.006999999999999999
0.005999999999999999
0.0023333333333333335
0.0036666666666666666
0.0036666666666666666
0.006666666666666667
0.035
0.02766666666666667
0.006333333333333334
0.029666666666666664
0.005333333333333333
0.0030000000000000005
0.03566666666666667
0.0013333333333333333
0.0030000000000000005
0.0030000000000000005
0.014666666666666666
0.002
0.0013333333333333333
0.0030000000000000005
0.0033333333333333335
0.0033333333333333335
0.0033333333333333335
0.0023333333333333335
0.013
0.0016666666666666668
0.01333333333333333
0.012666666666666666
0.006333333333333334
0.004333333333333334
0.0013333333333333333
0.0033333333333333335
0.0030000000000000005
0.0036666666666666666
0.0013333333333333333
0.007
0.006000000000000001
0.008666666666666668
0.03933333333333333
0.0013333333333333333
0.004
0.008666666666666668
0.004666666666666666
0.0016666666666666668
0.0013333333333333333
0.0016666666666666668
0.0030000000000000005
0.0013333333333333333
0.0033333333333333335
0.005
0.015666666666666666
0.004
0.002
0.007666666666666666
0.007
0.005333333333333333
0.008666666666666668
0.0026666666666666666
0.0023333333333333335
0.008666666666666668
0.013999999999999999
0.005
0.007666666666666666
0.0013333333333333333
0.0013333333333333333
0.042333333333333334
0.0026666666666666666
0.021333333333333333
0.014
0.0030000000000000005
0.010666666666666666
0.0013333333333333333
0.0016666666666666668
0.0026666666666666666
0.007666666666666666
0.007666666666666666
0.002
0.0036666666666666666
0.002
0.002
0.002
0.0030000000000000005
0.004666666666666667
0.012000000000000002
0.002
0.029666666666666664
0.0036666666666666666
0.0023333333333333335
0.0033333333333333335
0.002
0.0036666666666666666
0.005
0.002
0.04700000000000001
0.005333333333333333
0.0016666666666666668
0.0013333333333333333
0.05733333333333334
0.0033333333333333335
0.006333333333333334
0.004
0.007666666666666666
0.0030000000000000005
0.0016666666666666668
0.002
0.004333333333333334
0.007666666666666666
0.005
0.007333333333333333
0.007666666666666666
0.005
0.0026666666666666666
0.002
0.010333333333333333
0.0026666666666666666
0.010333333333333333
0.007666666666666666
0.0026666666666666666
0.0016666666666666668
0.0016666666666666668
0.0030000000000000005
0.002
0.004666666666666667
0.005333333333333333
0.002
0.002
0.005333333333333333
0.0016666666666666668
0.0016666666666666668
0.004
0.002
0.015
0.004333333333333334
0.0033333333333333335
0.008
0.004
0.0026666666666666666
0.005333333333333333
0.010666666666666666
0.029333333333333333
0.015666666666666666
0.019666666666666666
0.0016666666666666668
0.004333333333333334
0.002
0.0033333333333333335
0.007
0.0016666666666666668
0.0030000000000000005
0.010333333333333333
0.0033333333333333335
0.0026666666666666666
0.004333333333333334
0.023999999999999997
0.0023333333333333335
0.002
0.008666666666666668
0.031
0.0013333333333333333
0.0016666666666666668
0.006666666666666667
0.007
0.008333333333333333
0.006000000000000001
0.007333333333333333
0.007333333333333334
0.0033333333333333335
0.010333333333333333
0.013333333333333334
0.0030000000000000005
0.0023333333333333335
0.0033333333333333335
0.002
0.004333333333333334
0.0023333333333333335
0.002
0.012666666666666668
0.005666666666666667
0.0023333333333333335
0.002
0.002
0.009333333333333334
0.0023333333333333335
0.010666666666666666
0.0016666666666666668
0.0023333333333333335
0.0026666666666666666
0.001
0.0033333333333333335
0.0036666666666666666
0.006666666666666667
0.013
0.005666666666666667
0.005666666666666667
0.004333333333333334
0.01
0.0013333333333333333
0.0023333333333333335
0.011666666666666667
0.0016666666666666668
0.042
0.0036666666666666666
0.04933333333333334
0.004
0.012000000000000002
0.0023333333333333335
0.0026666666666666666
0.004333333333333334
0.007
0.019
0.0016666666666666668
0.004666666666666667
0.007
0.0036666666666666666
0.0030000000000000005
0.002
0.004666666666666667
0.005333333333333333
0.0016666666666666668
0.0026666666666666666
0.04566666666666667
0.0023333333333333335
0.009333333333333334
0.01
0.011000000000000001
0.0013333333333333333
0.009
0.0033333333333333335
0.0036666666666666666
0.007333333333333333
0.006666666666666667
0.0013333333333333333
0.0013333333333333333
0.002
0.004
0.010333333333333333
0.04566666666666667
0.0030000000000000005
0.005
0.0013333333333333333
0.002
0.004666666666666667
0.0026666666666666666
0.009333333333333332
0.056666666666666664
0.007666666666666666
0.0030000000000000005
0.024333333333333335
0.0030000000000000005
0.010666666666666666
0.002
0.005333333333333333
0.008666666666666668
0.0030000000000000005
0.004666666666666667
0.0033333333333333335
0.004666666666666667
0.007666666666666666
0.0023333333333333335
0.0016666666666666668
0.007333333333333333
0.0036666666666666666
0.007666666666666666
0.0026666666666666666
0.002
0.010666666666666666
0.005333333333333333
0.005333333333333333
0.0030000000000000005
0.007
0.005666666666666667
0.002
0.007333333333333333
0.002
0.005333333333333333
0.004666666666666666
0.0023333333333333335
0.0030000000000000005
0.004
0.012000000000000002
0.0026666666666666666
0.018000000000000002
0.014333333333333332
0.006000000000000001
0.002
0.007333333333333333
0.005
0.004
0.008333333333333333
0.004666666666666667
0.0030000000000000005
0.007
0.009333333333333334
0.012000000000000002
0.004333333333333334
0.0036666666666666666
0.001
0.0026666666666666666
0.009333333333333332
0.007333333333333333
0.0030000000000000005
0.0026666666666666666
0.0030000000000000005
0.0036666666666666666
0.0030000000000000005
0.015
0.008666666666666668
0.0033333333333333335
0.0030000000000000005
0.004666666666666667
0.002
0.005666666666666667
0.0030000000000000005
0.052
0.0030000000000000005
0.0033333333333333335
0.002
0.020666666666666667
0.038
0.0033333333333333335
0.004666666666666666
0.0013333333333333333
0.013999999999999999
0.0030000000000000005
0.001
0.008333333333333333
0.0013333333333333333
0.033
0.007
0.0016666666666666668
0.0013333333333333333
0.009666666666666665
0.029666666666666664
0.002
0.0036666666666666666
0.0036666666666666666
0.0016666666666666668
0.04733333333333334
0.0036666666666666666
0.012666666666666666
0.0026666666666666666
0.002
0.0023333333333333335
0.006333333333333333
0.002
0.028666666666666663
0.006333333333333334
0.0036666666666666666
0.0026666666666666666
0.0026666666666666666
0.0016666666666666668
0.002
0.008333333333333333
0.002
0.03566666666666667
0.0030000000000000005
0.004666666666666666
0.009666666666666665
0.007
0.038
0.002
0.0016666666666666668
0.002
0.005333333333333333
0.015
0.005333333333333333
0.005
0.0023333333333333335
0.0013333333333333333
0.001
0.004333333333333334
0.0026666666666666666
0.017
0.0030000000000000005
0.004
0.0030000000000000005
0.0033333333333333335
0.004
0.0026666666666666666
0.009000000000000001
0.0023333333333333335
0.0036666666666666666
0.004
0.0023333333333333335
0.004666666666666667
0.009
0.008333333333333333
0.0013333333333333333
0.022333333333333334
0.0030000000000000005
0.02
0.0036666666666666666
0.028999999999999998
0.0033333333333333335
0.002
0.013666666666666667
0.018666666666666668
0.004666666666666667
0.002
0.0023333333333333335
0.0013333333333333333
0.005
0.0030000000000000005
0.004666666666666667
0.0016666666666666668
0.007
0.031
0.005999999999999999
0.026
0.0013333333333333333
0.0030000000000000005
0.0023333333333333335
0.0013333333333333333
0.002
0.0023333333333333335
0.028666666666666663
0.0033333333333333335
0.0023333333333333335
0.0013333333333333333
0.0036666666666666666
0.0013333333333333333
0.004666666666666667
0.052
0.004666666666666667
0.004666666666666667
0.0036666666666666666
0.0016666666666666668
0.005666666666666667
0.0023333333333333335
0.002
0.0033333333333333335
0.0023333333333333335
0.0013333333333333333
0.029333333333333333
0.008666666666666668
0.0036666666666666666
0.004333333333333334
0.03233333333333333
0.001
0.055999999999999994
0.018000000000000002
0.027
0.0036666666666666666
0.007333333333333333
0.0016666666666666668
0.0023333333333333335
0.0016666666666666668
0.002
0.0026666666666666666
0.02266666666666667
0.015
0.012666666666666666
0.01933333333333333
0.006333333333333333
0.008333333333333333
0.02266666666666667
0.01933333333333333
0.0036666666666666666
0.0030000000000000005
0.0023333333333333335
0.004
0.004333333333333334
0.0030000000000000005
0.017666666666666667
0.0016666666666666668
0.004333333333333334
0.003666666666666667
0.0023333333333333335
0.002
0.007
0.0016666666666666668
0.0013333333333333333
0.005666666666666667
0.0036666666666666666
0.007333333333333333
0.015333333333333332
0.0036666666666666666
0.0030000000000000005
0.007333333333333333
0.0016666666666666668
0.008333333333333333
0.002
0.0030000000000000005
0.005333333333333333
0.002
0.0036666666666666666
0.0026666666666666666
0.01
0.008333333333333333
0.004333333333333334
0.004
0.006666666666666667
0.007333333333333333
0.0016666666666666668
0.001
0.0026666666666666666
0.0013333333333333333
0.0033333333333333335
0.002
0.004333333333333334
0.017
0.0030000000000000005
0.004333333333333334
0.002
0.011666666666666667
0.0026666666666666666
0.006000000000000001
0.007666666666666666
0.007666666666666666
0.0016666666666666668
0.0026666666666666666
0.04
0.007
0.008666666666666668
0.004666666666666667
0.012333333333333335
0.002
0.010333333333333333
0.010333333333333332
0.022000000000000002
0.0030000000000000005
0.008666666666666666
0.059
0.0026666666666666666
0.006666666666666667
0.004
0.0023333333333333335
0.0013333333333333333
0.0033333333333333335
0.007333333333333333
0.004333333333333334
0.0036666666666666666
0.0016666666666666668
0.0030000000000000005
0.006333333333333334
0.0030000000000000005
0.0030000000000000005
0.009
0.002
0.0026666666666666666
0.0016666666666666668
0.0016666666666666668
0.011666666666666667
0.0033333333333333335
0.0033333333333333335
6.666666666666666E-4
0.06133333333333333
0.002
0.004
0.014666666666666666
0.005333333333333333
0.004333333333333334
0.015666666666666666
0.013
0.004
0.009666666666666665
0.03966666666666666
0.008666666666666668
0.005
0.005333333333333333
0.004
0.0026666666666666666
0.004333333333333334
0.0016666666666666668
0.0033333333333333335
0.0036666666666666666
0.002
0.0026666666666666666
0.011666666666666667
0.04
0.02733333333333333
0.007666666666666666
0.005666666666666667
0.005333333333333333
0.0016666666666666668
0.007666666666666666
0.002
0.002
0.001
0.009333333333333332
0.011000000000000001
0.002
0.006666666666666667
0.004333333333333334
0.0023333333333333335
0.005
0.0030000000000000005
0.007
0.018666666666666665
0.0036666666666666666
0.0026666666666666666
0.0030000000000000005
0.006333333333333334
0.006666666666666667
0.007333333333333333
0.0030000000000000005
0.0016666666666666668
0.002
0.03666666666666666
0.003666666666666667
0.021333333333333333
0.0026666666666666666
0.006666666666666667
0.018333333333333333
0.0023333333333333335
0.016333333333333335
0.004
0.002
0.005666666666666667
0.004
0.004333333333333334
0.0036666666666666666
0.009333333333333334
0.0013333333333333333
0.004
0.0026666666666666666
0.010666666666666666
0.0016666666666666668
0.055
0.002
0.0033333333333333335
0.006000000000000001
0.0023333333333333335
0.004
0.0030000000000000005
0.002
0.0016666666666666668
0.03566666666666667
0.002
0.008333333333333333
0.0016666666666666668
0.0033333333333333335
0.0033333333333333335
0.0023333333333333335
0.0026666666666666666
0.009333333333333334
0.016
0.0023333333333333335
0.005333333333333333
0.007333333333333333
0.0023333333333333335
0.005666666666666667
0.011666666666666667
0.008333333333333333
0.0030000000000000005
0.005
0.004666666666666667
0.005
0.002
0.002
0.0023333333333333335
0.0030000000000000005
0.001
0.008333333333333333
0.0016666666666666668
0.009333333333333332
0.010333333333333333
0.0030000000000000005
0.013333333333333334
0.0033333333333333335
0.005666666666666667
0.004333333333333334
0.0013333333333333333
0.0023333333333333335
0.007333333333333333
0.0016666666666666668
0.0033333333333333335
0.002
0.017333333333333336
0.0033333333333333335
0.0026666666666666666
0.004333333333333334
0.0026666666666666666
0.007
0.004
0.0036666666666666666
0.0036666666666666666
0.004
0.005333333333333333
0.0023333333333333335
0.012333333333333333
0.0030000000000000005
0.004
0.0016666666666666668
0.008666666666666666
0.0036666666666666666
0.002
0.0026666666666666666
0.02
0.004666666666666667
0.006999999999999999
0.018
0.006999999999999999
0.002
0.006333333333333333
0.0013333333333333333
0.036333333333333336
0.004333333333333334
0.0023333333333333335
0.0013333333333333333
0.005333333333333333
0.01
0.0023333333333333335
0.004666666666666667
0.0016666666666666668
0.008666666666666668
0.0023333333333333335
0.005333333333333333
0.0036666666666666666
0.013666666666666667
0.009666666666666665
0.03266666666666667
0.009
0.005666666666666667
0.0023333333333333335
0.004333333333333334
0.0033333333333333335
0.0023333333333333335
0.0016666666666666668
0.001
0.0016666666666666668
0.020666666666666667
0.0033333333333333335
0.0016666666666666668
0.005333333333333333
0.002
0.0026666666666666666
0.014
0.0023333333333333335
0.0013333333333333333
0.004666666666666667
0.012000000000000002
0.0026666666666666666
0.023333333333333334
0.0016666666666666668
0.011333333333333334
0.0023333333333333335
0.006000000000000001
0.0030000000000000005
0.0026666666666666666
0.023333333333333334
0.0036666666666666666
0.006000000000000001
0.0026666666666666666
0.04833333333333334
0.05433333333333334
0.018333333333333337
0.0036666666666666666
0.0030000000000000005
0.0026666666666666666
0.0016666666666666668
0.0030000000000000005
0.01
0.0013333333333333333
0.007666666666666666
0.0033333333333333335
0.004
0.004
0.0036666666666666666
0.006666666666666667
0.005666666666666667
0.0016666666666666668
0.030333333333333334
0.0033333333333333335
0.005333333333333333
0.0023333333333333335
0.009666666666666665
0.0013333333333333333
0.0033333333333333335
0.005333333333333333
0.0036666666666666666
0.002
0.0036666666666666666
0.0036666666666666666
0.0026666666666666666
0.0013333333333333333
0.0026666666666666666
0.005666666666666667
0.0026666666666666666
0.005666666666666667
0.0026666666666666666
0.0023333333333333335
0.0023333333333333335
0.0033333333333333335
0.0030000000000000005
0.004333333333333334
0.0023333333333333335
0.0033333333333333335
0.0016666666666666668
0.0023333333333333335
0.004
0.010666666666666666
0.004333333333333334
0.007333333333333333
0.0033333333333333335
0.011666666666666667
0.006000000000000001
0.03866666666666666
0.0016666666666666668
0.0030000000000000005
0.006333333333333334
0.0016666666666666668
0.006666666666666667
0.0030000000000000005
0.001
0.004666666666666667
0.0036666666666666666
0.0016666666666666668
0.006000000000000001
0.004666666666666667
0.007666666666666666
0.007
0.002
0.005666666666666667
0.041
0.0016666666666666668
0.0016666666666666668
0.005333333333333333
0.0026666666666666666
0.0033333333333333335
0.0036666666666666666
0.005666666666666667
0.006666666666666667
0.0036666666666666666
0.028666666666666663
0.004333333333333334
0.017333333333333336
0.0033333333333333335
0.006666666666666667
0.0023333333333333335
0.0023333333333333335
0.002
0.0023333333333333335
0.004
0.011000000000000001
0.008
0.002
0.0036666666666666666
0.004666666666666667
0.010333333333333333
0.0030000000000000005
0.009666666666666665
0.0013333333333333333
0.005666666666666667
0.017666666666666667
0.008333333333333333
0.0036666666666666666
0.002
0.002
0.002
6.666666666666666E-4
0.0030000000000000005
0.0016666666666666668
0.001
0.004666666666666667
0.0016666666666666668
0.04666666666666667
0.0026666666666666666
0.0016666666666666668
0.006333333333333334
0.004333333333333334
0.0026666666666666666
0.004
0.004333333333333334
0.0033333333333333335
0.0026666666666666666
0.0036666666666666666
0.0036666666666666666
0.0030000000000000005
0.005
0.0036666666666666666
0.004
0.0030000000000000005
0.006666666666666667
0.0016666666666666668
0.0026666666666666666
0.0023333333333333335
0.0033333333333333335
0.0030000000000000005
0.0036666666666666666
0.004
0.0026666666666666666
0.0026666666666666666
0.002
0.008333333333333333
0.002
0.0016666666666666668
0.011333333333333334
0.0033333333333333335
0.0033333333333333335
0.0033333333333333335
0.01
0.004333333333333334
0.0023333333333333335
0.022000000000000002
0.0023333333333333335
0.0023333333333333335
0.001
0.004666666666666667
0.0036666666666666666
0.0026666666666666666
0.006333333333333334
0.0026666666666666666
0.005333333333333333
0.0016666666666666668
0.0033333333333333335
0.0030000000000000005
0.0016666666666666668
0.002
0.0036666666666666666
0.011000000000000001
0.0026666666666666666
0.0026666666666666666
0.0030000000000000005
0.0030000000000000005
0.0030000000000000005
0.0023333333333333335
0.0016666666666666668
0.016
0.009666666666666665
0.0016666666666666668
0.0033333333333333335
0.0030000000000000005
0.0033333333333333335
0.002
0.017
0.007666666666666666
0.0033333333333333335
0.0030000000000000005
0.0013333333333333333
0.002
0.006666666666666667
0.004
0.0033333333333333335
0.0013333333333333333
0.008
0.004
0.006666666666666667
0.002
0.009666666666666665
0.007666666666666666
0.0030000000000000005
0.010666666666666666
0.004333333333333334
0.033
0.005666666666666667
0.006999999999999999
0.012000000000000002
0.011666666666666667
0.005666666666666667
0.004333333333333334
0.0033333333333333335
0.0016666666666666668
0.015666666666666666
0.0016666666666666668
0.009000000000000001
0.0016666666666666668
0.002
0.0013333333333333333
0.0026666666666666666
0.0030000000000000005
0.004333333333333334
0.018000000000000002
0.0023333333333333335
0.0026666666666666666
0.004333333333333334
0.0026666666666666666
0.0016666666666666668
0.0023333333333333335
0.06133333333333333
0.0013333333333333333
0.0016666666666666668
0.0026666666666666666
0.001
0.006333333333333334
0.0016666666666666668
0.004
0.001
0.010666666666666666
0.020666666666666667
0.002
0.004333333333333334
0.0016666666666666668
0.02466666666666667
0.010333333333333333
0.0033333333333333335
0.0030000000000000005
0.007666666666666666
0.004666666666666667
0.0030000000000000005
0.002
0.004
0.0036666666666666666
0.004666666666666667
0.0026666666666666666
0.0016666666666666668
0.0013333333333333333
0.0013333333333333333
0.0033333333333333335
0.007333333333333333
0.006000000000000001
0.0023333333333333335
0.013666666666666666
0.0016666666666666668
0.007333333333333333
0.009666666666666665
0.005333333333333333
0.0023333333333333335
0.004333333333333334
0.0013333333333333333
0.002
0.007333333333333333
0.002
0.005333333333333333
0.0013333333333333333
0.014666666666666666
0.0026666666666666666
0.0026666666666666666
0.0033333333333333335
0.007
0.005
0.013
0.0023333333333333335
0.002
0.0033333333333333335
0.0036666666666666666
0.004
0.0026666666666666666
0.020666666666666667
0.004666666666666667
0.0036666666666666666
0.0033333333333333335
0.002
0.007666666666666666
0.0013333333333333333
0.0030000000000000005
0.0033333333333333335
0.0016666666666666668
0.002
0.006000000000000001
0.0036666666666666666
0.0013333333333333333
0.0026666666666666666
0.006000000000000001
0.005
0.0026666666666666666
0.0033333333333333335
0.0023333333333333335
0.007333333333333333
0.006666666666666667
0.008
0.001
0.0013333333333333333
0.0026666666666666666
0.06566666666666666
0.0036666666666666666
0.008333333333333333
0.0030000000000000005
0.005
0.004333333333333334
0.0036666666666666666
0.002
0.010333333333333333
0.005666666666666667
0.0023333333333333335
0.002
0.004
0.0023333333333333335
0.03333333333333333
0.01
0.005333333333333333
0.0026666666666666666
0.002
0.002
0.0023333333333333335
0.013
0.004333333333333334
0.007
0.0023333333333333335
0.0030000000000000005
0.0013333333333333333
0.010666666666666666
0.03766666666666666
0.002
0.0016666666666666668
0.0033333333333333335
0.0013333333333333333
0.005
0.006666666666666667
0.04
0.012999999999999998
0.041333333333333326
0.002
0.005333333333333333
0.006666666666666667
0.01
0.004333333333333334
0.009666666666666665
0.0026666666666666666
0.004333333333333334
0.0036666666666666666
0.0026666666666666666
0.010333333333333333
0.002
0.0030000000000000005
0.0023333333333333335
0.005666666666666667
0.013999999999999999
0.0026666666666666666
0.012000000000000002
0.0023333333333333335
0.01
0.005333333333333333
0.0030000000000000005
0.0016666666666666668
0.0013333333333333333
0.0016666666666666668
0.030666666666666665
0.0030000000000000005
0.0036666666666666666
0.008333333333333333
0.005333333333333333
0.015333333333333332
0.04800000000000001
0.0016666666666666668
0.0023333333333333335
0.002
0.006666666666666667
0.002
0.0036666666666666666
0.008666666666666668
0.006333333333333333
0.004333333333333334
0.023000000000000003
0.002
0.0026666666666666666
0.002
0.004666666666666667
0.006666666666666667
0.0016666666666666668
0.0033333333333333335
0.002
0.007
0.004666666666666667
0.008
0.025333333333333333
0.0023333333333333335
0.005333333333333333
0.0023333333333333335
0.0036666666666666666
0.002
0.0016666666666666668
0.0016666666666666668
0.006000000000000001
0.0033333333333333335
0.002
0.0016666666666666668
0.011000000000000001
0.002
0.004
0.004
0.006000000000000001
0.002
0.0036666666666666666
0.002
0.002
0.02033333333333333
0.006000000000000001
0.004333333333333334
0.005
0.0030000000000000005
0.0030000000000000005
0.019000000000000003
0.011666666666666667
0.005333333333333333
0.004333333333333334
0.0013333333333333333
0.01
0.0036666666666666666
0.006666666666666667
0.0026666666666666666
0.007
0.01
0.0016666666666666668
0.0026666666666666666
0.013666666666666666
0.004666666666666667
0.017
0.006999999999999999
0.03866666666666666
0.007333333333333334
0.0023333333333333335
0.004666666666666667
0.0033333333333333335
0.0013333333333333333
0.002
0.0023333333333333335
0.005333333333333333
0.008333333333333333
0.006666666666666667
0.0016666666666666668
0.0023333333333333335
0.005
0.004
0.007666666666666666
0.0030000000000000005
0.0033333333333333335
0.006333333333333334
0.02466666666666667
0.006666666666666667
0.008666666666666666
0.0023333333333333335
0.008
0.0026666666666666666
0.0036666666666666666
0.0016666666666666668
0.017333333333333336
0.005666666666666667
0.0023333333333333335
0.0026666666666666666
0.002
0.0023333333333333335
0.0033333333333333335
0.0030000000000000005
0.004333333333333334
0.0023333333333333335
0.018000000000000002
0.007666666666666666
0.002
0.005666666666666667
0.002
0.0033333333333333335
0.0013333333333333333
0.002
0.015333333333333332
0.0016666666666666668
0.008666666666666668
0.036000000000000004
0.0023333333333333335
0.0023333333333333335
0.0013333333333333333
0.016
0.004333333333333334
0.042333333333333334
0.002
0.007666666666666666
0.004666666666666667
0.001
0.007333333333333333
0.0023333333333333335
0.0016666666666666668
0.002
6.666666666666666E-4
0.0016666666666666668
0.009666666666666665
0.001
0.0023333333333333335
0.0013333333333333333
0.011000000000000001
0.0023333333333333335
0.0036666666666666666
0.0033333333333333335
0.0026666666666666666
0.005333333333333333
0.0023333333333333335
0.007333333333333333
0.0023333333333333335
0.02033333333333333
0.0033333333333333335
0.01
0.002
0.0013333333333333333
0.001
0.015666666666666666
0.0013333333333333333
0.0030000000000000005
0.0030000000000000005
0.002
0.0023333333333333335
0.0030000000000000005
0.005
0.014333333333333332
0.0013333333333333333
0.005333333333333333
0.0030000000000000005
0.0036666666666666666
0.0023333333333333335
0.002
0.0016666666666666668
0.0030000000000000005
0.002
0.005666666666666667
0.002
0.007
0.02366666666666667
0.0023333333333333335
0.008333333333333333
0.0023333333333333335
0.0033333333333333335
0.002
0.0030000000000000005
0.006333333333333334
0.011333333333333334
0.0013333333333333333
0.0013333333333333333
0.0016666666666666668
0.007
0.0023333333333333335
0.006999999999999999
0.0016666666666666668
0.004333333333333334
0.0030000000000000005
0.0023333333333333335
0.012666666666666666
0.002
0.004333333333333334
0.005333333333333333
0.0013333333333333333
0.0013333333333333333
0.0016666666666666668
0.002
0.008
0.0013333333333333333
0.002
0.0023333333333333335
0.010333333333333333
0.006666666666666667
0.0023333333333333335
0.0033333333333333335
0.0016666666666666668
0.005333333333333333
0.006666666666666667
0.0023333333333333335
0.0026666666666666666
6.666666666666666E-4
0.004666666666666667
0.002
0.0023333333333333335
0.0036666666666666666
0.006999999999999999
0.03566666666666667
0.009333333333333332
0.006000000000000001
0.0033333333333333335
0.0033333333333333335
0.0016666666666666668
0.011333333333333334
0.005333333333333333
0.007333333333333333
0.002
0.004
0.005333333333333333
0.005
0.014333333333333332
0.002
0.013
0.0033333333333333335
0.009333333333333334
0.0016666666666666668
0.03366666666666667
0.006666666666666667
0.006333333333333334
0.005333333333333333
0.0030000000000000005
0.0013333333333333333
0.0016666666666666668
0.0033333333333333335
0.005666666666666667
0.0023333333333333335
0.005333333333333333
0.0033333333333333335
0.05366666666666667
0.002
0.005333333333333333
0.004666666666666667
0.002
0.0033333333333333335
0.019666666666666666
0.0023333333333333335
0.011666666666666667
0.004666666666666667
0.004333333333333334
0.0016666666666666668
0.003666666666666667
0.0016666666666666668
0.010333333333333333
0.03866666666666666
0.009666666666666665
0.002
0.005
0.0033333333333333335
0.0023333333333333335
0.004
0.007
0.005
0.002
0.006666666666666667
0.0030000000000000005
0.015666666666666666
0.0023333333333333335
0.006333333333333333
0.014666666666666666
0.0033333333333333335
0.0030000000000000005
0.0023333333333333335
0.0026666666666666666
0.002
0.0023333333333333335
0.0013333333333333333
0.0026666666666666666
0.015666666666666666
0.0030000000000000005
0.0030000000000000005
0.0026666666666666666
0.0013333333333333333
0.0036666666666666666
0.0026666666666666666
0.0030000000000000005
0.025333333333333336
0.006000000000000001
0.002
0.008
0.006333333333333333
0.009000000000000001
0.006333333333333333
0.03266666666666667
0.002
0.004666666666666667
0.004
0.0026666666666666666
0.0016666666666666668
0.006999999999999999
0.0016666666666666668
0.0023333333333333335
0.015
0.005999999999999999
0.004333333333333334
0.0030000000000000005
0.005666666666666667
0.0016666666666666668
0.005333333333333333
0.016
0.0013333333333333333
0.004
0.03233333333333333
0.028333333333333332
0.007
0.002
0.0036666666666666666
0.005666666666666667
0.007333333333333333
0.004
0.0030000000000000005
0.004
0.008
0.006000000000000001
0.0013333333333333333
0.0016666666666666668
0.0013333333333333333
0.008666666666666666
0.008
0.0030000000000000005
0.005666666666666667
0.005
0.004666666666666667
0.005666666666666667
0.002
0.011666666666666667
0.03
0.0023333333333333335
0.0016666666666666668
0.0033333333333333335
0.013999999999999999
0.034
0.007333333333333333
0.005333333333333333
0.010333333333333333
0.006666666666666667
0.009333333333333332
0.0036666666666666666
0.009
0.008333333333333333
0.002
0.0030000000000000005
0.008666666666666666
0.0030000000000000005
0.005666666666666667
0.006000000000000001
0.0026666666666666666
0.0026666666666666666
0.0016666666666666668
0.007666666666666666
0.0026666666666666666
0.002
0.0026666666666666666
0.0036666666666666666
0.0033333333333333335
0.0016666666666666668
0.004
0.0023333333333333335
0.006000000000000001
0.0016666666666666668
0.004666666666666667
0.0026666666666666666
0.0013333333333333333
0.0016666666666666668
0.002
0.051333333333333335
0.008666666666666668
0.0023333333333333335
0.0030000000000000005
0.0026666666666666666
0.004
0.0026666666666666666
0.0016666666666666668
0.0033333333333333335
0.001
0.06266666666666666
0.0036666666666666666
0.009
0.0033333333333333335
0.0013333333333333333
0.002
0.0016666666666666668
0.002
0.002
0.0026666666666666666
0.004333333333333334
0.008
0.005
0.005333333333333333
0.0023333333333333335
0.007666666666666666
0.001
0.0026666666666666666
0.0036666666666666666
0.0026666666666666666
0.004
0.004
0.010333333333333333
0.0016666666666666668
0.004666666666666667
0.0016666666666666668
0.012333333333333333
0.0030000000000000005
0.002
0.0023333333333333335
0.002
0.004666666666666667
0.004666666666666667
0.006000000000000001
0.015666666666666666
0.002
0.0033333333333333335
0.002
0.002
0.005333333333333333
0.0033333333333333335
0.0026666666666666666
0.0023333333333333335
0.005
0.006666666666666667
0.0036666666666666666
0.005666666666666667
0.0030000000000000005
0.006666666666666667
0.0023333333333333335
0.002
0.017
0.008
0.0036666666666666666
0.0033333333333333335
0.006666666666666667
0.006000000000000001
0.012666666666666666
0.009666666666666665
0.02
0.0023333333333333335
0.006000000000000001
0.0023333333333333335
0.0013333333333333333
0.005666666666666667
0.006333333333333334
0.004666666666666666
0.004333333333333334
0.012000000000000002
0.0033333333333333335
0.002
0.0023333333333333335
0.016333333333333335
0.004
0.004666666666666667
0.017
0.005
0.006000000000000001
0.0036666666666666666
0.005666666666666667
0.005666666666666667
0.0013333333333333333
0.005666666666666667
0.0030000000000000005
0.0036666666666666666
0.0016666666666666668
0.0023333333333333335
0.0026666666666666666
0.0013333333333333333
0.0023333333333333335
0.02
0.004666666666666667
0.010333333333333333
0.012666666666666666
0.002
0.0016666666666666668
0.020666666666666667
0.0033333333333333335
0.0016666666666666668
0.0023333333333333335
0.041
0.004
0.0023333333333333335
0.008333333333333333
0.015
0.0033333333333333335
0.0033333333333333335
0.005
0.0030000000000000005
0.0023333333333333335
0.0016666666666666668
0.005666666666666667
0.0016666666666666668
0.0016666666666666668
0.0016666666666666668
0.0026666666666666666
0.005
0.005333333333333333
0.0036666666666666666
0.0030000000000000005
0.002
0.0023333333333333335
0.005666666666666667
0.006000000000000001
0.002
0.0033333333333333335
0.0036666666666666666
0.0016666666666666668
0.0026666666666666666
0.0033333333333333335
0.016666666666666666
0.0036666666666666666
0.0030000000000000005
0.0023333333333333335
0.005
0.005
0.0026666666666666666
0.006333333333333334
0.004333333333333334
0.001
0.004666666666666667
0.007666666666666666
0.005
0.0023333333333333335
0.005666666666666667
0.007333333333333333
0.0036666666666666666
0.004666666666666667
0.01
0.0016666666666666668
0.0026666666666666666
0.014333333333333332
0.0013333333333333333
0.007
0.0030000000000000005
0.004
0.0033333333333333335
0.0030000000000000005
0.005
0.0013333333333333333
0.0023333333333333335
0.0026666666666666666
0.0026666666666666666
0.004666666666666667
0.004
0.0036666666666666666
0.0033333333333333335
0.0033333333333333335
0.0023333333333333335
0.002
0.0026666666666666666
0.007666666666666666
0.006666666666666667
0.035
0.006333333333333334
0.0013333333333333333
0.0016666666666666668
0.011666666666666667
0.006666666666666667
0.002
0.005333333333333333
0.06
0.0016666666666666668
0.008666666666666668
0.0030000000000000005
0.0016666666666666668
0.0023333333333333335
0.0030000000000000005
0.0030000000000000005
0.004666666666666667
0.004
0.011333333333333334
0.004333333333333334
0.0023333333333333335
0.0036666666666666666
0.030666666666666665
0.0030000000000000005
0.034333333333333334
0.002
0.0026666666666666666
0.0023333333333333335
0.005
0.0036666666666666666
0.004
0.006333333333333333
0.010333333333333333
0.009333333333333332
0.0026666666666666666
0.004666666666666667
0.0016666666666666668
0.0033333333333333335
0.0036666666666666666
0.007666666666666666
0.0013333333333333333
0.0016666666666666668
0.006666666666666667
0.0013333333333333333
0.007333333333333333
0.0013333333333333333
0.002
0.002
0.007
0.0023333333333333335
0.006333333333333333
0.0030000000000000005
0.0033333333333333335
0.008666666666666668
0.007333333333333333
0.0016666666666666668
0.0036666666666666666
0.004333333333333334
0.004
0.006000000000000001
0.005666666666666667
0.0033333333333333335
0.005333333333333333
0.0026666666666666666
0.004666666666666667
0.006000000000000001
0.007666666666666666
0.006333333333333334
0.0036666666666666666
0.006666666666666667
0.01
0.011666666666666667
0.005
0.004
0.0036666666666666666
0.0026666666666666666
0.004333333333333334
0.0023333333333333335
0.002
0.002
0.011666666666666667
0.0026666666666666666
0.0033333333333333335
0.004
0.0013333333333333333
0.002
0.009333333333333332
0.008666666666666668
0.006333333333333334
0.004
0.004333333333333334
0.007
0.0023333333333333335
0.006333333333333333
0.0033333333333333335
0.04700000000000001
0.007333333333333333
0.005666666666666667
0.001
0.009333333333333334
0.0016666666666666668
0.0030000000000000005
0.035333333333333335
0.0033333333333333335
0.0030000000000000005
0.005666666666666667
0.0036666666666666666
0.0016666666666666668
0.004333333333333334
0.0016666666666666668
0.0033333333333333335
0.007666666666666666
0.024000000000000004
0.005333333333333333
0.0026666666666666666
0.0030000000000000005
0.004
0.0023333333333333335
0.008666666666666666
0.004
0.008
0.012000000000000002
0.0026666666666666666
0.006333333333333334
0.032
0.005666666666666667
0.004333333333333334
0.006666666666666667
0.007666666666666666
0.0023333333333333335
0.0026666666666666666
0.004333333333333334
0.007
0.0030000000000000005
0.004333333333333334
0.0030000000000000005
0.004666666666666667
0.0016666666666666668
0.0026666666666666666
0.0013333333333333333
0.0016666666666666668
0.0013333333333333333
0.0030000000000000005
0.007666666666666666
6.666666666666666E-4
0.0036666666666666666
0.0033333333333333335
0.005666666666666667
0.002
0.0026666666666666666
0.006666666666666667
0.004
0.041666666666666664
0.0013333333333333333
0.008
0.005
0.006666666666666667
0.004
0.006999999999999999
0.0036666666666666666
0.0036666666666666666
0.0026666666666666666
0.03566666666666667
0.0026666666666666666
0.01833333333333333
0.0016666666666666668
0.0016666666666666668
0.03333333333333333
0.0036666666666666666
0.0013333333333333333
0.006333333333333333
0.0030000000000000005
0.002
0.0013333333333333333
0.0030000000000000005
0.006999999999999999
0.002
0.0016666666666666668
0.004666666666666667
0.009333333333333332
0.0016666666666666668
0.014333333333333332
0.0030000000000000005
0.0013333333333333333
0.0016666666666666668
0.0023333333333333335
0.007
0.0036666666666666666
0.0023333333333333335
0.0013333333333333333
0.0013333333333333333
0.022333333333333334
0.0026666666666666666
0.007
0.006333333333333334
0.009666666666666665
0.0026666666666666666
0.0023333333333333335
0.0030000000000000005
0.0033333333333333335
0.0023333333333333335
0.005333333333333333
0.0023333333333333335
0.007666666666666666
0.002
0.004666666666666667
0.0016666666666666668
0.010333333333333333
0.0033333333333333335
0.005666666666666667
0.007333333333333333
0.0030000000000000005
0.005666666666666667
0.0026666666666666666
0.002
0.011000000000000001
0.006666666666666667
0.023333333333333334
0.005
0.009333333333333332
0.0026666666666666666
0.0033333333333333335
0.0033333333333333335
0.005333333333333333
0.0016666666666666668
0.004
0.009333333333333332
0.027666666666666662
0.0036666666666666666
0.004333333333333334
0.012333333333333333
0.005
0.06366666666666666
0.007666666666666666
0.0016666666666666668
0.004333333333333334
0.002
0.006666666666666667
0.006333333333333334
0.0030000000000000005
0.006333333333333333
0.0023333333333333335
0.0030000000000000005
0.0036666666666666666
0.004333333333333334
0.009333333333333332
0.006666666666666667
0.0026666666666666666
0.005333333333333333
0.03333333333333333
0.026333333333333334
0.006666666666666667
0.0023333333333333335
0.007666666666666666
0.0023333333333333335
0.004333333333333334
0.002
0.0023333333333333335
0.0036666666666666666
0.013666666666666667
0.006000000000000001
0.0016666666666666668
0.026
0.0026666666666666666
0.004666666666666667
0.005666666666666667
0.0026666666666666666
0.005333333333333333
0.012333333333333333
0.0036666666666666666
0.007
0.01
0.0036666666666666666
0.0016666666666666668
0.002
0.001
0.0026666666666666666
0.018666666666666665
0.0016666666666666668
0.0030000000000000005
0.056666666666666664
0.013
0.0036666666666666666
0.004333333333333334
0.0016666666666666668
0.0030000000000000005
0.053
0.0023333333333333335
0.0023333333333333335
0.006333333333333333
0.009666666666666665
0.0026666666666666666
0.0016666666666666668
0.005666666666666667
0.0016666666666666668
0.0026666666666666666
0.0030000000000000005
0.0033333333333333335
0.004666666666666667
0.006000000000000001
0.0030000000000000005
0.0036666666666666666
0.0026666666666666666
0.0033333333333333335
0.006333333333333333
0.004333333333333334
0.0033333333333333335
0.006999999999999999
0.002
0.0023333333333333335
0.0016666666666666668
0.006000000000000001
0.0036666666666666666
0.006333333333333333
0.007
0.002
0.0036666666666666666
0.005666666666666667
0.017666666666666667
0.005666666666666667
0.01
0.005
0.0023333333333333335
0.0033333333333333335
0.018000000000000002
0.021666666666666667
0.004333333333333334
0.011000000000000001
0.004
0.005
0.0026666666666666666
0.018666666666666665
0.011333333333333334
0.017333333333333336
0.007333333333333333
0.01933333333333333
0.005
0.004666666666666667
0.007
0.039
0.007666666666666666
0.004666666666666667
0.016666666666666666
0.0023333333333333335
0.03366666666666667
0.008
0.002
0.008
0.0023333333333333335
0.004666666666666667
0.002
0.0033333333333333335
0.004
0.0016666666666666668
0.0013333333333333333
0.008
0.008333333333333333
0.002
0.011333333333333334
0.009
0.002
0.002
0.002
0.0013333333333333333
0.004666666666666667
0.0026666666666666666
0.0023333333333333335
0.004
0.0023333333333333335
0.002
0.0016666666666666668
0.0016666666666666668
0.021333333333333333
0.002
0.041666666666666664
0.002
0.0013333333333333333
0.002
0.004666666666666667
0.002
0.006666666666666667
0.011333333333333334
0.0016666666666666668
0.0030000000000000005
0.0013333333333333333
0.0016666666666666668
0.0036666666666666666
0.0013333333333333333
0.0016666666666666668
0.012666666666666666
0.009
0.0016666666666666668
0.0016666666666666668
0.0026666666666666666
0.011666666666666667
0.002
0.0016666666666666668
0.0013333333333333333
0.0016666666666666668
0.002
0.005333333333333333
0.0023333333333333335
0.0033333333333333335
0.0030000000000000005
0.0016666666666666668
0.04866666666666667
0.004666666666666667
0.009
0.009000000000000001
0.012666666666666666
0.008
0.010333333333333333
0.006000000000000001
0.004
0.0023333333333333335
0.005
0.002
0.0030000000000000005
0.005666666666666667
0.002
0.0013333333333333333
0.016666666666666666
0.006333333333333333
0.0036666666666666666
0.005333333333333333
0.005333333333333333
0.004666666666666667
0.010333333333333333
0.0036666666666666666
0.0033333333333333335
0.004
0.004333333333333334
0.056999999999999995
0.008666666666666668
0.0030000000000000005
0.007666666666666666
0.007333333333333333
0.010666666666666666
0.002
0.0023333333333333335
0.022000000000000002
0.005
0.0026666666666666666
0.0023333333333333335
0.003666666666666667
0.0030000000000000005
0.0033333333333333335
0.01
0.01
0.0033333333333333335
0.0033333333333333335
0.0036666666666666666
0.008666666666666666
0.0016666666666666668
0.004333333333333334
0.002
0.0016666666666666668
0.0036666666666666666
0.002
0.008
0.0016666666666666668
0.0036666666666666666
0.02266666666666667
0.011333333333333334
0.0030000000000000005
0.0023333333333333335
0.0013333333333333333
0.005
0.004
0.006333333333333333
0.0030000000000000005
0.010333333333333333
0.004
0.002
0.0026666666666666666
0.012000000000000002
0.002
0.004333333333333334
0.0033333333333333335
0.0016666666666666668
0.002
0.011333333333333334
0.011666666666666667
0.0030000000000000005
0.0016666666666666668
0.004333333333333334
0.0033333333333333335
0.0016666666666666668
0.0033333333333333335
0.002
0.005
0.023333333333333334
0.0016666666666666668
0.010333333333333333
0.0030000000000000005
0.0023333333333333335
0.011333333333333334
0.004
0.006999999999999999
0.005666666666666666
0.006999999999999999
0.0030000000000000005
0.0036666666666666666
0.009000000000000001
0.005
0.006000000000000001
0.0026666666666666666
0.006000000000000001
0.009
0.0016666666666666668
0.004666666666666667
0.004333333333333334
0.004666666666666667
0.0016666666666666668
0.0030000000000000005
