0.17466666666666666
0.5503333333333335
0.07066666666666667
0.06733333333333334
0.15466666666666665
0.36866666666666664
0.16933333333333334
0.5656666666666667
0.16133333333333333
0.5453333333333333
0.31033333333333335
0.408
0.16566666666666666
0.31633333333333336
0.3116666666666667
0.30866666666666664
0.2956666666666667
0.07833333333333332
0.07233333333333332
0.4206666666666667
0.6186666666666666
0.48966666666666664
0.6256666666666667
0.10433333333333333
0.07333333333333332
0.06566666666666666
0.36066666666666664
0.29433333333333334
0.07233333333333335
0.07066666666666667
0.35333333333333333
0.411
0.6229999999999999
0.08666666666666667
0.705
0.08833333333333333
0.06133333333333333
0.35433333333333333
0.293
0.347
0.5233333333333334
0.293
0.13466666666666668
0.2873333333333333
0.307
0.14866666666666664
0.3036666666666667
0.07933333333333333
0.084
0.07066666666666667
0.35766666666666663
0.2306666666666667
0.07566666666666666
0.084
0.6883333333333334
0.07
0.31666666666666665
0.3586666666666667
0.137
0.5183333333333334
0.326
0.3013333333333333
0.072
0.339
0.066
0.064
0.06433333333333334
0.06633333333333334
0.4083333333333334
0.492
0.06166666666666667
0.07
0.3413333333333333
0.345
0.4789999999999999
0.302
0.5226666666666667
0.6513333333333333
0.7553333333333333
0.06933333333333334
0.07100000000000001
0.3746666666666667
0.307
0.6316666666666667
0.073
0.27999999999999997
0.5986666666666666
0.138
0.34099999999999997
0.07833333333333332
0.163
0.06433333333333334
0.06433333333333334
0.07733333333333332
0.08133333333333333
0.06533333333333334
0.06333333333333334
0.3356666666666667
0.3466666666666667
0.3426666666666667
0.3486666666666666
0.6216666666666667
0.6156666666666667
0.35766666666666663
0.27899999999999997
0.373
0.3363333333333334
0.3093333333333333
0.16333333333333333
0.38033333333333336
0.397
0.11466666666666668
0.17499999999999996
0.7583333333333333
0.16533333333333333
0.167
0.07433333333333332
0.16466666666666666
0.24333333333333332
0.34833333333333333
0.39999999999999997
0.6510000000000001
0.35766666666666663
0.076
0.07766666666666666
0.40499999999999997
0.3403333333333334
0.11766666666666666
0.33433333333333337
0.5963333333333333
0.578
0.06566666666666666
0.4143333333333333
0.325
0.573
0.361
0.36400000000000005
0.3413333333333333
0.072
0.11566666666666668
0.27233333333333337
0.6920000000000001
0.6886666666666666
0.10366666666666667
0.07333333333333332
0.07033333333333334
0.321
0.11933333333333333
0.066
0.07733333333333332
0.15666666666666665
0.07766666666666666
0.10333333333333333
0.7163333333333334
0.145
0.2333333333333333
0.07166666666666666
0.11233333333333334
0.3546666666666667
0.07433333333333332
0.3946666666666667
0.444
0.3156666666666667
0.2363333333333333
0.34833333333333333
0.36166666666666664
0.3423333333333333
0.18366666666666664
0.501
0.6686666666666667
0.599
0.17800000000000002
0.666
0.674
0.6683333333333333
0.09666666666666668
0.739
0.07133333333333332
0.7256666666666667
0.38466666666666666
0.09933333333333334
0.41733333333333333
0.07733333333333332
0.5789999999999998
0.59
0.36633333333333334
0.39366666666666666
0.07366666666666666
0.31866666666666665
0.08566666666666667
0.3906666666666667
0.11633333333333333
0.076
0.35900000000000004
0.318
0.32
0.17166666666666666
0.244
0.19533333333333333
0.16566666666666666
0.37366666666666665
0.35733333333333334
0.16766666666666666
0.633
0.17400000000000002
0.6173333333333333
0.668
0.6153333333333333
0.6773333333333333
0.06633333333333334
0.574
0.5579999999999999
0.22433333333333336
0.07066666666666667
0.15333333333333332
0.08533333333333333
0.334
0.33899999999999997
0.639
0.067
0.09533333333333334
0.07200000000000001
0.07433333333333332
0.073
0.06533333333333334
0.33233333333333337
0.36066666666666664
0.06533333333333334
0.287
0.11066666666666668
0.11033333333333334
0.06866666666666667
0.2913333333333333
0.06966666666666667
0.139
0.4226666666666667
0.4186666666666667
0.15333333333333332
0.06933333333333334
0.5066666666666667
0.39266666666666666
0.07533333333333332
0.07666666666666666
0.17800000000000002
0.151
0.10466666666666667
0.07666666666666666
0.3293333333333333
0.403
0.082
0.156
0.15833333333333333
0.37666666666666665
0.08166666666666667
0.4013333333333334
0.07633333333333332
0.077
0.09700000000000002
0.07966666666666666
0.535
0.132
0.19200000000000003
0.663
0.07833333333333332
0.7436666666666666
0.07733333333333332
0.078
0.7513333333333333
0.07833333333333332
0.48500000000000004
0.628
0.07833333333333332
0.42733333333333334
0.44366666666666665
0.8329999999999999
0.321
0.19166666666666665
0.6303333333333333
0.5963333333333333
0.074
0.079
0.067
0.36599999999999994
0.44766666666666666
0.10966666666666668
0.37233333333333335
0.112
0.45166666666666666
0.337
0.35266666666666663
0.3463333333333333
0.452
0.4023333333333334
0.6106666666666667
0.23866666666666667
0.17733333333333334
0.12
0.39566666666666667
0.401
0.14633333333333332
0.07533333333333332
0.06933333333333334
0.07433333333333332
0.5843333333333333
0.37966666666666665
0.06533333333333334
0.314
0.075
0.067
0.067
0.3096666666666667
0.306
0.21466666666666667
0.36000000000000004
0.4206666666666667
0.34933333333333333
0.06466666666666666
0.4186666666666667
0.416
0.13933333333333334
0.08966666666666667
0.09233333333333334
0.445
0.08900000000000001
0.09666666666666668
0.1416666666666667
0.11699999999999999
0.49066666666666664
0.5143333333333333
0.36800000000000005
0.148
0.06333333333333334
0.4036666666666667
0.162
0.066
0.213
0.07
0.622
0.318
0.6303333333333333
0.4546666666666667
0.4043333333333334
0.36833333333333335
0.155
0.07066666666666667
0.3513333333333333
0.3433333333333333
0.09566666666666668
0.5486666666666666
0.06133333333333333
0.2856666666666667
0.71
0.5466666666666667
0.149
0.09800000000000002
0.09933333333333334
0.07166666666666667
0.15166666666666664
0.564
0.14566666666666664
0.285
0.5356666666666667
0.09066666666666667
0.29666666666666663
0.296
0.302
0.07366666666666666
0.07100000000000001
0.301
0.15966666666666665
0.06233333333333333
0.16
0.222
0.1386666666666667
0.664
0.076
0.06533333333333334
0.541
0.07633333333333332
0.5553333333333335
0.08900000000000001
0.37600000000000006
0.7280000000000001
0.701
0.6206666666666667
0.6656666666666666
0.5906666666666666
0.07066666666666667
0.18133333333333335
0.17966666666666664
0.081
0.5986666666666667
0.4036666666666667
0.25033333333333335
0.5936666666666667
0.07633333333333332
0.36633333333333334
0.5646666666666667
0.428
0.25833333333333336
0.26666666666666666
0.38833333333333336
0.10833333333333334
0.11266666666666668
0.36766666666666664
0.12266666666666666
0.11966666666666666
0.08166666666666667
0.665
0.36033333333333334
0.07533333333333332
0.8273333333333333
0.445
0.08
0.075
0.441
0.07666666666666666
0.427
0.612
0.7306666666666666
0.393
0.32033333333333336
0.3193333333333333
0.6373333333333333
0.29666666666666663
0.06933333333333334
0.07333333333333332
0.07066666666666667
0.7716666666666666
0.7116666666666666
0.6109999999999999
0.07366666666666666
0.5936666666666666
0.071
0.07433333333333332
0.06733333333333334
0.31666666666666665
0.6646666666666667
0.154
0.07733333333333332
0.3333333333333333
0.067
0.34299999999999997
0.6133333333333333
0.064
0.3096666666666667
0.2976666666666667
0.21533333333333335
0.293
0.07233333333333332
0.06866666666666667
0.08433333333333333
0.633
0.655
0.165
0.07266666666666666
0.29666666666666663
0.3393333333333333
0.298
0.072
0.06966666666666667
0.403
0.4483333333333333
0.153
0.082
0.4056666666666666
0.09833333333333334
0.7163333333333334
0.3406666666666667
0.076
0.077
0.07966666666666666
0.166
0.7799999999999999
0.17933333333333334
0.6629999999999999
0.09300000000000001
0.07566666666666666
0.6383333333333333
0.08033333333333333
0.08466666666666667
0.587
0.09733333333333334
0.08566666666666667
0.8373333333333334
0.8233333333333333
0.3706666666666667
0.08233333333333333
0.07366666666666666
0.453
0.463
0.37566666666666665
0.073
0.336
0.5983333333333333
0.3353333333333333
0.6046666666666667
