0.5489999999999999
0.6556666666666667
0.371
0.6183333333333333
0.6903333333333332
0.7573333333333334
0.6696666666666666
0.09033333333333333
0.6966666666666667
0.702
0.6173333333333333
0.4013333333333333
0.4003333333333334
0.431
0.62
0.10733333333333332
0.397
0.09666666666666668
0.07833333333333332
0.077
0.39799999999999996
0.4506666666666666
0.462
0.39166666666666666
0.393
0.4076666666666666
0.09033333333333333
0.48100000000000004
0.5663333333333332
0.4003333333333334
0.08133333333333333
0.3506666666666667
0.08333333333333333
0.35333333333333333
0.7936666666666667
0.11866666666666666
0.25366666666666665
0.11966666666666666
0.2773333333333334
0.25666666666666665
0.6283333333333333
0.6993333333333333
0.08166666666666667
0.46799999999999997
0.6936666666666667
0.39399999999999996
0.38766666666666666
0.08466666666666667
0.257
0.26766666666666666
0.085
0.6096666666666666
0.294
0.39666666666666667
0.5096666666666666
0.22533333333333336
0.27499999999999997
0.48900000000000005
0.09833333333333333
0.425
0.508
0.26566666666666666
0.7023333333333334
0.08366666666666667
0.44
0.6876666666666665
0.11033333333333334
0.6233333333333334
0.6223333333333333
0.07733333333333332
0.5593333333333333
0.07966666666666666
0.08
0.082
0.22533333333333336
0.6186666666666666
0.633
0.07833333333333332
0.6446666666666667
0.7426666666666666
0.7033333333333333
0.07966666666666666
0.6273333333333334
0.07766666666666666
0.08
0.09633333333333333
0.08366666666666667
0.11599999999999999
0.44133333333333336
0.11133333333333334
0.247
0.45366666666666666
0.09800000000000002
0.438
0.41100000000000003
0.3833333333333333
0.4183333333333334
0.24633333333333332
0.6933333333333334
0.42566666666666664
0.6913333333333332
0.359
0.35799999999999993
0.48866666666666675
0.4833333333333334
0.4736666666666666
0.11066666666666668
0.10533333333333333
0.6149999999999999
0.11166666666666668
0.5983333333333333
0.07766666666666666
0.626
0.4303333333333333
0.593
0.3873333333333333
0.4503333333333333
0.49866666666666665
0.08900000000000001
0.4306666666666667
0.09733333333333334
0.5613333333333334
0.6833333333333332
0.11566666666666668
0.48266666666666663
0.654
0.543
0.1406666666666667
0.4146666666666667
0.8083333333333332
0.09600000000000002
0.12233333333333334
0.105
0.26333333333333336
0.7746666666666667
0.395
0.39599999999999996
0.41100000000000003
0.07966666666666666
0.455
0.31466666666666665
0.10066666666666667
0.11399999999999999
0.115
0.5323333333333333
0.6976666666666667
0.40199999999999997
0.7236666666666666
0.6906666666666667
0.084
0.7693333333333333
0.09633333333333334
0.5363333333333333
0.5386666666666667
0.45599999999999996
0.08233333333333333
0.6176666666666666
0.48933333333333334
