0.10066666666666668
0.08133333333333333
0.05566666666666667
0.05566666666666667
0.02366666666666667
0.075
0.05633333333333334
0.11566666666666665
0.06066666666666667
0.06766666666666667
0.06466666666666666
0.065
0.07333333333333333
0.063
0.066
0.06533333333333334
0.06233333333333333
0.062
0.02666666666666666
0.062
0.066
0.057333333333333326
0.05533333333333334
0.059
0.06533333333333334
0.06166666666666667
0.06166666666666667
0.059666666666666666
0.0023333333333333335
0.06033333333333333
0.064
0.06633333333333334
0.06366666666666666
0.06333333333333334
0.06166666666666667
0.06366666666666666
0.06733333333333334
0.07266666666666667
0.05833333333333333
0.063
0.06666666666666667
0.05933333333333333
0.07066666666666667
0.066
0.068
0.065
0.07433333333333335
0.07033333333333334
0.06266666666666666
0.066
0.06466666666666666
0.07533333333333332
0.06633333333333334
0.07
0.06666666666666667
0.064
0.06233333333333333
0.074
0.06533333333333334
0.06366666666666666
0.010333333333333333
0.05733333333333334
0.034333333333333334
0.06933333333333334
0.07266666666666667
0.06933333333333334
0.06033333333333333
0.06033333333333333
0.06466666666666666
0.07566666666666666
0.066
0.06366666666666666
0.06166666666666667
0.02666666666666667
0.063
0.06066666666666667
0.07200000000000001
0.06033333333333333
0.05833333333333333
0.063
0.06066666666666667
0.06866666666666667
0.061
0.06133333333333333
0.06966666666666667
0.06833333333333334
0.06
0.062
0.06933333333333334
0.05466666666666667
0.061
0.06233333333333333
0.061
0.06166666666666667
0.06
0.06266666666666666
0.05666666666666667
0.05833333333333333
0.006999999999999999
0.065
0.058666666666666666
0.057999999999999996
0.06333333333333334
0.059666666666666666
0.05566666666666666
0.06433333333333334
0.06733333333333334
0.0030000000000000005
0.062
0.01
0.026333333333333334
0.05933333333333333
0.06266666666666666
0.055
0.056333333333333326
0.059
0.056
0.05833333333333333
0.05833333333333333
0.05633333333333334
0.06233333333333333
0.05933333333333333
0.06466666666666666
0.062
0.05566666666666667
0.05833333333333333
0.061
0.05633333333333334
0.068
0.064
0.02666666666666666
0.057999999999999996
0.06166666666666667
0.06533333333333334
0.06366666666666666
0.007333333333333333
0.05833333333333333
0.06533333333333334
0.058666666666666666
0.05933333333333333
0.05833333333333333
0.06466666666666666
0.059
0.063
0.06733333333333334
0.059
0.06633333333333334
0.059
0.06233333333333333
0.059
0.05766666666666667
0.054
0.06533333333333334
0.05833333333333333
0.059666666666666666
0.06066666666666667
0.0023333333333333335
0.06666666666666667
0.065
0.06166666666666667
0.064
0.06066666666666667
0.058666666666666666
0.05833333333333333
0.069
0.057999999999999996
0.057333333333333326
0.06033333333333333
0.056999999999999995
0.06
0.06
0.056
0.06766666666666667
0.063
0.06566666666666666
0.06066666666666667
0.059
0.059
0.05933333333333333
0.068
0.07033333333333334
0.07366666666666666
0.07066666666666667
0.056333333333333326
0.05466666666666667
0.05766666666666667
0.07133333333333335
0.06133333333333333
0.061
0.058666666666666666
0.06066666666666667
0.067
0.07033333333333333
0.06033333333333333
0.06033333333333333
0.061
0.059
0.05833333333333333
0.06133333333333333
0.063
0.06133333333333333
0.05566666666666667
0.064
0.05566666666666666
0.06233333333333333
0.06
0.06033333333333333
0.057999999999999996
0.057999999999999996
0.06666666666666667
0.06066666666666667
0.06066666666666667
0.059666666666666666
0.06166666666666667
0.059666666666666666
0.077
0.07633333333333332
0.067
0.057999999999999996
0.06333333333333334
0.06266666666666666
0.06466666666666666
0.06899999999999999
0.06266666666666666
0.06333333333333334
0.063
0.06
0.08333333333333333
0.07033333333333334
0.07033333333333334
0.06566666666666666
0.07133333333333335
0.063
0.067
0.057333333333333326
0.06333333333333334
0.06366666666666666
0.077
0.06066666666666667
0.059666666666666666
0.05433333333333334
0.061
0.056
0.057666666666666665
0.06999999999999999
0.06266666666666666
0.058666666666666666
0.057999999999999996
0.06033333333333333
0.06233333333333333
0.057666666666666665
0.026333333333333334
0.06333333333333334
0.06233333333333333
0.06666666666666667
0.064
0.06133333333333333
0.069
0.06766666666666667
0.06766666666666667
0.065
0.06266666666666666
0.059666666666666666
0.06366666666666666
0.056999999999999995
0.06533333333333334
0.058666666666666666
0.06066666666666667
0.062
0.057999999999999996
0.065
0.05833333333333333
0.057666666666666665
0.059
0.06466666666666666
0.06033333333333333
0.07100000000000001
0.05666666666666667
0.057333333333333326
0.057999999999999996
0.059
0.06333333333333334
0.058666666666666666
0.057999999999999996
0.0030000000000000005
0.07166666666666667
0.06
0.06166666666666667
0.07100000000000001
0.061
0.06133333333333333
0.064
0.06933333333333334
0.05833333333333333
0.06666666666666667
0.04133333333333333
0.06133333333333333
0.07
0.06766666666666667
0.06933333333333334
0.05566666666666667
0.06866666666666667
0.05833333333333333
0.059
0.058666666666666666
0.056
0.06266666666666666
0.06366666666666666
0.06033333333333333
0.07733333333333332
0.06666666666666667
0.005333333333333333
0.06666666666666667
0.06733333333333334
0.06233333333333333
0.06166666666666667
0.06333333333333334
0.06366666666666666
0.058666666666666666
0.06433333333333334
0.07633333333333332
0.06366666666666666
0.059
0.069
0.05933333333333333
0.062
0.06566666666666666
0.06733333333333334
0.064
0.06433333333333334
0.02766666666666667
0.06
0.06066666666666667
0.059
0.06533333333333334
0.06633333333333334
0.062
0.075
0.06
0.06566666666666666
0.06466666666666666
0.06466666666666666
0.063
0.06133333333333333
0.07
0.06233333333333333
0.06333333333333334
0.06
0.06133333333333333
0.06333333333333334
0.06633333333333334
0.06466666666666666
0.06766666666666667
0.057333333333333326
0.057999999999999996
0.05733333333333334
0.06633333333333334
0.05466666666666667
0.05733333333333334
0.06366666666666666
0.061
0.05633333333333334
0.05833333333333333
0.06133333333333333
0.077
0.057
0.057333333333333326
0.056999999999999995
0.06433333333333334
0.059666666666666666
0.059666666666666666
0.05833333333333333
0.063
0.05833333333333333
0.058666666666666666
0.06933333333333334
0.07066666666666667
0.069
0.057999999999999996
0.061
0.06533333333333334
0.085
0.06166666666666667
0.06566666666666666
0.06066666666666667
0.059
0.06333333333333334
0.055
0.059666666666666666
0.059666666666666666
0.057999999999999996
0.056999999999999995
0.05466666666666667
0.026333333333333334
0.06466666666666666
0.059
0.058666666666666666
0.06033333333333333
0.057999999999999996
0.05633333333333334
0.062
0.06233333333333333
0.057666666666666665
0.06133333333333333
0.07266666666666667
0.065
0.058666666666666666
0.06533333333333334
0.057666666666666665
0.06066666666666667
0.05533333333333334
0.05833333333333333
0.059666666666666666
0.05533333333333334
0.057333333333333326
0.075
0.056333333333333326
0.05533333333333334
0.05633333333333334
0.057
0.05499999999999999
0.061
0.05633333333333334
0.07100000000000001
0.055
0.05666666666666667
0.063
0.056999999999999995
0.02666666666666667
0.064
0.058666666666666666
0.056333333333333326
0.059666666666666666
0.05833333333333333
0.05466666666666667
0.056333333333333326
0.06
0.062
0.06466666666666666
0.08133333333333333
0.062
0.064
0.06566666666666666
0.06
0.002
0.06233333333333333
0.06266666666666666
0.057999999999999996
0.06133333333333333
0.056
0.059
0.064
0.05933333333333333
0.058666666666666666
0.06366666666666666
0.057333333333333326
0.066
0.06266666666666666
0.056333333333333326
0.06433333333333334
0.056
0.05833333333333333
0.06633333333333334
0.06433333333333334
0.066
0.071
0.059
0.061
0.059
0.062
0.05933333333333333
0.09066666666666667
0.057333333333333326
0.061
0.059
0.057666666666666665
0.06033333333333333
0.059666666666666666
0.05666666666666667
0.057333333333333326
0.059
0.05933333333333333
0.057999999999999996
0.061
0.06733333333333334
0.064
0.071
0.06766666666666667
0.06133333333333333
0.06633333333333334
0.058666666666666666
0.057
0.06066666666666667
0.02466666666666667
0.08366666666666667
0.0026666666666666666
0.057333333333333326
0.058666666666666666
0.057999999999999996
0.06966666666666667
0.07933333333333333
0.078
0.07033333333333334
0.08700000000000001
0.0013333333333333333
0.056999999999999995
0.0026666666666666666
0.06
0.09333333333333334
0.056999999999999995
0.06333333333333334
0.062
0.06
0.06233333333333333
0.05933333333333333
0.058666666666666666
0.05833333333333333
0.04066666666666666
0.05566666666666666
0.056999999999999995
0.024666666666666667
0.06033333333333333
0.026333333333333334
0.06
0.06066666666666667
0.026333333333333334
0.06133333333333333
0.06866666666666667
0.056
0.06033333333333333
0.06433333333333334
0.059
0.056999999999999995
0.056666666666666664
0.057999999999999996
0.057999999999999996
0.057333333333333326
0.06133333333333333
0.057999999999999996
0.06233333333333333
0.061
0.06266666666666666
0.05833333333333333
0.057999999999999996
0.058666666666666666
0.062
0.06233333333333333
0.059
0.057666666666666665
0.062
0.05833333333333333
0.06166666666666667
0.066
0.05833333333333333
0.057666666666666665
0.059666666666666666
0.064
0.06566666666666666
0.057999999999999996
0.057999999999999996
0.057666666666666665
0.05933333333333333
0.06033333333333333
0.066
0.059
0.06366666666666666
0.06333333333333334
0.05833333333333333
0.057
0.06133333333333333
0.06033333333333333
0.06733333333333334
0.007333333333333333
0.059
0.06133333333333333
0.062
0.066
0.07166666666666667
0.06
0.06566666666666666
0.07566666666666666
0.069
0.066
0.05533333333333334
0.06666666666666667
0.06166666666666667
0.058666666666666666
0.057
0.06133333333333333
0.058666666666666666
0.06133333333333333
0.056666666666666664
0.06
0.059
0.06033333333333333
0.06733333333333334
0.057999999999999996
0.06866666666666667
0.056
0.056666666666666664
0.05933333333333333
0.06333333333333334
0.057666666666666665
0.061
0.043666666666666666
0.057999999999999996
0.062
0.06366666666666666
0.059666666666666666
0.05566666666666667
0.06566666666666666
0.06033333333333333
0.058666666666666666
0.064
0.06
0.05566666666666667
0.059
0.059
0.06666666666666667
0.004666666666666667
0.063
0.06066666666666667
0.061
0.063
0.06066666666666667
0.0026666666666666666
0.07366666666666666
0.06533333333333334
0.06766666666666667
0.06266666666666666
0.057666666666666665
0.057999999999999996
0.057333333333333326
0.057333333333333326
0.06
0.062
0.059666666666666666
0.062
0.059666666666666666
0.06366666666666666
0.05933333333333333
0.06566666666666666
0.058666666666666666
0.05566666666666667
0.057666666666666665
0.065
0.06166666666666667
0.09033333333333333
0.059
0.0013333333333333333
0.0016666666666666668
0.058666666666666666
0.058666666666666666
0.055999999999999994
0.06466666666666666
0.06066666666666667
0.06466666666666666
0.057
0.06633333333333334
0.06466666666666666
0.06566666666666666
0.06166666666666667
0.06466666666666666
0.06333333333333334
0.057666666666666665
0.06233333333333333
0.06966666666666667
0.07
0.06566666666666666
0.0023333333333333335
0.06633333333333334
0.06266666666666666
0.063
0.06033333333333333
0.06933333333333334
0.057999999999999996
0.059
0.062
0.06166666666666667
0.07066666666666667
0.07066666666666667
0.06766666666666667
0.06733333333333334
0.07133333333333335
0.06166666666666667
0.06
0.07233333333333333
0.06
0.059666666666666666
0.057333333333333326
0.056999999999999995
0.059666666666666666
0.002
0.074
0.06333333333333334
0.05833333333333333
0.06866666666666667
0.058666666666666666
0.057333333333333326
0.06266666666666666
0.062
0.06166666666666667
0.02566666666666667
0.06166666666666667
0.05466666666666667
0.06266666666666666
0.066
0.05833333333333333
0.056
0.009333333333333332
0.06733333333333334
0.002
0.06266666666666666
0.06366666666666666
0.06733333333333334
0.06166666666666667
0.056999999999999995
0.06133333333333333
0.06133333333333333
0.057999999999999996
0.06
0.06466666666666666
0.063
0.06133333333333333
0.068
0.06333333333333334
0.06233333333333333
0.02466666666666667
0.059
0.059
0.06
0.001
0.055
0.05533333333333334
0.058666666666666666
0.06533333333333334
0.006999999999999999
0.05833333333333333
0.06133333333333333
0.025000000000000005
0.05933333333333333
0.05833333333333333
0.058666666666666666
0.054
0.059666666666666666
0.058666666666666666
0.057999999999999996
0.06166666666666667
0.06133333333333333
0.059666666666666666
0.05733333333333334
0.07166666666666667
0.06266666666666666
0.06133333333333333
0.059
0.063
0.059666666666666666
0.064
0.06033333333333333
0.056999999999999995
0.06166666666666667
0.06
0.05933333333333333
0.059
0.06933333333333334
0.065
0.057999999999999996
0.062
0.06533333333333334
0.059666666666666666
0.06
0.068
0.025333333333333336
0.067
0.06133333333333333
0.059666666666666666
0.057
0.06066666666666667
0.061
0.06633333333333334
0.05566666666666667
0.06433333333333334
0.06633333333333334
0.06766666666666667
0.057
0.026333333333333334
0.06533333333333334
0.06033333333333333
0.06066666666666667
0.006333333333333334
0.059666666666666666
0.057666666666666665
0.06133333333333333
0.059666666666666666
0.06233333333333333
0.057666666666666665
0.065
0.062
0.06433333333333334
0.06333333333333334
0.07866666666666666
0.028333333333333335
0.07433333333333332
0.06466666666666666
0.059
0.06366666666666666
0.065
0.06333333333333334
0.059666666666666666
0.06066666666666667
0.07
0.06533333333333334
0.065
0.057666666666666665
0.056666666666666664
0.067
0.06133333333333333
0.06
0.058666666666666666
0.05833333333333333
0.057666666666666665
0.06333333333333334
0.066
0.02666666666666667
0.058666666666666666
0.059666666666666666
0.06466666666666666
0.06366666666666666
0.057666666666666665
0.06066666666666667
0.06133333333333333
0.058666666666666666
0.06133333333333333
0.064
0.06233333333333333
0.06433333333333334
0.06266666666666666
0.05933333333333333
0.05933333333333333
0.056666666666666664
0.06166666666666667
0.06466666666666666
0.06133333333333333
0.06
0.059
0.05333333333333334
0.053
0.08533333333333333
0.061
0.06266666666666666
0.0013333333333333333
0.056666666666666664
0.056333333333333326
0.026333333333333334
0.055333333333333325
0.057666666666666665
0.05466666666666667
0.06433333333333334
0.06266666666666666
0.02566666666666667
0.056999999999999995
0.025333333333333333
0.029666666666666664
0.06733333333333334
0.02566666666666667
0.056999999999999995
0.067
0.07100000000000001
0.06566666666666666
0.06366666666666666
0.06233333333333333
0.06433333333333334
0.058666666666666666
0.0013333333333333333
0.09133333333333334
0.06466666666666666
0.058666666666666666
0.05533333333333334
0.055
0.026
0.06666666666666667
0.057999999999999996
0.065
0.05933333333333333
0.057333333333333326
0.05566666666666667
0.06266666666666666
0.06166666666666667
0.061
0.056
0.05933333333333333
0.061
0.05833333333333333
0.06033333333333333
0.06166666666666667
0.06133333333333333
0.057999999999999996
0.061
0.0030000000000000005
0.058666666666666666
0.066
0.06033333333333333
0.06066666666666667
0.06366666666666666
0.057666666666666665
0.05833333333333333
0.057333333333333326
0.05566666666666667
0.06333333333333334
0.06
0.055
0.05533333333333334
0.05533333333333334
0.06966666666666667
0.02566666666666667
0.062
0.059666666666666666
0.06066666666666667
0.05933333333333333
0.0023333333333333335
0.06433333333333334
0.0016666666666666668
0.06533333333333334
0.068
0.063
0.057666666666666665
0.05933333333333333
0.059666666666666666
0.06233333333333333
0.059
0.056333333333333326
0.0016666666666666668
0.06366666666666666
0.063
0.057666666666666665
0.05633333333333334
0.06
0.061
0.05533333333333334
0.05733333333333334
0.059
0.06
0.057999999999999996
0.06133333333333333
0.06566666666666666
0.06433333333333334
0.05633333333333334
0.056
0.05933333333333333
0.06466666666666666
0.05566666666666667
0.057999999999999996
0.06166666666666667
0.07200000000000001
0.06033333333333333
0.02666666666666667
0.059666666666666666
0.059666666666666666
0.06033333333333333
0.05666666666666667
0.05833333333333333
0.06233333333333333
0.06
0.05533333333333334
0.056
0.07
0.06666666666666667
0.06633333333333334
0.065
0.057
0.004333333333333334
0.05833333333333333
0.06033333333333333
0.055
0.05466666666666667
0.057333333333333326
0.05933333333333333
0.0023333333333333335
0.05533333333333334
0.059666666666666666
0.056
0.05566666666666667
0.06433333333333334
0.06333333333333334
0.05566666666666667
0.057666666666666665
0.06066666666666667
0.065
0.065
0.07
0.06433333333333334
0.059666666666666666
0.02666666666666667
0.05566666666666667
0.06466666666666666
0.06633333333333334
0.058666666666666666
0.066
0.02666666666666667
0.055333333333333325
0.06966666666666667
0.062
0.056666666666666664
0.05833333333333333
0.05933333333333333
0.057666666666666665
0.055
0.057999999999999996
0.057999999999999996
0.057
0.06266666666666666
0.05833333333333333
0.057666666666666665
0.05733333333333334
0.069
0.06366666666666666
0.05833333333333333
0.06666666666666667
0.08066666666666666
0.007333333333333333
0.06366666666666666
0.056
0.06033333333333333
0.064
0.06333333333333334
0.05566666666666667
0.06166666666666667
0.057333333333333326
0.059
0.062
0.06166666666666667
0.057333333333333326
0.057666666666666665
0.06966666666666667
0.059
0.059
0.05533333333333334
0.05433333333333334
0.06166666666666667
0.05833333333333333
0.06833333333333334
0.06133333333333333
0.06133333333333333
0.06866666666666667
0.06166666666666667
0.06133333333333333
0.05833333333333333
0.056333333333333326
0.06433333333333334
0.055
0.064
0.06633333333333334
0.06333333333333334
0.058666666666666666
0.06733333333333334
0.063
0.058666666666666666
0.06366666666666666
0.057333333333333326
0.06133333333333333
0.06566666666666666
0.06166666666666667
0.055999999999999994
0.06666666666666667
0.06766666666666667
0.067
0.06466666666666666
0.0033333333333333335
0.06833333333333334
0.05633333333333334
0.05533333333333334
0.059666666666666666
0.06
0.059
0.05433333333333334
0.05833333333333333
0.06
0.05933333333333333
0.06
0.05933333333333333
0.06233333333333333
0.064
0.059
0.059666666666666666
0.06
0.05833333333333333
0.07166666666666667
0.059666666666666666
0.059666666666666666
0.06466666666666666
0.06333333333333334
0.06166666666666667
0.06133333333333333
0.06566666666666666
0.066
0.06066666666666667
0.057999999999999996
0.06133333333333333
0.059
0.06466666666666666
0.06666666666666667
0.066
0.06366666666666666
0.06166666666666667
0.06266666666666666
0.032
0.06133333333333333
0.064
0.065
0.06133333333333333
0.06233333333333333
0.061
0.063
0.05666666666666667
0.058666666666666666
0.05533333333333334
0.056999999999999995
0.026333333333333334
0.056999999999999995
0.05633333333333334
0.05933333333333333
0.06366666666666666
0.056999999999999995
0.06566666666666666
0.07200000000000001
0.057999999999999996
0.06266666666666666
0.06566666666666666
0.05466666666666667
0.066
0.062
0.061
0.05833333333333333
0.077
0.06266666666666666
0.06766666666666667
0.069
0.05433333333333334
0.063
0.05466666666666666
0.006999999999999999
0.05633333333333334
0.057666666666666665
0.059666666666666666
0.06066666666666667
0.057666666666666665
0.06
0.057333333333333326
0.05633333333333334
0.035
0.057333333333333326
0.057666666666666665
0.06166666666666667
0.057333333333333326
0.05933333333333333
0.002
0.002
0.06066666666666667
0.056
0.006666666666666667
0.063
0.06333333333333334
0.06033333333333333
0.056
0.061
0.05533333333333334
0.05566666666666666
0.05533333333333334
0.02566666666666667
0.07133333333333333
0.068
0.068
0.06566666666666666
0.06266666666666666
0.06033333333333333
0.06
0.058666666666666666
0.059666666666666666
0.062
0.066
0.065
0.09733333333333334
0.06166666666666667
0.02666666666666667
0.056999999999999995
0.057666666666666665
0.05833333333333333
0.06466666666666666
0.06533333333333334
0.058666666666666666
0.0026666666666666666
0.06533333333333334
0.055
0.07533333333333332
0.062
0.059
0.06033333333333333
0.061
0.05833333333333333
0.05933333333333333
0.078
0.057333333333333326
0.06533333333333334
0.058666666666666666
0.062
0.06666666666666667
0.026333333333333334
0.07566666666666666
0.057666666666666665
0.06333333333333334
0.057666666666666665
0.064
0.05833333333333333
0.058666666666666666
0.059
0.06633333333333334
0.065
0.06866666666666667
0.06033333333333333
0.05533333333333334
0.06833333333333334
0.058666666666666666
0.008333333333333333
0.05466666666666667
0.06266666666666666
0.05533333333333334
0.006333333333333333
0.063
0.06
0.06733333333333334
0.006666666666666667
0.06466666666666666
0.06
0.04033333333333333
0.06233333333333333
0.059666666666666666
0.056999999999999995
0.057333333333333326
0.057666666666666665
0.056666666666666664
0.05833333333333333
0.05733333333333334
0.065
0.05533333333333334
0.065
0.056999999999999995
0.061
0.05633333333333334
0.057333333333333326
0.05833333333333333
0.055
0.061
0.058666666666666666
0.056333333333333326
0.056666666666666664
0.062
0.056666666666666664
0.056
0.05933333333333333
0.05766666666666667
0.06133333333333333
0.019000000000000003
0.05833333333333333
0.06033333333333333
0.06633333333333334
0.059
0.07066666666666667
0.057333333333333326
0.061
0.057666666666666665
0.06166666666666667
0.06733333333333334
0.06533333333333334
0.06366666666666666
0.06433333333333334
0.06133333333333333
0.056999999999999995
0.06366666666666666
0.062
0.06633333333333334
0.06133333333333333
0.06466666666666666
0.05933333333333333
0.05833333333333333
0.05933333333333333
0.06133333333333333
0.06433333333333334
0.05499999999999999
0.065
0.066
0.06066666666666667
0.06166666666666667
0.057333333333333326
0.057666666666666665
0.056333333333333326
0.06466666666666666
0.057999999999999996
0.056
0.06266666666666666
0.059
0.0026666666666666666
0.063
0.062
0.057999999999999996
0.059666666666666666
0.05833333333333333
0.06166666666666667
0.061
0.06733333333333334
0.05733333333333334
0.06533333333333334
0.066
0.06633333333333334
0.05466666666666666
0.06266666666666666
0.057333333333333326
0.06333333333333334
0.057999999999999996
0.05666666666666667
0.08966666666666667
0.06166666666666667
0.067
0.05566666666666667
0.059
0.058666666666666666
0.059666666666666666
0.055333333333333325
0.059666666666666666
0.063
0.059666666666666666
0.06666666666666667
0.06033333333333333
0.06066666666666667
0.05566666666666667
0.06
0.066
0.06833333333333334
0.06
0.06233333333333333
0.06133333333333333
0.06066666666666667
0.05833333333333333
0.05666666666666667
0.06233333333333333
0.06766666666666667
0.06166666666666667
0.064
0.05533333333333334
0.05566666666666667
0.06
0.06133333333333333
0.059666666666666666
0.062
0.06266666666666666
0.06633333333333334
0.056666666666666664
0.065
0.059666666666666666
0.0023333333333333335
0.05433333333333334
0.067
0.07100000000000001
0.065
0.06666666666666667
0.057666666666666665
0.06466666666666666
0.057999999999999996
0.057333333333333326
0.058666666666666666
0.059
0.056666666666666664
0.06833333333333334
0.05833333333333333
0.057333333333333326
0.067
0.05566666666666666
0.058666666666666666
0.0030000000000000005
0.08233333333333333
0.05533333333333334
0.009333333333333332
0.05466666666666667
0.05933333333333333
0.05266666666666667
0.07
0.056
0.07133333333333335
0.07266666666666667
0.06633333333333334
0.06333333333333334
0.06633333333333334
0.06033333333333333
0.058666666666666666
0.059666666666666666
0.06333333333333334
0.06166666666666667
0.05933333333333333
0.026333333333333334
0.06833333333333334
0.07066666666666667
0.09233333333333334
0.05933333333333333
0.067
0.061
0.05933333333333333
0.06333333333333334
0.057666666666666665
0.06433333333333334
0.027333333333333334
0.057666666666666665
0.02466666666666667
0.05466666666666667
0.056333333333333326
0.057666666666666665
0.063
0.055999999999999994
0.05533333333333334
0.06366666666666666
0.05933333333333333
0.06533333333333334
0.06266666666666666
0.05466666666666666
0.06233333333333333
0.06433333333333334
0.064
0.06
0.06033333333333333
0.06833333333333334
0.06133333333333333
0.05933333333333333
0.065
0.06266666666666666
0.0026666666666666666
0.06466666666666666
0.065
0.067
0.06733333333333334
0.06533333333333334
0.061
0.061
0.057999999999999996
0.06333333333333334
0.05933333333333333
0.062
0.06033333333333333
0.056333333333333326
0.06133333333333333
0.06066666666666667
0.06366666666666666
0.057333333333333326
0.05833333333333333
0.057666666666666665
0.057999999999999996
0.05833333333333333
0.06366666666666666
0.05366666666666667
0.064
0.057666666666666665
0.05733333333333334
0.056999999999999995
0.06066666666666667
0.06366666666666666
0.03366666666666667
0.059666666666666666
0.05666666666666667
0.05766666666666667
0.05466666666666667
0.05633333333333334
0.06133333333333333
0.06
0.06033333333333333
0.06833333333333334
0.06966666666666667
0.05566666666666667
0.05933333333333333
0.06
0.06033333333333333
0.063
0.05933333333333333
0.05833333333333333
0.057999999999999996
0.057333333333333326
0.063
0.05933333333333333
0.06033333333333333
0.05733333333333334
0.06033333333333333
0.05833333333333333
0.05933333333333333
0.06066666666666667
0.066
0.05366666666666667
0.06533333333333334
0.059666666666666666
0.06066666666666667
0.057333333333333326
0.057333333333333326
0.057999999999999996
0.059666666666666666
0.057666666666666665
0.059666666666666666
0.057333333333333326
0.056999999999999995
0.06266666666666666
0.06533333333333334
0.06466666666666666
0.06766666666666667
0.058666666666666666
0.06566666666666666
0.061
0.06666666666666667
0.06766666666666667
0.065
0.06633333333333334
0.068
0.059666666666666666
0.057333333333333326
0.06
0.065
0.063
0.06166666666666667
0.06033333333333333
0.056
0.05633333333333334
0.059666666666666666
0.05933333333333333
0.057999999999999996
0.057666666666666665
0.0013333333333333333
0.057333333333333326
0.05666666666666667
0.066
0.064
0.06666666666666667
0.06066666666666667
0.06533333333333334
0.07133333333333335
0.07033333333333333
0.057666666666666665
0.066
0.06333333333333334
0.05766666666666667
0.007333333333333333
0.025333333333333336
0.059
0.06166666666666667
0.06666666666666667
0.07833333333333332
0.066
0.06533333333333334
0.056999999999999995
0.065
0.05733333333333334
0.05633333333333334
0.056666666666666664
0.025333333333333333
0.06066666666666667
0.06266666666666666
0.057999999999999996
0.056
0.057666666666666665
0.059
0.06233333333333333
0.059
0.06
0.078
0.029666666666666664
0.06533333333333334
0.06233333333333333
0.057999999999999996
0.064
0.058666666666666666
0.056333333333333326
0.059
0.06733333333333334
0.03766666666666666
0.06766666666666667
0.09500000000000001
0.06
0.06533333333333334
0.056
0.061
0.059666666666666666
0.06133333333333333
0.05366666666666667
0.056
0.067
0.059666666666666666
0.064
0.06033333333333333
0.056
0.05833333333333333
0.069
0.057666666666666665
0.058666666666666666
0.056
0.06133333333333333
0.061
0.0023333333333333335
0.0016666666666666668
0.06033333333333333
0.06466666666666666
0.06566666666666666
0.012333333333333335
0.05733333333333334
0.014333333333333332
0.05666666666666667
0.05933333333333333
0.05566666666666666
0.05566666666666666
0.05833333333333333
0.05566666666666666
0.05933333333333333
0.05533333333333334
0.06033333333333333
0.055
0.06066666666666667
0.056333333333333326
0.055
0.05433333333333334
0.06
0.05566666666666667
0.05733333333333334
0.059
0.056666666666666664
0.063
0.06866666666666667
0.06233333333333333
0.059
0.06266666666666666
0.057333333333333326
0.06366666666666666
0.069
0.056666666666666664
0.056666666666666664
0.062
0.06066666666666667
0.06533333333333334
0.06266666666666666
0.06833333333333334
0.063
0.05666666666666667
0.057666666666666665
0.057999999999999996
0.056333333333333326
0.056999999999999995
0.059666666666666666
0.056
0.064
0.05833333333333333
0.05566666666666667
0.06266666666666666
0.057666666666666665
0.06366666666666666
0.062
0.06233333333333333
0.059666666666666666
0.06133333333333333
0.06366666666666666
0.05566666666666667
0.05833333333333333
0.05833333333333333
0.058
0.025666666666666667
0.058666666666666666
0.06233333333333333
0.057
0.057666666666666665
0.06166666666666667
0.06233333333333333
0.056666666666666664
0.06333333333333334
0.06233333333333333
0.05933333333333333
0.06166666666666667
0.066
0.057666666666666665
0.06066666666666667
0.06666666666666667
0.06133333333333333
0.07166666666666667
0.05633333333333334
0.06366666666666666
0.05466666666666667
0.06133333333333333
0.05733333333333334
0.05566666666666667
0.057999999999999996
0.06033333333333333
0.06266666666666666
0.057333333333333326
0.057666666666666665
0.062
0.06633333333333334
0.06566666666666666
0.05933333333333333
0.06733333333333334
0.07
0.06066666666666667
0.06233333333333333
0.06866666666666667
0.07100000000000001
0.06466666666666666
0.06333333333333334
0.06066666666666667
0.05566666666666666
0.056333333333333326
0.054
0.02466666666666667
0.066
0.05533333333333334
0.056666666666666664
0.05566666666666667
0.057999999999999996
0.06133333333333333
0.059666666666666666
0.057333333333333326
0.063
0.068
0.06
0.058666666666666666
0.059
0.06833333333333334
0.06933333333333334
0.06433333333333334
0.073
0.064
0.06266666666666666
0.026333333333333334
0.05833333333333333
0.055999999999999994
0.061
0.058666666666666666
0.063
0.063
0.02466666666666667
0.05666666666666667
0.057999999999999996
0.064
0.022000000000000002
0.057333333333333326
0.006000000000000001
0.025333333333333336
0.057333333333333326
0.05833333333333333
0.05466666666666667
0.05933333333333333
0.06733333333333334
0.06766666666666667
0.069
0.05933333333333333
0.062
0.05466666666666667
0.05933333333333333
0.06033333333333333
0.065
0.056
0.059666666666666666
0.05433333333333334
0.07200000000000001
0.08666666666666667
0.06033333333333333
0.06166666666666667
0.05833333333333333
0.05766666666666667
0.05666666666666667
0.05933333333333333
0.057666666666666665
0.06366666666666666
0.055
0.084
0.056999999999999995
0.06233333333333333
0.06566666666666666
0.05633333333333334
0.05533333333333334
0.05666666666666667
0.057333333333333326
0.06933333333333334
0.058666666666666666
0.061
0.026333333333333334
0.06366666666666666
0.065
0.06866666666666667
0.07066666666666667
0.07
0.06133333333333333
0.057999999999999996
0.02466666666666667
0.025666666666666667
0.006333333333333333
0.05466666666666667
0.05833333333333333
0.057333333333333326
0.062
0.05533333333333334
0.02366666666666667
0.056666666666666664
0.05833333333333333
0.05633333333333334
0.056333333333333326
0.059666666666666666
0.05833333333333333
0.056999999999999995
0.058666666666666666
0.055999999999999994
0.026
0.06466666666666666
0.0026666666666666666
0.027333333333333334
0.064
0.057333333333333326
0.065
0.061
0.05833333333333333
0.055999999999999994
0.06866666666666667
0.06533333333333334
0.06133333333333333
0.05533333333333334
0.06
0.05733333333333334
0.057666666666666665
0.057333333333333326
0.06166666666666667
0.058666666666666666
0.062
0.05766666666666667
0.06066666666666667
0.06
0.056999999999999995
0.05833333333333333
0.05566666666666667
0.05433333333333334
0.055
0.06033333333333333
0.06333333333333334
0.06133333333333333
0.07166666666666667
0.056
0.061
0.05466666666666667
0.06433333333333334
0.05933333333333333
0.062
0.05633333333333334
0.056999999999999995
0.06533333333333334
0.057999999999999996
0.056999999999999995
0.055
0.057999999999999996
0.057999999999999996
0.05566666666666667
0.058666666666666666
0.024666666666666667
0.10200000000000002
0.05833333333333333
0.05466666666666667
0.06066666666666667
0.058666666666666666
0.06
0.05833333333333333
0.07033333333333334
0.06566666666666666
0.061
0.055
0.062
0.05466666666666667
0.058666666666666666
0.05933333333333333
0.055
0.06366666666666666
0.059
0.057333333333333326
0.055
0.06333333333333334
0.06066666666666667
0.057333333333333326
0.05533333333333334
0.05733333333333334
0.057333333333333326
0.062
0.071
0.059
0.057999999999999996
0.06866666666666667
0.06966666666666667
0.07133333333333333
0.062
0.07
0.05366666666666667
0.056
0.057333333333333326
0.056999999999999995
0.05933333333333333
0.056666666666666664
0.05666666666666667
0.06133333333333333
0.061
0.059
0.062
0.06066666666666667
0.06133333333333333
0.06566666666666666
0.072
0.06133333333333333
0.07333333333333333
0.06433333333333334
0.058666666666666666
0.05933333333333333
0.09333333333333334
0.05933333333333333
0.05833333333333333
0.05933333333333333
0.05933333333333333
0.057
0.06166666666666667
0.06066666666666667
0.056666666666666664
0.059666666666666666
0.05566666666666667
0.062
0.056
0.056666666666666664
0.002
0.05633333333333334
0.05633333333333334
0.062
0.061
0.058666666666666666
0.058666666666666666
0.06433333333333334
0.07033333333333334
0.057
0.05833333333333333
0.06266666666666666
0.06066666666666667
0.06333333333333334
0.06566666666666666
0.06766666666666667
0.06433333333333334
0.06833333333333334
0.055
0.005
0.055999999999999994
0.06133333333333333
0.06066666666666667
0.06233333333333333
0.06166666666666667
0.058666666666666666
0.057999999999999996
0.06266666666666666
0.06033333333333333
0.057999999999999996
0.057666666666666665
0.06166666666666667
0.06033333333333333
0.057
0.05833333333333333
0.05833333333333333
0.05833333333333333
0.062
0.058666666666666666
0.06833333333333334
0.062
0.06366666666666666
0.069
0.057333333333333326
0.057999999999999996
0.05933333333333333
0.06033333333333333
0.061
0.02466666666666667
0.059
0.062
0.06333333333333334
0.06933333333333334
0.059
0.06466666666666666
0.025000000000000005
0.056999999999999995
0.059
0.06266666666666666
0.056999999999999995
0.063
0.058666666666666666
0.057333333333333326
0.059666666666666666
0.059666666666666666
0.055
0.055
0.056
0.05933333333333333
0.025666666666666667
0.05533333333333334
0.05633333333333334
0.06633333333333334
0.06066666666666667
0.05433333333333334
0.06133333333333333
0.057
0.06
0.06233333333333333
0.059
0.06166666666666667
0.061
0.061
0.06066666666666667
0.06433333333333334
0.06433333333333334
0.057999999999999996
0.057666666666666665
0.05566666666666667
0.05766666666666667
0.056999999999999995
0.062
0.06
0.056333333333333326
0.059
0.062
0.057666666666666665
0.06233333333333333
0.061
0.06933333333333334
0.057999999999999996
0.05833333333333333
0.06
0.058666666666666666
0.05433333333333334
0.08266666666666667
0.05566666666666666
0.002
0.064
0.058666666666666666
0.059
0.057999999999999996
0.057333333333333326
0.062
0.06133333333333333
0.059
0.06333333333333334
0.05833333333333333
0.066
0.058666666666666666
0.06866666666666667
0.057333333333333326
0.063
0.06066666666666667
0.064
0.008
0.007666666666666666
0.05566666666666666
0.06266666666666666
0.06333333333333334
0.05833333333333333
0.05533333333333334
0.06
0.057999999999999996
0.06466666666666666
0.06233333333333333
0.058666666666666666
0.057333333333333326
0.06266666666666666
0.059666666666666666
0.057333333333333326
0.06066666666666667
0.065
0.057666666666666665
0.06533333333333334
0.057
0.057333333333333326
0.063
0.066
0.06666666666666667
0.056
0.05466666666666667
0.05533333333333334
0.06166666666666667
0.07266666666666667
0.05933333333333333
0.05833333333333333
0.05933333333333333
0.06033333333333333
0.06233333333333333
0.06166666666666667
0.058666666666666666
0.06233333333333333
0.06066666666666667
0.06333333333333334
0.027333333333333334
0.063
0.065
0.059
0.061
0.06233333333333333
0.063
0.05766666666666667
0.057333333333333326
0.071
0.05533333333333334
0.05666666666666667
0.057333333333333326
0.06566666666666666
0.057666666666666665
0.06366666666666666
0.06466666666666666
0.05533333333333334
0.058666666666666666
0.057333333333333326
0.06
0.05933333333333333
0.057999999999999996
0.07133333333333335
0.06266666666666666
0.061
0.057999999999999996
0.057666666666666665
0.06533333333333334
0.058
0.058666666666666666
0.059
0.05633333333333334
0.057999999999999996
0.059
0.05933333333333333
0.05533333333333334
0.057999999999999996
0.05633333333333334
0.055
0.05766666666666667
0.05533333333333334
0.059666666666666666
0.061
0.06066666666666667
0.056999999999999995
0.05633333333333334
0.05433333333333334
0.06466666666666666
0.059
0.05566666666666667
0.08366666666666667
0.06166666666666667
0.056999999999999995
0.058666666666666666
0.06133333333333333
0.057999999999999996
0.02666666666666667
0.057666666666666665
0.057666666666666665
0.056666666666666664
0.062
0.06
0.024333333333333335
0.057666666666666665
0.056999999999999995
0.06
0.062
0.06733333333333334
0.06766666666666667
0.056
0.08133333333333333
0.06133333333333333
0.056
0.002
0.06833333333333334
0.06633333333333334
0.007
0.061
0.055999999999999994
0.05833333333333333
0.057333333333333326
0.063
0.059666666666666666
0.06233333333333333
0.057
0.057999999999999996
0.007666666666666666
0.05666666666666667
0.06
0.055
0.06133333333333333
0.066
0.05733333333333334
0.066
0.05533333333333334
0.062
0.057333333333333326
0.06033333333333333
0.025666666666666667
0.06266666666666666
0.06566666666666666
0.06133333333333333
0.063
0.058666666666666666
0.06266666666666666
0.06
0.06233333333333333
0.057666666666666665
0.05733333333333334
0.05466666666666667
0.06866666666666667
0.057666666666666665
0.061
0.0023333333333333335
0.06533333333333334
0.059
0.05933333333333333
0.058666666666666666
0.0023333333333333335
0.06266666666666666
0.068
0.06666666666666667
0.067
0.06766666666666667
0.069
0.06466666666666666
0.06666666666666667
0.06333333333333334
0.07366666666666667
0.06166666666666667
0.057666666666666665
0.06133333333333333
0.064
0.061
0.058666666666666666
0.059666666666666666
0.05833333333333333
0.056333333333333326
0.05833333333333333
0.062
0.057333333333333326
0.058666666666666666
0.058666666666666666
0.056333333333333326
0.06433333333333334
0.007
0.061
0.06066666666666667
0.06033333333333333
0.06833333333333334
0.06266666666666666
0.057999999999999996
0.07133333333333333
0.062
0.066
0.06633333333333334
0.09100000000000001
0.06266666666666666
0.05833333333333333
0.061
0.06333333333333334
0.06233333333333333
0.06033333333333333
0.057333333333333326
0.05733333333333334
0.065
0.064
0.06366666666666666
0.05633333333333334
0.057
0.056999999999999995
0.073
0.05833333333333333
0.05933333333333333
0.063
0.05733333333333334
0.05633333333333334
0.06466666666666666
0.057666666666666665
0.063
0.057666666666666665
0.065
0.06033333333333333
0.059666666666666666
0.06033333333333333
0.0023333333333333335
0.059666666666666666
0.07
0.067
0.026
0.06533333333333334
0.06066666666666667
0.05733333333333334
0.059666666666666666
0.06533333333333334
0.05933333333333333
0.06366666666666666
0.063
0.058666666666666666
0.005666666666666667
0.05833333333333333
0.062
0.056333333333333326
0.06233333333333333
0.058666666666666666
0.05833333333333333
0.057333333333333326
0.05933333333333333
0.06166666666666667
0.06166666666666667
0.057
0.05633333333333334
0.06133333333333333
0.066
0.063
0.06733333333333334
0.06133333333333333
0.057333333333333326
0.057333333333333326
0.056999999999999995
0.06466666666666666
0.066
0.05533333333333334
0.057999999999999996
0.059666666666666666
0.058666666666666666
0.05833333333333333
0.059666666666666666
0.059666666666666666
0.05833333333333333
0.05366666666666667
0.05533333333333334
0.059
0.064
0.05933333333333333
0.06
0.054
0.059666666666666666
0.05766666666666667
0.06166666666666667
0.061
0.06033333333333333
0.05566666666666667
0.055
0.057
0.05933333333333333
0.06466666666666666
0.071
0.056333333333333326
0.06066666666666667
0.064
0.058666666666666666
0.06333333333333334
0.06033333333333333
0.05633333333333334
0.057333333333333326
0.06066666666666667
0.058666666666666666
0.06166666666666667
0.063
0.06133333333333333
0.062
0.05933333333333333
0.05833333333333333
0.07666666666666666
0.025333333333333333
0.063
0.06366666666666666
0.05833333333333333
0.056999999999999995
0.05566666666666667
0.057333333333333326
0.05566666666666666
0.05633333333333334
0.057333333333333326
0.06133333333333333
0.064
0.059666666666666666
0.06
0.065
0.05933333333333333
0.057333333333333326
0.056999999999999995
0.056333333333333326
0.05833333333333333
0.058666666666666666
0.059
0.056666666666666664
0.05933333333333333
0.006666666666666667
0.007666666666666666
0.059666666666666666
0.055999999999999994
0.055
0.06033333333333333
0.058666666666666666
0.06133333333333333
0.06066666666666667
0.07066666666666667
0.07233333333333333
0.05566666666666666
0.026
0.06533333333333334
0.06066666666666667
0.058666666666666666
0.006666666666666667
0.065
0.05733333333333334
0.057
0.065
0.06166666666666667
0.05933333333333333
0.057666666666666665
0.057333333333333326
0.062
0.06466666666666666
0.059
0.057666666666666665
0.057999999999999996
0.056
0.06766666666666667
0.059666666666666666
0.061
0.063
0.056
0.057999999999999996
0.059666666666666666
0.05633333333333334
0.06066666666666667
0.06133333333333333
0.066
0.07166666666666666
0.06366666666666666
0.06433333333333334
0.07666666666666666
0.063
0.06433333333333334
0.06
0.06133333333333333
0.07033333333333334
0.059
0.064
0.02466666666666667
0.06333333333333334
0.06566666666666666
0.027
0.06466666666666666
0.05933333333333333
0.06466666666666666
0.057333333333333326
0.055
0.05833333333333333
0.059666666666666666
0.05433333333333334
0.06666666666666667
0.06433333333333334
0.059666666666666666
0.06366666666666666
0.05633333333333334
0.06066666666666667
0.062
0.061
0.058666666666666666
0.056999999999999995
0.05933333333333333
0.05733333333333334
0.057333333333333326
0.06033333333333333
0.06766666666666667
0.06233333333333333
0.06066666666666667
0.06133333333333333
0.059666666666666666
0.0023333333333333335
0.06933333333333334
0.07100000000000001
0.06366666666666666
0.062
0.06033333333333333
0.06833333333333334
0.06
0.05666666666666667
0.08566666666666667
0.05533333333333334
0.059
0.05666666666666667
0.065
0.08966666666666667
0.06533333333333334
0.062
0.058666666666666666
0.008
0.05933333333333333
0.059666666666666666
0.063
0.024999999999999998
0.073
0.06
0.06066666666666667
0.057999999999999996
0.057999999999999996
0.056
0.06633333333333334
0.057666666666666665
0.055
0.06033333333333333
0.05933333333333333
0.05933333333333333
0.057
0.055
0.06066666666666667
0.06533333333333334
0.06133333333333333
0.06733333333333334
0.05566666666666667
0.057999999999999996
0.05933333333333333
0.057666666666666665
0.059
0.02466666666666667
0.06233333333333333
0.059
0.026
0.06933333333333334
0.07033333333333334
0.06266666666666666
0.059666666666666666
0.065
0.05666666666666667
0.056666666666666664
0.06833333333333334
0.06
0.057333333333333326
0.062
0.056999999999999995
0.057999999999999996
0.057
0.05933333333333333
0.057999999999999996
0.06
0.067
0.06966666666666667
0.063
0.004333333333333334
0.05666666666666667
0.07633333333333332
0.06066666666666667
0.06333333333333334
0.059666666666666666
0.05666666666666667
0.06766666666666667
0.007666666666666666
0.068
0.07166666666666667
0.06333333333333334
0.056666666666666664
0.059
0.06066666666666667
0.05533333333333334
0.05833333333333333
0.066
0.05633333333333334
0.06266666666666666
0.06233333333333333
0.064
0.062
0.05566666666666667
0.065
0.06766666666666667
0.06999999999999999
0.06266666666666666
0.002
0.056666666666666664
0.05933333333333333
0.057666666666666665
0.058666666666666666
0.05566666666666667
0.05666666666666667
0.05566666666666667
0.05766666666666667
0.06266666666666666
0.05666666666666667
0.05933333333333333
0.057333333333333326
0.055
0.05833333333333333
0.061
0.058666666666666666
0.06033333333333333
0.056999999999999995
0.06066666666666667
0.057333333333333326
0.057999999999999996
0.057999999999999996
0.06066666666666667
0.056
0.056999999999999995
0.06633333333333334
0.05833333333333333
0.05833333333333333
0.059666666666666666
0.06133333333333333
0.062
0.059666666666666666
0.058666666666666666
0.06033333333333333
0.061
0.058666666666666666
0.06566666666666666
0.062
0.06166666666666667
0.06066666666666667
0.056666666666666664
0.065
0.06266666666666666
0.058666666666666666
0.06
0.06066666666666667
0.056999999999999995
0.06533333333333334
0.05933333333333333
0.06
0.05833333333333333
0.05933333333333333
0.06033333333333333
0.058666666666666666
0.057999999999999996
0.06066666666666667
0.06466666666666666
0.06833333333333334
0.057333333333333326
0.057666666666666665
0.068
0.059
0.06033333333333333
0.056333333333333326
0.059666666666666666
0.05666666666666667
0.06033333333333333
0.068
0.058666666666666666
0.06033333333333333
0.057333333333333326
0.059666666666666666
0.057999999999999996
0.06366666666666666
0.057666666666666665
0.06233333333333333
0.05933333333333333
0.06
0.06066666666666667
0.06
0.002
0.06033333333333333
0.06466666666666666
0.06466666666666666
0.07133333333333332
0.05566666666666667
0.057999999999999996
0.05533333333333334
0.05566666666666667
0.06866666666666667
0.056999999999999995
0.057666666666666665
0.05666666666666667
0.06666666666666667
0.059666666666666666
0.059666666666666666
0.062
0.05533333333333334
0.026333333333333334
0.06133333333333333
0.05633333333333334
0.05633333333333334
0.057333333333333326
0.06666666666666667
0.058666666666666666
0.006333333333333334
0.062
0.066
0.02666666666666667
0.06133333333333333
0.06
0.06533333333333334
0.064
0.07100000000000001
0.059666666666666666
0.06333333333333334
0.06066666666666667
0.056666666666666664
0.06166666666666667
0.06
0.05466666666666667
0.06266666666666666
0.06033333333333333
0.067
0.068
0.057999999999999996
0.05433333333333334
0.07233333333333335
0.057999999999999996
0.06433333333333334
0.067
0.057666666666666665
0.056
0.057333333333333326
0.061
0.038
0.055999999999999994
0.056666666666666664
0.059
0.06066666666666667
0.05933333333333333
0.05633333333333334
0.057999999999999996
0.057999999999999996
0.06566666666666666
0.067
0.057999999999999996
0.06333333333333334
0.06933333333333333
0.06833333333333334
0.065
0.057666666666666665
0.059
0.07100000000000001
0.059666666666666666
0.07100000000000001
0.057333333333333326
0.05633333333333334
0.06033333333333333
0.061
0.06333333333333334
0.06833333333333334
0.07400000000000001
0.065
0.06333333333333334
0.06366666666666666
0.06366666666666666
0.06266666666666666
0.058666666666666666
0.057333333333333326
0.06166666666666667
0.05833333333333333
0.064
0.06
0.057999999999999996
0.056999999999999995
0.06033333333333333
0.061
0.06433333333333334
0.068
0.057999999999999996
0.059
0.06733333333333334
0.025000000000000005
0.06633333333333334
0.062
0.057333333333333326
0.06566666666666666
0.065
0.058666666666666666
0.06233333333333333
0.058666666666666666
0.057666666666666665
0.06066666666666667
0.06266666666666666
0.06133333333333333
0.0023333333333333335
0.06166666666666667
0.06266666666666666
0.068
0.064
0.06533333333333334
0.06433333333333334
0.06466666666666666
0.059666666666666666
0.057
0.056999999999999995
0.06033333333333333
0.06133333333333333
0.05833333333333333
0.056
0.024333333333333335
0.059666666666666666
0.05933333333333333
0.056666666666666664
0.041666666666666664
0.057666666666666665
0.056666666666666664
0.056
0.06933333333333334
0.06166666666666667
0.05933333333333333
0.065
0.05933333333333333
0.05566666666666667
0.05433333333333334
0.06
0.06266666666666666
0.059
0.06366666666666666
0.056
0.069
0.05499999999999999
0.06966666666666667
0.05933333333333333
0.06366666666666666
0.057666666666666665
0.0013333333333333333
0.001
0.06766666666666667
0.07333333333333335
0.067
0.06433333333333334
0.058666666666666666
0.06066666666666667
0.06533333333333334
0.05533333333333334
0.062
0.06
0.056999999999999995
0.026
0.05933333333333333
0.05833333333333333
0.09066666666666667
0.026333333333333334
0.06166666666666667
0.066
0.064
0.06133333333333333
0.06233333333333333
0.059666666666666666
0.06533333333333334
0.06133333333333333
0.061
0.05633333333333334
0.056999999999999995
0.05533333333333334
0.06333333333333334
0.06466666666666666
0.06466666666666666
0.06733333333333334
0.05333333333333334
0.066
0.05733333333333334
0.05933333333333333
0.024333333333333335
0.05566666666666667
0.05633333333333334
0.057666666666666665
0.058666666666666666
0.057
0.05933333333333333
0.05933333333333333
0.064
0.06233333333333333
0.058666666666666666
0.06066666666666667
0.06
0.058666666666666666
0.05433333333333334
0.056
0.062
0.059666666666666666
0.006333333333333333
0.059666666666666666
0.05933333333333333
0.05933333333333333
0.057999999999999996
0.05833333333333333
0.006666666666666667
0.06133333333333333
0.06166666666666667
0.056999999999999995
0.0013333333333333333
0.06333333333333334
0.061
0.08600000000000001
0.059666666666666666
0.057666666666666665
0.05933333333333333
0.007666666666666666
0.05633333333333334
0.007333333333333333
0.05533333333333334
0.07
0.057999999999999996
0.061
0.059666666666666666
0.056
0.05833333333333333
0.06
0.057999999999999996
0.05766666666666667
0.06466666666666666
0.06966666666666667
0.059
0.06333333333333334
0.064
0.06166666666666667
0.06366666666666666
0.06666666666666667
0.06333333333333334
0.06566666666666666
0.06466666666666666
0.05733333333333334
0.06
0.06066666666666667
0.05633333333333334
0.06066666666666667
0.06433333333333334
0.06266666666666666
0.06266666666666666
0.05833333333333333
0.062
0.06533333333333334
0.06533333333333334
0.061
0.063
0.063
0.056666666666666664
0.05933333333333333
0.06133333333333333
0.05766666666666667
0.061
0.056666666666666664
0.0036666666666666666
0.06166666666666667
0.056999999999999995
0.05633333333333334
0.006999999999999999
0.05933333333333333
0.038
0.057333333333333326
0.056999999999999995
0.058666666666666666
0.06366666666666666
0.06366666666666666
0.05633333333333334
0.067
0.06033333333333333
0.059
0.057666666666666665
0.06133333333333333
0.05266666666666667
0.05466666666666667
0.06366666666666666
0.057666666666666665
0.06233333333333333
0.066
0.059666666666666666
0.05933333333333333
0.057666666666666665
0.05833333333333333
0.06333333333333334
0.056333333333333326
0.05633333333333334
0.063
0.0033333333333333335
0.059666666666666666
0.059666666666666666
0.06266666666666666
0.06333333333333334
0.06633333333333334
0.06166666666666667
0.06166666666666667
0.05833333333333333
0.06266666666666666
0.026333333333333334
0.06866666666666667
0.056333333333333326
0.06166666666666667
0.05433333333333334
0.062
0.06166666666666667
0.05833333333333333
0.063
0.06033333333333333
0.057666666666666665
0.05833333333333333
0.059
0.08700000000000001
0.06266666666666666
0.06033333333333333
0.06866666666666667
0.06233333333333333
0.06233333333333333
0.05933333333333333
0.059
0.059666666666666666
0.065
0.06166666666666667
0.06233333333333333
0.06433333333333334
0.066
0.06433333333333334
0.062
0.057666666666666665
0.07033333333333334
0.02366666666666667
0.061
0.05533333333333334
0.06066666666666667
0.057999999999999996
0.05666666666666667
0.066
0.056999999999999995
0.062
0.06633333333333334
0.06566666666666666
0.06366666666666666
0.055
0.06
0.06233333333333333
0.066
0.066
0.064
0.057333333333333326
0.09600000000000002
0.06766666666666667
0.056666666666666664
0.06166666666666667
0.056999999999999995
0.06266666666666666
0.0023333333333333335
0.058666666666666666
0.06133333333333333
0.05833333333333333
0.002
0.066
0.061
0.05733333333333334
0.061
0.06233333333333333
0.05766666666666667
0.06566666666666666
0.06166666666666667
0.006999999999999999
0.061
0.06866666666666667
0.004666666666666667
0.057333333333333326
0.059
0.06433333333333334
0.059
0.061
0.065
0.057999999999999996
0.05833333333333333
0.06766666666666667
0.058666666666666666
0.058666666666666666
0.057999999999999996
0.06
0.06033333333333333
0.057999999999999996
0.07
0.05833333333333333
0.06933333333333334
0.06033333333333333
0.05733333333333334
0.06266666666666666
0.061
0.05833333333333333
0.059666666666666666
0.057999999999999996
0.061
0.06
0.057
0.05833333333333333
0.056999999999999995
0.06733333333333334
0.077
0.05833333333333333
0.05933333333333333
0.05833333333333333
0.06
0.05833333333333333
0.007333333333333333
0.06133333333333333
0.05633333333333334
0.056999999999999995
0.06533333333333334
0.06566666666666666
0.064
0.06666666666666667
0.06966666666666667
0.07200000000000001
0.079
0.07433333333333332
0.06666666666666667
0.06933333333333334
0.029333333333333333
0.06966666666666667
0.07666666666666666
0.006666666666666667
0.0016666666666666668
0.06233333333333333
0.07866666666666666
0.07433333333333332
0.07466666666666667
0.061
0.056666666666666664
0.057333333333333326
0.0016666666666666668
0.06233333333333333
0.057999999999999996
0.06066666666666667
0.05666666666666667
0.058666666666666666
0.06066666666666667
0.05666666666666667
0.062
0.06266666666666666
0.06966666666666667
0.07133333333333332
0.077
0.06066666666666667
0.057999999999999996
0.06466666666666666
0.059666666666666666
0.056999999999999995
0.062
0.05833333333333333
0.06033333333333333
0.059
0.06233333333333333
0.06166666666666667
0.067
0.066
0.06733333333333334
0.06133333333333333
0.06066666666666667
0.058666666666666666
0.057333333333333326
0.05666666666666667
0.06366666666666666
0.056999999999999995
0.06066666666666667
0.06733333333333334
0.056999999999999995
0.05933333333333333
0.05666666666666667
0.06033333333333333
0.06033333333333333
0.0026666666666666666
0.06566666666666666
0.054
0.057333333333333326
0.06533333333333334
0.057333333333333326
0.059666666666666666
0.062
0.05933333333333333
0.06133333333333333
0.06066666666666667
0.06066666666666667
0.05466666666666667
0.058666666666666666
0.06133333333333333
0.057333333333333326
0.056
0.059
0.057
0.057333333333333326
0.063
0.069
0.09066666666666667
0.062
0.063
0.06133333333333333
0.05533333333333334
0.059666666666666666
0.05833333333333333
0.059
0.06366666666666666
0.061
0.07466666666666666
0.07233333333333335
0.068
0.06133333333333333
0.06
0.057333333333333326
0.06033333333333333
0.058666666666666666
0.05466666666666667
0.059
0.05533333333333334
0.06033333333333333
0.05733333333333334
0.06433333333333334
0.06266666666666666
0.024999999999999998
0.069
0.06633333333333334
0.05833333333333333
0.024333333333333335
0.05933333333333333
0.057999999999999996
0.06
0.06433333333333334
0.06166666666666667
0.06733333333333334
0.058666666666666666
0.06033333333333333
0.056
0.002
0.057999999999999996
0.06066666666666667
0.06366666666666666
0.05666666666666667
0.065
0.057666666666666665
0.06033333333333333
0.055
0.059666666666666666
0.068
0.06466666666666666
0.065
0.061
0.056333333333333326
0.07
0.06766666666666667
0.05933333333333333
0.06766666666666667
0.06466666666666666
0.06
0.06166666666666667
0.07033333333333334
0.02466666666666667
0.06433333333333334
0.0016666666666666668
0.059
0.06366666666666666
0.064
0.06033333333333333
0.06433333333333334
0.06366666666666666
0.06333333333333334
0.05833333333333333
0.059666666666666666
0.059666666666666666
0.063
0.06866666666666667
0.06233333333333333
0.006333333333333334
0.06066666666666667
0.058666666666666666
0.057999999999999996
0.05733333333333334
0.05933333333333333
0.061
0.066
0.05833333333333333
0.05633333333333334
0.06166666666666667
0.07966666666666666
0.057999999999999996
0.06133333333333333
0.059
0.05833333333333333
0.056666666666666664
0.06266666666666666
0.059666666666666666
0.07100000000000001
0.06066666666666667
0.07266666666666666
0.06366666666666666
0.06766666666666667
0.06066666666666667
0.059
0.059
0.056666666666666664
0.059
0.061
0.06666666666666667
0.06966666666666667
0.06266666666666666
0.062
0.06166666666666667
0.057666666666666665
0.058666666666666666
0.06633333333333334
0.069
0.06233333333333333
0.059666666666666666
0.059
0.06066666666666667
0.059666666666666666
0.07366666666666667
0.05833333333333333
0.057666666666666665
0.05933333333333333
0.06033333333333333
0.05566666666666667
0.06033333333333333
0.06466666666666666
0.056999999999999995
0.05566666666666667
0.05833333333333333
0.062
0.061
0.06066666666666667
0.056333333333333326
0.06133333333333333
0.06066666666666667
0.05733333333333334
0.057999999999999996
0.06133333333333333
0.06666666666666667
0.06166666666666667
0.06333333333333334
0.07033333333333334
0.061
0.061
0.06233333333333333
0.06033333333333333
0.06033333333333333
0.06133333333333333
0.05566666666666667
0.06066666666666667
0.073
0.059666666666666666
0.057666666666666665
0.062
0.02366666666666667
0.05933333333333333
0.057333333333333326
0.06833333333333334
0.057333333333333326
0.066
0.06433333333333334
0.05566666666666667
0.09733333333333334
0.025333333333333336
0.09766666666666668
0.05433333333333334
0.06233333333333333
0.059666666666666666
0.058666666666666666
0.061
0.06266666666666666
0.06466666666666666
0.057999999999999996
0.055
0.058666666666666666
0.061
0.056999999999999995
0.057999999999999996
0.06133333333333333
0.002
0.057666666666666665
0.059
0.054
0.059
0.055
0.05933333333333333
0.06933333333333334
0.069
0.06833333333333334
0.06966666666666667
0.064
0.06466666666666666
0.062
0.059666666666666666
0.05566666666666667
0.06033333333333333
0.06066666666666667
0.007333333333333333
0.06033333333333333
0.06033333333333333
0.057666666666666665
0.062
0.06766666666666667
0.06833333333333334
0.064
0.06266666666666666
0.06266666666666666
0.057333333333333326
0.07200000000000001
0.062
0.06
0.062
0.06066666666666667
0.062
0.06
0.059666666666666666
0.06333333333333334
0.057333333333333326
0.065
0.06
0.06733333333333334
0.06133333333333333
0.059
0.06033333333333333
0.05666666666666667
0.066
0.056666666666666664
0.06466666666666666
0.05833333333333333
0.059666666666666666
0.06066666666666667
0.06033333333333333
0.066
0.06033333333333333
0.06133333333333333
0.06433333333333334
0.06
0.06233333333333333
0.06666666666666667
0.064
0.06633333333333334
0.065
0.06166666666666667
0.06166666666666667
0.06133333333333333
0.06333333333333334
0.059
0.057333333333333326
0.06033333333333333
0.09066666666666667
0.064
0.06066666666666667
0.057666666666666665
0.059666666666666666
0.058666666666666666
0.05833333333333333
0.07033333333333334
0.06266666666666666
0.06233333333333333
0.06433333333333334
0.025333333333333336
0.04133333333333333
0.056666666666666664
0.058666666666666666
0.058666666666666666
0.05933333333333333
0.063
0.10533333333333333
0.06166666666666667
0.09300000000000001
0.056
0.06266666666666666
0.05833333333333333
0.058666666666666666
0.05633333333333334
0.06133333333333333
0.06133333333333333
0.014666666666666666
0.06233333333333333
0.061
0.064
0.06033333333333333
0.064
0.06
0.06433333333333334
0.06433333333333334
0.07466666666666667
0.062
0.069
0.06
0.06133333333333333
0.06266666666666666
0.05633333333333334
0.06
0.057999999999999996
0.057333333333333326
0.057666666666666665
0.056
0.058666666666666666
0.05933333333333333
0.06733333333333334
0.059666666666666666
0.054
0.057666666666666665
0.06133333333333333
0.05833333333333333
0.062
0.057666666666666665
0.057666666666666665
0.05666666666666667
0.07133333333333335
0.058666666666666666
0.056999999999999995
0.05766666666666667
0.05666666666666667
0.06833333333333334
0.06566666666666666
0.06
0.059666666666666666
0.05833333333333333
0.06066666666666667
0.06633333333333334
0.06366666666666666
0.006333333333333334
0.063
0.0026666666666666666
0.06533333333333334
0.069
0.067
0.059
0.06033333333333333
0.06
0.064
0.06433333333333334
0.06133333333333333
0.061
0.06466666666666666
0.057333333333333326
0.059
0.061
0.06866666666666667
0.06366666666666666
0.06166666666666667
0.05566666666666667
0.05933333333333333
0.06033333333333333
0.065
0.06
0.063
0.05666666666666667
0.058666666666666666
0.06066666666666667
0.05833333333333333
0.057999999999999996
0.06533333333333334
0.061
0.058666666666666666
0.07066666666666667
0.06133333333333333
0.059
0.06066666666666667
0.062
0.059666666666666666
0.05533333333333334
0.059666666666666666
0.058
0.06233333333333333
0.06666666666666667
0.06666666666666667
0.056999999999999995
0.06266666666666666
0.068
0.057999999999999996
0.06
0.058666666666666666
0.062
0.06366666666666666
0.002
0.02466666666666667
0.05533333333333334
0.07066666666666667
0.06033333333333333
0.066
0.064
0.05533333333333334
0.06533333333333334
0.06
0.05933333333333333
0.066
0.066
0.074
0.06433333333333334
0.057666666666666665
0.059
0.058666666666666666
0.05933333333333333
0.065
0.062
0.06366666666666666
0.06266666666666666
0.06066666666666667
0.06466666666666666
0.05766666666666667
0.05666666666666667
0.06366666666666666
0.063
0.05666666666666667
0.065
0.066
0.056666666666666664
0.063
0.05666666666666667
0.055
0.061
0.06
0.059
0.05933333333333333
0.061
0.056999999999999995
0.06066666666666667
0.061
0.066
0.058666666666666666
0.061
0.06766666666666667
0.06266666666666666
0.06133333333333333
0.059666666666666666
0.06
0.065
0.05533333333333334
0.063
0.059666666666666666
0.068
0.064
0.065
0.058666666666666666
0.06333333333333334
0.057666666666666665
0.05933333333333333
0.057333333333333326
0.05366666666666667
0.05933333333333333
0.064
0.06133333333333333
0.06066666666666667
0.061
0.061
0.06433333333333334
0.062
0.057999999999999996
0.06166666666666667
0.059666666666666666
0.06
0.007
0.09300000000000001
0.066
0.07100000000000001
0.058666666666666666
0.05566666666666667
0.063
0.06533333333333334
0.057999999999999996
0.061
0.06333333333333334
0.06466666666666666
0.057666666666666665
0.059666666666666666
0.057999999999999996
0.06033333333333333
0.05933333333333333
0.06666666666666667
0.05833333333333333
0.006999999999999999
0.06733333333333334
0.062
0.06166666666666667
0.068
0.07
0.057666666666666665
0.056333333333333326
0.056999999999999995
0.06233333333333333
0.062
0.057999999999999996
0.059666666666666666
0.006999999999999999
0.06233333333333333
0.058666666666666666
0.05533333333333334
0.06333333333333334
0.05633333333333334
0.06033333333333333
0.024333333333333335
0.05566666666666667
0.057
0.057999999999999996
0.056999999999999995
0.061
0.06366666666666666
0.059
0.067
0.059666666666666666
0.062
0.06233333333333333
0.05766666666666667
0.06533333333333334
0.065
0.059666666666666666
0.057333333333333326
0.064
0.05833333333333333
0.05733333333333334
0.059
0.057999999999999996
0.06333333333333334
0.056
0.058666666666666666
0.061
0.06066666666666667
0.06466666666666666
0.06066666666666667
0.057666666666666665
0.06033333333333333
0.05666666666666667
0.06266666666666666
0.057666666666666665
0.057666666666666665
0.06233333333333333
0.06066666666666667
0.06266666666666666
0.06133333333333333
0.05566666666666666
0.07366666666666666
0.061
0.06133333333333333
0.06
0.059666666666666666
0.025333333333333333
0.05933333333333333
0.06466666666666666
0.057
0.05933333333333333
0.059
0.05833333333333333
0.069
0.061
0.059666666666666666
0.06366666666666666
0.05533333333333334
0.06033333333333333
0.06266666666666666
0.05833333333333333
0.056333333333333326
0.06233333333333333
0.06533333333333334
0.05666666666666667
0.07233333333333332
0.06366666666666666
0.062
0.057333333333333326
0.059
0.064
0.07066666666666667
0.058666666666666666
0.07166666666666667
0.059
0.06366666666666666
0.06633333333333334
0.06166666666666667
0.06733333333333334
0.061
0.06333333333333334
0.06466666666666666
0.006000000000000001
0.057999999999999996
0.062
0.06433333333333334
0.06066666666666667
0.06
0.058666666666666666
0.06033333333333333
0.059666666666666666
0.05833333333333333
0.074
0.06033333333333333
0.063
0.058666666666666666
0.05833333333333333
0.06
0.06033333333333333
0.06366666666666666
0.05833333333333333
0.08733333333333333
0.056
0.06766666666666667
0.056666666666666664
0.05666666666666667
0.0036666666666666666
0.05833333333333333
0.06133333333333333
0.06433333333333334
0.006666666666666667
0.061
0.06333333333333334
0.06
0.057333333333333326
0.07200000000000001
0.06533333333333334
0.05933333333333333
0.063
0.06233333333333333
0.059666666666666666
0.06133333333333333
0.058666666666666666
0.059666666666666666
0.05933333333333333
0.058666666666666666
0.059
0.063
0.06
0.05733333333333334
0.059
0.06233333333333333
0.05933333333333333
0.062
0.05833333333333333
0.06933333333333334
0.057333333333333326
0.025333333333333333
0.06233333333333333
0.06333333333333334
0.06366666666666666
0.066
0.02466666666666667
0.06466666666666666
0.062
0.06133333333333333
0.06033333333333333
0.06233333333333333
0.056999999999999995
0.06633333333333334
0.059666666666666666
0.06
0.061
0.057999999999999996
0.059666666666666666
0.06366666666666666
0.057999999999999996
0.06233333333333333
0.057666666666666665
0.061
0.062
0.063
0.073
0.07033333333333333
0.06666666666666667
0.06466666666666666
0.063
0.06266666666666666
0.058666666666666666
0.057666666666666665
0.006666666666666667
0.06166666666666667
0.05633333333333334
0.06
0.063
0.006999999999999999
0.067
0.06366666666666666
0.06
0.06466666666666666
0.06266666666666666
0.059666666666666666
0.027666666666666662
0.057
0.056
0.06033333333333333
0.06233333333333333
0.06466666666666666
0.062
0.061
0.06066666666666667
0.05566666666666667
0.09666666666666668
0.057999999999999996
0.06166666666666667
0.06566666666666666
0.06866666666666667
0.06833333333333334
0.06899999999999999
0.05833333333333333
0.057999999999999996
0.059666666666666666
0.05933333333333333
0.059
0.058666666666666666
0.05933333333333333
0.07166666666666667
0.0023333333333333335
0.06066666666666667
0.0033333333333333335
0.06166666666666667
0.06433333333333334
0.061
0.06433333333333334
0.063
0.057666666666666665
0.06933333333333334
0.06233333333333333
0.06
0.05933333333333333
0.06433333333333334
0.057999999999999996
0.06633333333333334
0.059
0.06266666666666666
0.058666666666666666
0.056666666666666664
0.063
0.02566666666666667
0.06066666666666667
0.06466666666666666
0.069
0.059666666666666666
0.057333333333333326
0.027
0.06066666666666667
0.056
0.065
0.08233333333333333
0.05633333333333334
0.07366666666666666
0.06166666666666667
0.05833333333333333
0.05633333333333334
0.057
0.09566666666666668
0.057999999999999996
0.07033333333333334
0.06266666666666666
0.06233333333333333
0.057333333333333326
0.058666666666666666
0.06033333333333333
0.006666666666666667
0.06033333333333333
0.059
0.059
0.058666666666666666
0.06
0.058666666666666666
0.06
0.059666666666666666
0.057666666666666665
0.06
0.058666666666666666
0.07100000000000001
0.05533333333333334
0.07166666666666667
0.057333333333333326
0.05666666666666667
0.05833333333333333
0.05933333333333333
0.059666666666666666
0.056333333333333326
0.06866666666666667
0.064
0.05466666666666667
0.05533333333333334
0.06166666666666667
0.05833333333333333
0.059
0.057999999999999996
0.06233333333333333
0.05833333333333333
0.06233333333333333
0.057999999999999996
0.057333333333333326
0.057999999999999996
0.06766666666666667
0.06333333333333334
0.063
0.06833333333333334
0.10100000000000002
0.024999999999999998
0.05833333333333333
0.0023333333333333335
0.020666666666666667
0.057666666666666665
0.05933333333333333
0.064
0.068
0.06999999999999999
0.006000000000000001
0.10266666666666668
0.064
0.056
0.06633333333333334
0.061
0.057333333333333326
0.057666666666666665
0.05666666666666667
0.061
0.057333333333333326
0.06533333333333334
0.061
0.006666666666666667
0.058666666666666666
0.054
0.057999999999999996
0.05833333333333333
0.07
0.05833333333333333
0.05566666666666667
0.05833333333333333
0.059
0.06566666666666666
0.06333333333333334
0.056
0.059
0.06233333333333333
0.06166666666666667
0.06366666666666666
0.006666666666666667
0.06866666666666667
0.058666666666666666
0.058666666666666666
0.059
0.06133333333333333
0.08766666666666667
0.0016666666666666668
0.06066666666666667
0.057666666666666665
0.0016666666666666668
0.05833333333333333
0.05933333333333333
0.057999999999999996
0.06333333333333334
0.063
0.06866666666666667
0.07
0.069
0.056999999999999995
0.06266666666666666
0.059666666666666666
0.06766666666666667
0.067
0.06966666666666667
0.066
0.06
0.006000000000000001
0.062
0.06033333333333333
0.05833333333333333
0.06633333333333334
0.058666666666666666
0.056999999999999995
0.05666666666666667
0.05633333333333334
0.058
0.057666666666666665
0.056666666666666664
0.06366666666666666
0.06066666666666667
0.057999999999999996
0.061
0.059
0.057666666666666665
0.06166666666666667
0.05833333333333333
0.066
0.064
0.06733333333333334
0.06033333333333333
0.063
0.05933333333333333
0.06
0.08033333333333333
0.06433333333333334
0.07466666666666667
0.07733333333333332
0.06233333333333333
0.056999999999999995
0.09966666666666668
0.006000000000000001
0.061
0.06666666666666667
0.06566666666666666
0.059666666666666666
0.063
0.058666666666666666
0.06266666666666666
0.06066666666666667
0.06366666666666666
0.06233333333333333
0.062
0.05933333333333333
0.073
0.06833333333333334
0.06466666666666666
0.061
0.06
0.06
0.061
0.06
0.062
0.06333333333333334
0.062
0.06
0.057
0.056333333333333326
0.059
0.056666666666666664
0.057
0.05933333333333333
0.057666666666666665
0.057333333333333326
0.059666666666666666
0.06333333333333334
0.06
0.06
0.057666666666666665
0.06533333333333334
0.05666666666666667
0.05633333333333334
0.057999999999999996
0.061
0.05833333333333333
0.065
0.06166666666666667
