0.019666666666666666
0.023333333333333334
0.007
0.002
0.006333333333333334
0.004666666666666667
0.007333333333333333
0.0030000000000000005
0.010666666666666666
0.005
0.005
0.025333333333333333
0.028999999999999998
0.014666666666666666
0.015
0.010333333333333333
0.05466666666666667
0.0023333333333333335
0.004333333333333334
0.010666666666666666
0.0036666666666666666
0.036
0.04033333333333333
0.006333333333333334
0.023000000000000003
0.04866666666666667
0.001
0.008
0.042666666666666665
0.0033333333333333335
0.0033333333333333335
0.0030000000000000005
0.004
0.0023333333333333335
0.0023333333333333335
0.004
0.0026666666666666666
0.009333333333333334
0.0013333333333333333
0.008
0.0016666666666666668
0.015666666666666666
0.0033333333333333335
0.0013333333333333333
0.0013333333333333333
0.0036666666666666666
0.004666666666666667
0.005333333333333333
0.0013333333333333333
0.008
0.045000000000000005
0.03266666666666667
0.0036666666666666666
0.034333333333333334
0.005666666666666667
0.05633333333333334
0.006000000000000001
0.002
0.001
0.0013333333333333333
0.007
0.01
0.02033333333333333
0.0030000000000000005
0.001
0.002
0.012000000000000002
0.0033333333333333335
0.001
0.006000000000000001
0.0023333333333333335
0.010333333333333333
0.009
0.0013333333333333333
0.004666666666666666
0.0016666666666666668
0.015666666666666666
0.0023333333333333335
0.0033333333333333335
0.06999999999999999
0.0023333333333333335
0.002
0.0026666666666666666
0.006999999999999999
0.028999999999999998
0.008
0.008333333333333333
0.007666666666666666
0.0023333333333333335
0.0033333333333333335
0.008666666666666668
0.0030000000000000005
0.0013333333333333333
0.0013333333333333333
0.005
0.004666666666666667
0.001
0.006666666666666667
0.0036666666666666666
0.002
0.014333333333333332
0.009666666666666665
0.007666666666666666
0.001
0.0026666666666666666
0.002
0.0013333333333333333
0.005
0.0016666666666666668
0.011000000000000001
0.0013333333333333333
0.0036666666666666666
0.007
0.008666666666666666
0.0030000000000000005
0.005333333333333333
0.0023333333333333335
0.0030000000000000005
0.001
0.001
0.0013333333333333333
0.001
0.005333333333333333
0.004
0.007666666666666666
0.0026666666666666666
0.0016666666666666668
0.007333333333333333
0.0030000000000000005
0.006333333333333333
0.0033333333333333335
0.021
0.004333333333333334
0.005666666666666667
0.004333333333333334
0.0036666666666666666
0.0026666666666666666
0.0030000000000000005
0.04766666666666667
0.0016666666666666668
0.0033333333333333335
0.005666666666666667
0.005
0.0016666666666666668
0.006999999999999999
0.006000000000000001
0.036000000000000004
0.02666666666666667
0.006999999999999999
0.004
0.07100000000000001
0.008666666666666668
0.0016666666666666668
0.005
0.0016666666666666668
0.001
0.038
0.006333333333333334
0.031
0.0033333333333333335
0.007333333333333333
0.006666666666666667
0.0026666666666666666
0.001
0.007666666666666666
6.666666666666666E-4
0.001
6.666666666666666E-4
0.001
0.0023333333333333335
0.0026666666666666666
0.0036666666666666666
0.001
0.007
0.0016666666666666668
0.0030000000000000005
0.004
0.0030000000000000005
0.006333333333333333
0.0016666666666666668
0.006000000000000001
0.0023333333333333335
0.005333333333333333
0.0026666666666666666
0.0016666666666666668
0.001
0.006333333333333333
0.002
6.666666666666666E-4
0.004
0.0036666666666666666
0.01933333333333333
0.0023333333333333335
0.005333333333333333
0.0016666666666666668
0.019
0.002
0.005
0.001
0.008666666666666666
0.0026666666666666666
0.02366666666666667
0.008666666666666668
0.0026666666666666666
0.009666666666666665
0.007
0.014333333333333332
0.034333333333333334
0.009
0.005666666666666667
0.011333333333333334
0.0013333333333333333
0.004
0.002
0.0033333333333333335
0.0026666666666666666
0.004333333333333334
6.666666666666666E-4
6.666666666666666E-4
0.001
0.0033333333333333335
0.004333333333333334
0.004666666666666667
0.0016666666666666668
0.0023333333333333335
0.006000000000000001
0.0013333333333333333
0.008
0.0016666666666666668
0.001
0.0016666666666666668
6.666666666666666E-4
6.666666666666666E-4
3.333333333333333E-4
0.0036666666666666666
0.0013333333333333333
0.004333333333333334
0.004666666666666667
0.005666666666666667
0.03166666666666667
0.0030000000000000005
0.001
0.012666666666666666
0.0036666666666666666
0.0026666666666666666
0.007666666666666666
0.008333333333333333
0.0016666666666666668
0.008333333333333333
0.0026666666666666666
0.012000000000000002
0.0016666666666666668
0.004666666666666667
0.023333333333333334
0.005
0.0030000000000000005
0.0023333333333333335
0.0023333333333333335
0.001
0.0016666666666666668
0.0013333333333333333
0.0013333333333333333
0.001
0.001
0.006666666666666667
0.006666666666666667
0.005333333333333333
0.001
0.0016666666666666668
0.006333333333333334
0.0013333333333333333
0.006000000000000001
3.333333333333333E-4
0.012333333333333333
0.0023333333333333335
0.007333333333333333
0.0036666666666666666
0.005333333333333333
0.0013333333333333333
0.0013333333333333333
0.0013333333333333333
0.0033333333333333335
0.014
0.001
0.0030000000000000005
0.004333333333333334
0.0036666666666666666
0.03666666666666667
0.0026666666666666666
0.010333333333333333
0.001
6.666666666666666E-4
0.0016666666666666668
0.037
0.004666666666666667
0.0023333333333333335
0.008666666666666668
6.666666666666666E-4
0.002
6.666666666666666E-4
0.0036666666666666666
0.005666666666666667
6.666666666666666E-4
0.0013333333333333333
0.001
0.002
0.007333333333333333
0.009
0.005666666666666667
0.0013333333333333333
0.0013333333333333333
0.0036666666666666666
0.0036666666666666666
0.0023333333333333335
0.006000000000000001
0.0013333333333333333
0.007
0.0026666666666666666
0.013333333333333334
0.008
0.0016666666666666668
0.006000000000000001
0.004333333333333334
0.010333333333333333
0.0016666666666666668
0.0036666666666666666
0.013
0.004
0.002
6.666666666666666E-4
0.0036666666666666666
0.009333333333333332
0.005333333333333333
0.007
0.0013333333333333333
0.005333333333333333
0.002
0.0036666666666666666
0.004
0.0033333333333333335
6.666666666666666E-4
0.002
0.009333333333333332
0.008666666666666668
0.0013333333333333333
0.004
0.03933333333333333
0.010666666666666666
0.0013333333333333333
0.0013333333333333333
6.666666666666666E-4
0.0013333333333333333
0.001
0.001
0.006333333333333333
0.004666666666666667
0.0023333333333333335
0.005999999999999999
0.0033333333333333335
0.008
6.666666666666666E-4
0.030333333333333334
0.001
6.666666666666666E-4
0.020666666666666667
0.0033333333333333335
0.001
0.006666666666666667
0.001
0.001
0.008
0.0016666666666666668
0.0013333333333333333
6.666666666666666E-4
0.004
0.006333333333333334
0.0033333333333333335
0.0016666666666666668
0.0030000000000000005
0.0016666666666666668
0.002
0.006666666666666665
0.0030000000000000005
0.0036666666666666666
0.005
0.011333333333333334
0.002
0.0023333333333333335
0.001
0.010666666666666666
0.0033333333333333335
0.0013333333333333333
0.0033333333333333335
0.0036666666666666666
0.0013333333333333333
0.010666666666666666
0.0030000000000000005
0.006000000000000001
0.001
6.666666666666666E-4
0.0013333333333333333
0.011000000000000001
6.666666666666666E-4
0.006666666666666667
0.02
0.0033333333333333335
0.043666666666666666
0.004666666666666667
0.004
0.004666666666666666
0.0030000000000000005
0.013999999999999999
0.008
0.007333333333333333
0.0016666666666666668
0.004
0.0023333333333333335
0.005666666666666667
0.001
0.04666666666666667
0.0030000000000000005
6.666666666666666E-4
0.034333333333333334
0.0016666666666666668
0.022333333333333334
0.015
0.0013333333333333333
0.0016666666666666668
0.0016666666666666668
0.0023333333333333335
0.0016666666666666668
0.0030000000000000005
0.002
0.004
0.0016666666666666668
0.004
0.004
0.0030000000000000005
6.666666666666666E-4
0.008333333333333333
0.004333333333333334
0.0013333333333333333
6.666666666666666E-4
0.011000000000000001
0.005
0.0026666666666666666
0.005666666666666667
0.0033333333333333335
0.006000000000000001
0.002
0.002
0.010333333333333333
0.0036666666666666666
0.004333333333333334
0.0026666666666666666
0.008666666666666666
0.0023333333333333335
0.004
0.0013333333333333333
0.001
0.004333333333333334
0.006000000000000001
0.0013333333333333333
0.0016666666666666668
0.004333333333333334
0.006000000000000001
0.0033333333333333335
6.666666666666666E-4
0.0036666666666666666
0.0036666666666666666
0.011999999999999999
0.008666666666666668
0.006000000000000001
0.005666666666666667
0.0016666666666666668
0.006666666666666667
0.036
0.004
0.0023333333333333335
0.0023333333333333335
0.0023333333333333335
0.007333333333333333
0.004
0.0030000000000000005
0.0036666666666666666
0.013666666666666667
0.004666666666666667
0.004
0.0016666666666666668
0.007666666666666666
0.0016666666666666668
0.006333333333333333
0.0036666666666666666
0.004333333333333334
0.007
0.01
0.0026666666666666666
0.004333333333333334
0.0030000000000000005
0.0026666666666666666
0.0023333333333333335
0.0016666666666666668
0.0033333333333333335
0.016666666666666666
0.0036666666666666666
0.0026666666666666666
0.007
0.0036666666666666666
0.012666666666666666
0.0023333333333333335
0.0016666666666666668
6.666666666666666E-4
0.001
0.005333333333333333
0.005666666666666667
0.05033333333333334
0.0030000000000000005
0.0030000000000000005
0.0016666666666666668
0.029333333333333333
0.001
0.006333333333333334
0.0016666666666666668
0.0030000000000000005
0.0013333333333333333
0.005333333333333333
0.0023333333333333335
0.0013333333333333333
0.007
0.0030000000000000005
0.0023333333333333335
0.0026666666666666666
0.004666666666666667
0.0030000000000000005
0.001
0.0016666666666666668
0.004666666666666667
0.009333333333333334
0.0016666666666666668
0.002
0.0030000000000000005
0.006666666666666667
0.0013333333333333333
0.010666666666666666
0.0026666666666666666
0.0033333333333333335
0.011000000000000001
0.0023333333333333335
0.004
0.0016666666666666668
0.002
0.0033333333333333335
0.0013333333333333333
0.006999999999999999
0.006000000000000001
0.03733333333333333
0.002
0.05833333333333333
0.005666666666666667
0.013
0.0016666666666666668
0.001
0.002
0.002
0.0033333333333333335
0.0016666666666666668
0.009333333333333332
0.001
0.004
0.0030000000000000005
0.057333333333333326
0.0026666666666666666
0.006333333333333333
0.004
0.001
0.001
6.666666666666666E-4
0.02
0.006000000000000001
0.0016666666666666668
0.002
0.002
0.0016666666666666668
0.004666666666666667
0.0013333333333333333
0.0013333333333333333
6.666666666666666E-4
0.005
0.002
6.666666666666666E-4
0.004
0.0036666666666666666
0.008
0.002
0.006333333333333333
0.004666666666666667
0.0033333333333333335
0.0023333333333333335
0.006000000000000001
0.007666666666666666
0.0013333333333333333
0.0036666666666666666
6.666666666666666E-4
0.007
0.0033333333333333335
0.0026666666666666666
0.002
0.001
0.001
3.333333333333333E-4
0.0013333333333333333
0.0026666666666666666
0.001
0.004666666666666667
0.004333333333333334
0.007333333333333333
0.006666666666666667
0.005
0.004
0.004333333333333334
6.666666666666666E-4
0.007
0.004333333333333334
0.001
0.0016666666666666668
0.004666666666666667
0.004333333333333334
0.009333333333333332
0.0030000000000000005
0.001
0.0013333333333333333
0.010333333333333333
0.008
0.0016666666666666668
6.666666666666666E-4
0.005333333333333333
0.0013333333333333333
0.0030000000000000005
0.0023333333333333335
6.666666666666666E-4
0.007
0.0036666666666666666
0.0013333333333333333
0.0013333333333333333
0.007
0.0023333333333333335
0.021666666666666667
0.004333333333333334
0.0026666666666666666
0.013333333333333334
0.001
0.0013333333333333333
0.002
0.0036666666666666666
0.001
0.001
0.009000000000000001
0.004666666666666667
0.001
0.02766666666666667
0.03666666666666666
0.013999999999999999
0.023333333333333334
0.002
0.0036666666666666666
0.015
0.007333333333333333
0.0026666666666666666
0.006000000000000001
0.007
0.0033333333333333335
0.005666666666666667
0.0013333333333333333
0.0013333333333333333
0.010333333333333333
0.050333333333333334
0.0013333333333333333
0.0033333333333333335
0.0030000000000000005
0.0033333333333333335
0.0023333333333333335
0.0036666666666666666
0.0016666666666666668
0.001
0.001
0.004
0.004666666666666667
0.0023333333333333335
0.0016666666666666668
0.001
0.009
0.005333333333333333
0.0013333333333333333
0.001
0.0030000000000000005
0.0013333333333333333
0.0016666666666666668
0.0013333333333333333
0.004666666666666667
0.007333333333333333
0.001
0.0026666666666666666
0.002
0.0023333333333333335
0.024999999999999998
0.0033333333333333335
0.004666666666666667
0.0030000000000000005
0.001
0.009333333333333332
0.011333333333333334
0.004
0.002
0.009666666666666665
0.04933333333333333
0.0013333333333333333
0.0023333333333333335
0.004333333333333334
0.007666666666666666
0.004333333333333334
0.0030000000000000005
0.0026666666666666666
0.004
0.0033333333333333335
0.0033333333333333335
0.004666666666666667
0.0013333333333333333
0.0023333333333333335
0.0013333333333333333
0.0026666666666666666
0.004
0.002
0.008333333333333333
0.009000000000000001
0.0023333333333333335
6.666666666666666E-4
0.006000000000000001
0.013333333333333334
0.001
0.001
0.0023333333333333335
0.009333333333333332
0.0023333333333333335
0.002
0.0013333333333333333
0.008666666666666668
0.006333333333333333
0.0036666666666666666
0.0023333333333333335
0.012666666666666666
0.0023333333333333335
0.007
0.005
0.0023333333333333335
0.049999999999999996
0.0023333333333333335
0.007
0.0016666666666666668
0.0036666666666666666
0.022333333333333334
0.0030000000000000005
0.007
0.013666666666666666
0.004
0.0026666666666666666
0.0026666666666666666
0.005
0.002
0.008666666666666666
3.333333333333333E-4
0.007666666666666666
0.001
0.0030000000000000005
6.666666666666666E-4
0.012333333333333333
0.002
0.006000000000000001
0.008
0.0013333333333333333
0.004666666666666667
0.004333333333333334
0.005
0.0030000000000000005
0.0026666666666666666
0.005666666666666667
0.001
0.005666666666666667
0.0033333333333333335
0.0033333333333333335
0.001
6.666666666666666E-4
0.001
3.333333333333333E-4
0.0023333333333333335
0.002
0.0030000000000000005
0.001
0.002
0.002
0.001
0.0016666666666666668
0.0026666666666666666
0.004333333333333334
0.0036666666666666666
0.001
0.0033333333333333335
0.009333333333333332
0.0016666666666666668
0.0016666666666666668
0.0026666666666666666
0.0016666666666666668
0.010333333333333333
0.0023333333333333335
0.005666666666666667
0.015666666666666666
0.001
0.001
0.006666666666666667
0.006333333333333333
0.0030000000000000005
0.013
0.0030000000000000005
0.004666666666666667
0.0016666666666666668
0.002
0.001
0.0013333333333333333
0.001
0.0013333333333333333
0.004
0.0036666666666666666
0.03366666666666667
0.005333333333333333
0.005666666666666667
0.0030000000000000005
0.005
0.013333333333333334
0.004
0.029666666666666664
0.009666666666666665
0.0030000000000000005
0.0013333333333333333
0.005999999999999999
0.007333333333333333
0.02266666666666667
0.03
0.0026666666666666666
0.006000000000000001
0.002
6.666666666666666E-4
0.0030000000000000005
0.006333333333333334
0.0013333333333333333
0.0023333333333333335
0.0013333333333333333
6.666666666666666E-4
0.007333333333333333
0.0016666666666666668
0.0016666666666666668
6.666666666666666E-4
0.001
0.0030000000000000005
0.004
0.0013333333333333333
0.0023333333333333335
0.0030000000000000005
6.666666666666666E-4
0.0016666666666666668
0.0033333333333333335
0.0013333333333333333
0.0026666666666666666
0.006000000000000001
0.0033333333333333335
0.0030000000000000005
0.007
0.0023333333333333335
0.001
0.0036666666666666666
0.0016666666666666668
0.006333333333333334
0.009333333333333334
0.009333333333333332
0.0016666666666666668
0.004
0.001
0.004
0.0023333333333333335
0.005666666666666667
0.013
0.002
0.0030000000000000005
0.0036666666666666666
0.01933333333333333
0.0030000000000000005
0.008
0.016
0.005333333333333333
0.004666666666666667
0.0033333333333333335
0.0023333333333333335
6.666666666666666E-4
0.007
0.0026666666666666666
0.07033333333333334
0.0036666666666666666
3.333333333333333E-4
0.001
0.007333333333333333
0.0036666666666666666
0.001
0.002
6.666666666666666E-4
0.004333333333333334
0.001
0.0030000000000000005
0.0033333333333333335
6.666666666666666E-4
0.0030000000000000005
0.005666666666666667
0.004666666666666667
0.0013333333333333333
0.069
0.002
0.0013333333333333333
0.007666666666666666
0.004666666666666667
0.0033333333333333335
0.0030000000000000005
0.0023333333333333335
6.666666666666666E-4
0.004333333333333334
0.006000000000000001
0.0013333333333333333
0.004
0.0033333333333333335
6.666666666666666E-4
6.666666666666666E-4
0.004666666666666667
0.01833333333333333
0.002
6.666666666666666E-4
0.001
0.0026666666666666666
0.0023333333333333335
0.009000000000000001
0.0013333333333333333
0.0030000000000000005
0.004
0.001
0.0036666666666666666
0.0033333333333333335
0.001
0.002
0.0016666666666666668
6.666666666666666E-4
6.666666666666666E-4
6.666666666666666E-4
0.0013333333333333333
6.666666666666666E-4
0.006666666666666667
0.004666666666666667
0.009666666666666665
0.03333333333333333
0.01
0.0013333333333333333
0.001
6.666666666666666E-4
0.007333333333333333
0.015666666666666666
0.0016666666666666668
0.0030000000000000005
0.011000000000000001
0.006999999999999999
0.0030000000000000005
0.0033333333333333335
0.0013333333333333333
0.001
0.007
0.012333333333333335
0.0030000000000000005
0.003666666666666667
0.012000000000000002
0.0033333333333333335
0.007
0.009333333333333332
0.008333333333333333
6.666666666666666E-4
0.0036666666666666666
0.006333333333333334
0.0033333333333333335
0.005
0.005666666666666667
0.0013333333333333333
0.001
0.0016666666666666668
0.010333333333333332
0.001
0.026
0.0026666666666666666
0.0026666666666666666
0.0016666666666666668
0.005
0.005333333333333333
0.0023333333333333335
0.006000000000000001
0.0026666666666666666
0.008333333333333333
0.0036666666666666666
0.005
0.006333333333333333
0.0013333333333333333
0.004666666666666667
0.002
0.0030000000000000005
0.007333333333333333
0.001
0.0016666666666666668
3.333333333333333E-4
0.006000000000000001
0.007333333333333333
0.001
0.005333333333333333
0.0016666666666666668
0.011333333333333334
0.0026666666666666666
0.0030000000000000005
6.666666666666666E-4
0.0013333333333333333
0.0023333333333333335
0.001
6.666666666666666E-4
0.0036666666666666666
0.0033333333333333335
0.005333333333333333
0.0036666666666666666
0.0023333333333333335
0.001
0.004333333333333334
0.002
0.0030000000000000005
6.666666666666666E-4
0.030333333333333334
0.06233333333333333
0.001
0.007333333333333333
0.014333333333333332
0.0023333333333333335
6.666666666666666E-4
0.016666666666666666
0.004
0.004333333333333334
3.333333333333333E-4
0.0016666666666666668
0.004333333333333334
0.0016666666666666668
0.009333333333333332
0.002
0.0026666666666666666
0.0030000000000000005
0.0033333333333333335
0.005333333333333333
0.0013333333333333333
0.01
0.0030000000000000005
0.014666666666666666
0.008333333333333333
0.015
0.0023333333333333335
0.001
0.0013333333333333333
0.0033333333333333335
0.0036666666666666666
0.001
0.0013333333333333333
0.001
0.004666666666666667
0.006333333333333333
0.005666666666666667
0.004
0.0023333333333333335
0.0013333333333333333
0.0016666666666666668
0.002
0.0013333333333333333
0.006000000000000001
0.032
0.007333333333333334
0.0030000000000000005
0.014
0.005333333333333333
0.002
0.005666666666666667
0.0030000000000000005
0.002
6.666666666666666E-4
0.006999999999999999
0.030666666666666665
0.0016666666666666668
0.012666666666666666
0.0030000000000000005
0.0023333333333333335
0.0033333333333333335
0.005666666666666667
0.0026666666666666666
0.008666666666666666
0.027
0.0013333333333333333
0.002
0.007333333333333333
0.016
0.002
0.03266666666666667
0.012333333333333333
0.0030000000000000005
0.004
0.0013333333333333333
0.008666666666666666
0.0013333333333333333
0.007666666666666666
6.666666666666666E-4
0.008
0.004333333333333334
0.0036666666666666666
0.035666666666666666
0.0016666666666666668
0.0016666666666666668
0.0030000000000000005
0.011000000000000001
0.013666666666666667
0.008
0.0016666666666666668
0.004666666666666667
0.006999999999999999
6.666666666666666E-4
0.001
0.013
0.001
0.0023333333333333335
6.666666666666666E-4
0.0026666666666666666
0.005
0.007333333333333333
0.007
0.0023333333333333335
0.0016666666666666668
6.666666666666666E-4
0.006666666666666667
0.008
0.0030000000000000005
0.01933333333333333
0.0016666666666666668
0.0026666666666666666
0.028333333333333335
0.001
0.0026666666666666666
0.008
0.03966666666666666
0.001
0.04733333333333334
0.006333333333333333
0.03266666666666667
0.0026666666666666666
0.005666666666666667
0.0016666666666666668
6.666666666666666E-4
6.666666666666666E-4
0.0026666666666666666
0.0023333333333333335
0.002
0.001
0.002
0.01
0.0030000000000000005
0.006999999999999999
0.0013333333333333333
0.005
0.008
0.0023333333333333335
0.004666666666666667
0.0013333333333333333
0.0033333333333333335
0.004333333333333334
0.002
0.002
0.006000000000000001
0.012000000000000002
0.01
0.004333333333333334
0.004
6.666666666666666E-4
0.0023333333333333335
0.002
0.002
0.0016666666666666668
0.001
0.005
0.004666666666666667
0.005333333333333333
0.0023333333333333335
0.006000000000000001
0.0013333333333333333
0.009333333333333332
0.004666666666666667
0.004333333333333334
0.008666666666666668
0.0026666666666666666
0.0023333333333333335
0.005333333333333333
0.0013333333333333333
0.031
0.011666666666666665
0.0016666666666666668
0.0036666666666666666
0.013999999999999999
0.0013333333333333333
0.0036666666666666666
0.0030000000000000005
0.0013333333333333333
0.0030000000000000005
0.006333333333333334
6.666666666666666E-4
0.035333333333333335
0.011333333333333334
0.0013333333333333333
0.004
0.004
0.008
0.0016666666666666668
0.0026666666666666666
6.666666666666666E-4
0.011000000000000001
0.006666666666666667
0.002
0.004333333333333334
0.0026666666666666666
0.0026666666666666666
0.0030000000000000005
6.666666666666666E-4
0.0026666666666666666
0.009666666666666665
0.001
0.012333333333333333
0.0016666666666666668
6.666666666666666E-4
0.012333333333333335
6.666666666666666E-4
3.333333333333333E-4
0.007333333333333333
0.001
0.0023333333333333335
0.0026666666666666666
0.016666666666666666
0.0023333333333333335
0.0013333333333333333
0.002
0.0030000000000000005
0.0030000000000000005
0.008
0.007666666666666666
0.001
6.666666666666666E-4
0.014333333333333332
0.009333333333333332
0.0023333333333333335
0.022000000000000002
0.006333333333333333
0.0023333333333333335
0.005666666666666667
0.0013333333333333333
6.666666666666666E-4
0.005666666666666667
0.003666666666666667
0.0016666666666666668
6.666666666666666E-4
0.015666666666666666
0.006000000000000001
6.666666666666666E-4
6.666666666666666E-4
0.002
0.009
0.004
0.013666666666666666
0.0030000000000000005
0.0026666666666666666
0.0016666666666666668
0.023999999999999997
0.005666666666666667
0.0033333333333333335
0.0033333333333333335
0.0016666666666666668
0.004333333333333334
0.001
0.001
6.666666666666666E-4
0.008666666666666666
0.010333333333333333
0.006000000000000001
0.002
0.0016666666666666668
0.0013333333333333333
0.04833333333333334
0.0026666666666666666
0.0016666666666666668
0.0013333333333333333
0.0036666666666666666
0.008666666666666666
0.006666666666666667
0.0013333333333333333
0.005333333333333333
0.001
0.03766666666666666
0.006000000000000001
0.0033333333333333335
0.0033333333333333335
0.0016666666666666668
0.050666666666666665
0.006666666666666665
0.004
0.05933333333333333
0.0030000000000000005
0.009666666666666665
0.012000000000000002
0.014666666666666666
0.004333333333333334
0.0036666666666666666
0.0013333333333333333
0.001
0.008666666666666666
0.004
0.0030000000000000005
0.004666666666666667
0.005
0.006666666666666667
0.0030000000000000005
0.004
0.011666666666666667
0.004
0.0023333333333333335
0.0023333333333333335
0.004333333333333334
0.0030000000000000005
0.017
0.014333333333333332
0.006000000000000001
0.0013333333333333333
0.0013333333333333333
6.666666666666666E-4
0.004
6.666666666666666E-4
0.0023333333333333335
0.006999999999999999
0.016333333333333335
0.0030000000000000005
0.0030000000000000005
0.0030000000000000005
0.0013333333333333333
0.0023333333333333335
0.0013333333333333333
0.010333333333333333
0.0013333333333333333
0.0030000000000000005
0.0026666666666666666
0.0023333333333333335
0.005666666666666667
0.004333333333333334
0.007666666666666666
0.0023333333333333335
0.009333333333333332
0.009000000000000001
0.0016666666666666668
0.0013333333333333333
0.006333333333333334
0.004333333333333334
0.0013333333333333333
0.002
0.017666666666666667
0.004
0.0013333333333333333
6.666666666666666E-4
0.0013333333333333333
0.007666666666666666
0.0013333333333333333
0.005333333333333333
0.004333333333333334
0.008
0.004333333333333334
0.0013333333333333333
0.004333333333333334
0.014333333333333332
0.009333333333333332
0.001
0.008333333333333333
0.007666666666666666
0.0033333333333333335
0.010666666666666666
0.004666666666666667
0.017333333333333336
0.0026666666666666666
0.023000000000000003
0.0023333333333333335
0.01
0.0033333333333333335
0.021333333333333333
0.008666666666666666
0.001
0.0013333333333333333
0.001
0.0033333333333333335
0.0033333333333333335
0.002
6.666666666666666E-4
0.0013333333333333333
0.001
6.666666666666666E-4
0.0023333333333333335
0.0026666666666666666
0.002
0.006000000000000001
0.04533333333333334
0.022000000000000002
0.0023333333333333335
0.0030000000000000005
6.666666666666666E-4
0.004
0.006333333333333333
0.002
0.005
0.005333333333333333
0.0023333333333333335
0.011666666666666667
0.008333333333333333
0.0016666666666666668
0.008666666666666668
0.002
0.0036666666666666666
0.006666666666666667
0.004
0.002
0.0033333333333333335
0.0026666666666666666
0.0023333333333333335
0.0013333333333333333
0.001
0.0016666666666666668
6.666666666666666E-4
0.0023333333333333335
0.0013333333333333333
0.004333333333333334
0.0033333333333333335
0.002
0.035333333333333335
0.004333333333333334
0.001
0.0013333333333333333
0.0030000000000000005
6.666666666666666E-4
0.004333333333333334
0.0023333333333333335
0.0016666666666666668
0.007333333333333333
0.0033333333333333335
0.004333333333333334
0.023000000000000003
0.0033333333333333335
6.666666666666666E-4
0.0016666666666666668
0.001
0.0036666666666666666
0.0016666666666666668
0.004
0.0013333333333333333
0.0036666666666666666
0.02033333333333333
0.0016666666666666668
6.666666666666666E-4
0.005
0.004333333333333334
0.018666666666666668
0.0030000000000000005
0.05100000000000001
0.004333333333333334
0.008
0.0030000000000000005
0.005
0.002
0.001
0.001
0.006666666666666667
0.0023333333333333335
0.0013333333333333333
0.008666666666666666
0.006000000000000001
0.002
0.001
0.001
0.001
6.666666666666666E-4
0.029666666666666664
0.002
0.0016666666666666668
0.0016666666666666668
0.0036666666666666666
0.002
0.0016666666666666668
0.006333333333333333
0.025333333333333333
6.666666666666666E-4
0.0036666666666666666
0.04
0.0013333333333333333
0.004666666666666666
0.0013333333333333333
0.0016666666666666668
0.03466666666666667
0.001
0.004
0.004
0.0036666666666666666
0.015333333333333332
0.011333333333333334
0.0030000000000000005
0.016
0.0033333333333333335
0.0016666666666666668
6.666666666666666E-4
0.004
0.0016666666666666668
0.005
0.007333333333333333
0.001
0.023000000000000003
0.005666666666666667
0.008666666666666666
0.0036666666666666666
0.004333333333333334
0.0013333333333333333
0.0026666666666666666
0.0013333333333333333
0.0013333333333333333
0.001
6.666666666666666E-4
0.0033333333333333335
0.006666666666666667
0.0023333333333333335
0.002
0.0026666666666666666
6.666666666666666E-4
0.001
0.008333333333333333
0.0030000000000000005
0.005666666666666667
0.001
0.001
0.001
0.015
0.0016666666666666668
0.013999999999999999
0.0030000000000000005
0.005
0.001
0.001
0.008
0.009666666666666667
0.0013333333333333333
0.004666666666666667
0.0033333333333333335
0.001
0.0026666666666666666
0.005333333333333333
0.0036666666666666666
0.03333333333333333
0.005
0.0023333333333333335
0.007666666666666666
6.666666666666666E-4
0.0023333333333333335
0.013
0.004333333333333334
0.0016666666666666668
0.0023333333333333335
0.0023333333333333335
6.666666666666666E-4
0.012333333333333335
0.0026666666666666666
0.004
0.066
0.0033333333333333335
0.002
0.027
0.0016666666666666668
0.002
0.005333333333333333
0.0023333333333333335
0.063
0.014333333333333332
0.0016666666666666668
0.004
0.0013333333333333333
0.052333333333333336
0.009
0.003666666666666667
0.005
0.007666666666666666
0.011000000000000001
0.0030000000000000005
0.012666666666666666
0.0013333333333333333
0.004333333333333334
0.004666666666666667
0.023000000000000003
0.001
0.0030000000000000005
0.006000000000000001
0.0030000000000000005
0.0030000000000000005
0.004
0.0016666666666666668
0.0013333333333333333
0.007666666666666666
0.0026666666666666666
0.0036666666666666666
0.005333333333333333
0.007333333333333333
0.012666666666666666
0.001
0.005
0.007666666666666666
0.001
0.076
0.012333333333333333
6.666666666666666E-4
0.006000000000000001
0.006000000000000001
0.005
0.0033333333333333335
0.0033333333333333335
0.005333333333333333
0.001
0.002
3.333333333333333E-4
0.0033333333333333335
0.004666666666666667
3.333333333333333E-4
0.004666666666666667
0.006000000000000001
0.0013333333333333333
0.004333333333333334
0.0026666666666666666
0.007666666666666666
0.001
0.005
0.0026666666666666666
0.005333333333333333
0.004
0.002
0.06233333333333333
0.005333333333333333
0.0016666666666666668
0.009333333333333332
0.0023333333333333335
0.0023333333333333335
0.0016666666666666668
0.007666666666666666
0.008333333333333333
0.002
0.0026666666666666666
0.001
0.002
0.015333333333333332
0.010333333333333333
0.0013333333333333333
0.0033333333333333335
0.008
0.0026666666666666666
0.0013333333333333333
0.005333333333333333
0.004
0.0026666666666666666
0.004333333333333334
0.002
0.0030000000000000005
0.0030000000000000005
0.0016666666666666668
0.002
0.001
0.027
0.004666666666666667
0.013666666666666666
0.001
0.005666666666666667
0.0033333333333333335
0.0033333333333333335
0.007333333333333333
0.0016666666666666668
0.0016666666666666668
0.002
6.666666666666666E-4
3.333333333333333E-4
0.0016666666666666668
0.0026666666666666666
0.001
0.0033333333333333335
0.021333333333333333
0.013333333333333334
0.007
0.004333333333333334
0.001
0.005333333333333333
0.0033333333333333335
0.0013333333333333333
0.004
0.0016666666666666668
0.005999999999999999
0.004333333333333334
0.006333333333333333
0.0026666666666666666
0.0016666666666666668
0.0016666666666666668
0.001
0.0013333333333333333
0.005
0.002
0.0036666666666666666
0.005333333333333333
0.001
0.0013333333333333333
0.0023333333333333335
0.0030000000000000005
0.0023333333333333335
0.008
0.0013333333333333333
0.0026666666666666666
0.0036666666666666666
0.001
0.0013333333333333333
0.0013333333333333333
0.018333333333333337
0.0016666666666666668
0.001
0.012333333333333333
0.016
0.013666666666666666
0.006000000000000001
0.004666666666666667
0.0030000000000000005
0.0013333333333333333
0.002
0.013666666666666667
0.0016666666666666668
0.005333333333333333
0.026
0.001
0.0026666666666666666
0.001
0.014666666666666666
6.666666666666666E-4
0.0013333333333333333
0.0023333333333333335
0.004
0.021333333333333333
0.005666666666666667
0.0023333333333333335
0.004
0.008666666666666668
0.005666666666666667
6.666666666666666E-4
0.001
0.0026666666666666666
0.0013333333333333333
0.0016666666666666668
0.004333333333333334
0.002
0.0016666666666666668
0.0036666666666666666
0.0036666666666666666
0.006333333333333334
0.004333333333333334
0.001
0.001
6.666666666666666E-4
0.005333333333333333
0.0023333333333333335
0.0033333333333333335
0.0030000000000000005
0.0033333333333333335
6.666666666666666E-4
0.008666666666666668
0.006333333333333333
0.0013333333333333333
0.002
0.0016666666666666668
0.02
0.0016666666666666668
0.0013333333333333333
0.010666666666666666
0.006666666666666667
0.0026666666666666666
0.002
0.001
0.017666666666666667
0.008666666666666668
0.012333333333333333
0.0036666666666666666
0.0033333333333333335
0.0013333333333333333
0.007333333333333333
0.0013333333333333333
0.002
0.002
0.03366666666666667
0.006000000000000001
0.004
0.001
0.0036666666666666666
0.0023333333333333335
0.002
0.004333333333333334
0.004
0.005666666666666667
0.0026666666666666666
0.002
0.0016666666666666668
0.008666666666666666
0.0033333333333333335
0.008333333333333333
0.002
0.009666666666666665
0.001
0.0013333333333333333
0.002
0.0033333333333333335
0.004666666666666667
0.0030000000000000005
0.03166666666666667
0.001
0.005666666666666667
0.007
0.0013333333333333333
0.0013333333333333333
0.004666666666666667
0.0016666666666666668
0.002
0.0013333333333333333
0.004
0.0033333333333333335
0.004
0.0036666666666666666
0.0030000000000000005
0.0013333333333333333
0.001
0.001
0.0030000000000000005
0.0033333333333333335
0.01
0.037000000000000005
0.005666666666666667
0.001
0.004
0.002
0.002
0.0033333333333333335
0.0016666666666666668
0.0036666666666666666
0.028
0.0016666666666666668
0.001
0.0016666666666666668
0.0013333333333333333
0.004
0.0023333333333333335
0.0013333333333333333
0.006333333333333334
0.001
0.007
6.666666666666666E-4
0.002
0.0023333333333333335
0.002
0.004
0.043666666666666666
0.012333333333333335
0.001
0.001
0.03266666666666667
0.001
0.0023333333333333335
0.009333333333333332
6.666666666666666E-4
6.666666666666666E-4
6.666666666666666E-4
0.005333333333333333
0.001
0.002
0.0033333333333333335
0.0026666666666666666
0.005666666666666667
0.03166666666666667
0.024333333333333335
0.005666666666666667
0.028
0.005
0.0016666666666666668
0.033
6.666666666666666E-4
0.001
0.0016666666666666668
0.010666666666666666
0.0023333333333333335
0.001
0.0023333333333333335
0.0030000000000000005
0.0030000000000000005
0.0033333333333333335
0.002
0.009
0.0023333333333333335
0.009666666666666665
0.008
0.005
0.004
6.666666666666666E-4
0.002
0.0013333333333333333
0.0030000000000000005
6.666666666666666E-4
0.007333333333333333
0.006000000000000001
0.007666666666666666
0.03133333333333333
0.001
0.0026666666666666666
0.009
0.004666666666666667
0.001
0.001
0.001
0.002
0.0013333333333333333
0.002
0.0030000000000000005
0.011666666666666667
0.0036666666666666666
0.0013333333333333333
0.007666666666666666
0.004666666666666667
0.004666666666666667
0.005666666666666667
0.0023333333333333335
0.0023333333333333335
0.008333333333333333
0.01
0.0023333333333333335
0.007666666666666666
0.001
6.666666666666666E-4
0.042
0.002
0.018666666666666665
0.011666666666666667
0.0013333333333333333
0.011333333333333334
0.0013333333333333333
0.002
0.0026666666666666666
0.007
0.005333333333333333
0.0016666666666666668
0.0033333333333333335
0.0013333333333333333
0.0023333333333333335
0.001
0.0023333333333333335
0.0036666666666666666
0.007
0.0016666666666666668
0.027999999999999997
0.0036666666666666666
0.0030000000000000005
0.0013333333333333333
0.002
0.0033333333333333335
0.004
0.0033333333333333335
0.04033333333333333
0.004666666666666667
0.001
0.001
0.05533333333333334
0.0033333333333333335
0.006333333333333334
0.0036666666666666666
0.009333333333333334
0.0026666666666666666
0.002
0.0030000000000000005
0.0030000000000000005
0.008333333333333333
0.0036666666666666666
0.006333333333333334
0.006666666666666667
0.004
0.0026666666666666666
0.0016666666666666668
0.01
0.002
0.008666666666666668
0.008333333333333333
0.0016666666666666668
0.001
0.001
0.0013333333333333333
0.001
0.004
0.0036666666666666666
0.001
0.001
0.004666666666666667
0.0013333333333333333
0.0016666666666666668
0.001
0.001
0.013666666666666667
0.0036666666666666666
0.0033333333333333335
0.007666666666666666
0.001
0.0013333333333333333
0.004666666666666667
0.008
0.030333333333333334
0.013666666666666666
0.017333333333333336
0.001
0.023666666666666666
0.0013333333333333333
0.0036666666666666666
0.005666666666666667
0.001
0.0030000000000000005
0.009
0.0030000000000000005
0.0026666666666666666
0.0026666666666666666
0.017
0.0016666666666666668
0.002
0.008
0.020666666666666667
0.001
0.001
0.004666666666666667
0.007
0.014333333333333332
0.004
0.005
0.005666666666666667
0.0023333333333333335
0.009000000000000001
0.011999999999999999
0.0023333333333333335
0.0026666666666666666
0.0036666666666666666
0.0013333333333333333
0.0036666666666666666
0.0026666666666666666
0.002
0.012333333333333333
0.007
0.0013333333333333333
0.001
0.001
0.007333333333333333
0.0016666666666666668
0.009666666666666665
0.0013333333333333333
0.0016666666666666668
0.0023333333333333335
6.666666666666666E-4
0.0023333333333333335
0.0026666666666666666
0.004666666666666667
0.013
0.004
0.004666666666666667
0.004
0.007
0.0013333333333333333
0.0016666666666666668
0.007
0.0016666666666666668
0.033
0.002
0.038
0.004333333333333334
0.011000000000000001
0.0026666666666666666
0.0036666666666666666
0.0036666666666666666
0.005333333333333333
0.017
0.002
0.005
0.004666666666666667
0.0023333333333333335
0.002
0.001
0.0036666666666666666
0.005666666666666667
0.001
0.0023333333333333335
0.04066666666666666
0.001
0.009000000000000001
0.010333333333333333
0.009666666666666665
0.0013333333333333333
0.009333333333333332
0.0026666666666666666
0.005333333333333333
0.009
0.008333333333333333
0.0013333333333333333
6.666666666666666E-4
0.001
0.0033333333333333335
0.008
0.04733333333333334
0.0026666666666666666
0.0030000000000000005
0.0013333333333333333
0.002
0.0036666666666666666
0.0030000000000000005
0.008
0.054
0.005666666666666667
0.0023333333333333335
0.018666666666666668
0.002
0.008333333333333333
0.0016666666666666668
0.004333333333333334
0.007666666666666666
0.0016666666666666668
0.004333333333333334
0.0026666666666666666
0.005666666666666667
0.006000000000000001
0.0016666666666666668
0.0016666666666666668
0.006333333333333334
0.0026666666666666666
0.007
0.0013333333333333333
0.0016666666666666668
0.009333333333333332
0.0033333333333333335
0.004666666666666667
0.0030000000000000005
0.005666666666666667
0.005
0.0013333333333333333
0.007666666666666666
0.001
0.004333333333333334
0.018000000000000002
0.0026666666666666666
0.002
0.004333333333333334
0.007666666666666666
0.002
0.016666666666666666
0.014666666666666666
0.004
6.666666666666666E-4
0.006333333333333333
0.0030000000000000005
0.0030000000000000005
0.010999999999999998
0.0023333333333333335
0.001
0.006333333333333333
0.009333333333333334
0.01
0.004333333333333334
0.004
0.001
0.0013333333333333333
0.009
0.006000000000000001
0.0023333333333333335
0.0013333333333333333
0.0013333333333333333
0.0030000000000000005
0.002
0.014666666666666666
0.008333333333333333
0.0033333333333333335
0.0036666666666666666
0.004666666666666666
0.001
0.005
0.002
0.04933333333333334
0.0023333333333333335
0.008
0.0016666666666666668
0.018666666666666665
0.033
0.0030000000000000005
0.007333333333333333
0.0016666666666666668
0.011000000000000001
0.002
3.333333333333333E-4
0.008333333333333333
6.666666666666666E-4
0.02766666666666667
0.005666666666666667
0.001
6.666666666666666E-4
0.007666666666666666
0.028666666666666663
0.0016666666666666668
0.0033333333333333335
0.004666666666666667
0.0016666666666666668
0.043000000000000003
0.0026666666666666666
0.011999999999999999
0.002
0.002
0.002
0.005333333333333333
0.0023333333333333335
0.026333333333333334
0.006333333333333333
0.0023333333333333335
0.002
0.0030000000000000005
0.001
0.0013333333333333333
0.007333333333333333
0.002
0.034333333333333334
0.002
0.0026666666666666666
0.008333333333333333
0.006666666666666667
0.036333333333333336
0.0016666666666666668
6.666666666666666E-4
0.0013333333333333333
0.004
0.015333333333333332
0.005
0.004
0.0023333333333333335
6.666666666666666E-4
3.333333333333333E-4
0.0036666666666666666
0.0023333333333333335
0.013999999999999999
0.0026666666666666666
0.004
0.0036666666666666666
0.0026666666666666666
0.004
0.0016666666666666668
0.008666666666666668
0.0030000000000000005
0.004
0.0023333333333333335
0.0013333333333333333
0.0036666666666666666
0.008333333333333333
0.008333333333333333
0.0030000000000000005
0.019666666666666666
0.0016666666666666668
0.017333333333333333
0.004
0.021333333333333333
0.0030000000000000005
0.0013333333333333333
0.009666666666666665
0.012666666666666666
0.0026666666666666666
6.666666666666666E-4
0.0013333333333333333
3.333333333333333E-4
0.0036666666666666666
0.0013333333333333333
0.005
0.002
0.005
0.027333333333333334
0.005333333333333333
0.02466666666666667
0.001
0.002
0.0013333333333333333
0.0013333333333333333
0.0023333333333333335
0.0013333333333333333
0.027333333333333334
0.0026666666666666666
0.002
0.0013333333333333333
0.0030000000000000005
6.666666666666666E-4
0.005333333333333333
0.05033333333333334
0.004
0.005333333333333333
0.002
0.0013333333333333333
0.005
0.002
0.002
0.0036666666666666666
0.0013333333333333333
0.001
0.028666666666666663
0.006666666666666667
0.0023333333333333335
0.0033333333333333335
0.03333333333333333
0.001
0.044333333333333336
0.014666666666666666
0.022000000000000002
0.0033333333333333335
0.006000000000000001
6.666666666666666E-4
0.002
0.0016666666666666668
0.0013333333333333333
0.0030000000000000005
0.017333333333333336
0.012666666666666666
0.011000000000000001
0.015666666666666666
0.005666666666666667
0.006999999999999999
0.017666666666666667
0.017666666666666667
0.0030000000000000005
0.0023333333333333335
0.0026666666666666666
0.0030000000000000005
0.0036666666666666666
0.0023333333333333335
0.017333333333333336
0.0026666666666666666
0.0030000000000000005
0.002
0.0016666666666666668
0.001
0.006666666666666667
0.0013333333333333333
0.001
0.006666666666666667
0.0033333333333333335
0.007
0.013
0.002
0.0023333333333333335
0.006000000000000001
0.0013333333333333333
0.008666666666666666
0.0023333333333333335
0.0033333333333333335
0.005666666666666667
0.0013333333333333333
0.0013333333333333333
0.001
0.009
0.008
0.0026666666666666666
0.004333333333333334
0.005
0.017333333333333336
0.001
0.001
0.0023333333333333335
0.001
0.0023333333333333335
0.002
0.0033333333333333335
0.008
6.666666666666666E-4
0.004
0.0013333333333333333
0.01
0.002
0.007333333333333333
0.010666666666666666
0.008
0.001
0.0023333333333333335
0.04066666666666666
0.006333333333333333
0.008
0.004666666666666667
0.011666666666666667
0.001
0.01
0.01
0.018666666666666665
0.0023333333333333335
0.006666666666666667
0.056666666666666664
0.0026666666666666666
0.005
0.004
0.002
6.666666666666666E-4
0.0023333333333333335
0.005666666666666667
0.004
0.0026666666666666666
0.0013333333333333333
0.004
0.006666666666666667
0.0026666666666666666
0.0033333333333333335
0.007
0.0026666666666666666
0.004333333333333334
0.002
6.666666666666666E-4
0.009333333333333332
0.0023333333333333335
0.0026666666666666666
6.666666666666666E-4
0.06
0.0016666666666666668
0.0030000000000000005
0.011666666666666667
0.004
0.0026666666666666666
0.011000000000000001
0.01
0.0030000000000000005
0.008666666666666668
0.036
0.008333333333333333
0.004333333333333334
0.004666666666666667
0.004666666666666667
0.001
0.0036666666666666666
0.001
0.0023333333333333335
0.004
0.001
0.0033333333333333335
0.010333333333333333
0.03633333333333333
0.029333333333333333
0.006333333333333333
0.004333333333333334
0.004
0.0013333333333333333
0.004666666666666667
0.0013333333333333333
0.001
3.333333333333333E-4
0.009666666666666665
0.009
0.0013333333333333333
0.004666666666666667
0.0033333333333333335
6.666666666666666E-4
0.004666666666666667
0.0030000000000000005
0.005333333333333333
0.016666666666666666
0.004
0.0026666666666666666
0.002
0.004666666666666667
0.004666666666666667
0.005
0.002
0.0013333333333333333
0.0016666666666666668
0.03466666666666667
0.0013333333333333333
0.022333333333333334
0.0026666666666666666
0.005666666666666667
0.016666666666666666
0.0013333333333333333
0.015333333333333332
0.0030000000000000005
0.001
6.666666666666666E-4
0.0036666666666666666
0.0026666666666666666
6.666666666666666E-4
0.007333333333333333
0.0013333333333333333
6.666666666666666E-4
0.0016666666666666668
0.011000000000000001
0.0016666666666666668
0.051333333333333335
0.0016666666666666668
0.0023333333333333335
0.004333333333333334
0.0016666666666666668
0.0033333333333333335
0.002
0.001
0.0013333333333333333
0.03466666666666667
0.0013333333333333333
0.007666666666666666
0.0013333333333333333
0.0033333333333333335
0.0033333333333333335
0.0023333333333333335
0.002
0.009000000000000001
0.016
0.0026666666666666666
0.0036666666666666666
0.006333333333333334
0.0013333333333333333
0.006000000000000001
0.010666666666666666
0.006666666666666667
0.0033333333333333335
0.004666666666666667
0.004333333333333334
0.0033333333333333335
0.001
0.002
0.001
0.0030000000000000005
6.666666666666666E-4
0.007
0.0013333333333333333
0.006666666666666667
0.005999999999999999
0.0026666666666666666
0.012666666666666666
0.001
0.005
0.0030000000000000005
6.666666666666666E-4
0.0023333333333333335
0.005333333333333333
6.666666666666666E-4
0.0026666666666666666
0.001
0.017
0.001
0.0013333333333333333
0.0030000000000000005
0.002
0.005
0.004
0.002
0.0026666666666666666
0.0013333333333333333
0.004333333333333334
0.001
0.009666666666666665
0.0013333333333333333
0.0033333333333333335
0.001
0.009333333333333332
0.0030000000000000005
0.0013333333333333333
0.0026666666666666666
0.016333333333333335
0.0033333333333333335
0.006333333333333333
0.018333333333333337
0.007
0.002
0.005666666666666667
0.0016666666666666668
0.03133333333333333
0.004
0.0016666666666666668
0.0013333333333333333
0.005666666666666667
0.008666666666666668
0.002
0.0036666666666666666
0.001
0.0023333333333333335
0.0013333333333333333
0.005333333333333333
0.0033333333333333335
0.013
0.008
0.030666666666666665
0.009333333333333332
6.666666666666666E-4
6.666666666666666E-4
0.0030000000000000005
0.0026666666666666666
0.0023333333333333335
0.001
0.001
6.666666666666666E-4
0.02
0.0033333333333333335
0.001
0.006000000000000001
0.001
6.666666666666666E-4
0.011666666666666667
0.0016666666666666668
6.666666666666666E-4
0.004
0.011666666666666667
0.0030000000000000005
0.019
0.0013333333333333333
0.01
0.001
0.005666666666666667
0.0030000000000000005
0.0013333333333333333
0.02266666666666667
0.0036666666666666666
0.004
0.0023333333333333335
0.044333333333333336
0.051
0.016666666666666666
0.004666666666666667
0.004333333333333334
0.0026666666666666666
0.0016666666666666668
0.0030000000000000005
0.008333333333333333
0.001
0.008
0.0013333333333333333
0.002
0.0026666666666666666
0.0026666666666666666
0.006999999999999999
0.004666666666666667
0.0013333333333333333
0.028
0.0036666666666666666
0.005666666666666667
0.001
0.008666666666666668
6.666666666666666E-4
0.0023333333333333335
0.0016666666666666668
0.0023333333333333335
6.666666666666666E-4
0.0036666666666666666
0.0026666666666666666
0.002
0.0013333333333333333
0.002
0.005333333333333333
0.0026666666666666666
0.0036666666666666666
0.0013333333333333333
0.002
0.0016666666666666668
0.0030000000000000005
0.0036666666666666666
0.004333333333333334
0.002
0.0026666666666666666
0.001
0.0026666666666666666
0.004333333333333334
0.011666666666666667
0.0036666666666666666
0.005666666666666667
6.666666666666666E-4
0.008333333333333333
0.005666666666666667
0.033
0.0013333333333333333
0.0026666666666666666
0.005666666666666667
0.0013333333333333333
0.006333333333333333
0.0036666666666666666
0.001
0.0033333333333333335
0.0026666666666666666
0.0013333333333333333
0.005333333333333333
0.0030000000000000005
0.007333333333333333
0.005
0.001
0.005
0.04
0.001
0.0013333333333333333
0.0030000000000000005
0.001
0.0016666666666666668
0.0030000000000000005
0.004666666666666667
0.005666666666666667
0.004333333333333334
0.030666666666666665
0.0033333333333333335
0.017666666666666667
0.0016666666666666668
0.004666666666666667
0.0016666666666666668
0.0026666666666666666
0.0016666666666666668
0.002
0.0036666666666666666
0.009333333333333332
0.009
0.0013333333333333333
0.0030000000000000005
0.004333333333333334
0.008666666666666668
0.004
0.010333333333333333
0.001
0.005
0.016666666666666666
0.007666666666666666
0.0026666666666666666
0.0013333333333333333
0.0016666666666666668
6.666666666666666E-4
3.333333333333333E-4
0.0033333333333333335
0.0013333333333333333
0.001
0.005333333333333333
0.0013333333333333333
0.042333333333333334
0.0016666666666666668
0.0013333333333333333
0.005
0.0036666666666666666
0.0023333333333333335
0.001
0.004333333333333334
0.0030000000000000005
0.0033333333333333335
0.0030000000000000005
0.0026666666666666666
0.0026666666666666666
0.004666666666666667
0.008333333333333333
0.004333333333333334
0.0030000000000000005
0.007
0.0013333333333333333
0.0013333333333333333
0.0023333333333333335
0.005333333333333333
0.0033333333333333335
0.005
0.0036666666666666666
0.0013333333333333333
0.0023333333333333335
0.0016666666666666668
0.005666666666666667
0.0016666666666666668
0.0016666666666666668
0.011666666666666665
0.0033333333333333335
0.0023333333333333335
0.0033333333333333335
0.007666666666666666
0.0030000000000000005
0.002
0.02033333333333333
0.002
0.0030000000000000005
0.001
0.0033333333333333335
0.004333333333333334
0.0030000000000000005
0.006666666666666667
0.002
0.004333333333333334
6.666666666666666E-4
0.0036666666666666666
0.004
0.0016666666666666668
0.002
0.0026666666666666666
0.011666666666666667
0.027
0.008333333333333333
0.0036666666666666666
0.0026666666666666666
0.0023333333333333335
0.0023333333333333335
0.0016666666666666668
0.013
0.008
6.666666666666666E-4
0.0033333333333333335
0.0026666666666666666
0.002
0.001
0.014333333333333332
0.006666666666666667
0.0026666666666666666
0.002
6.666666666666666E-4
0.0016666666666666668
0.006666666666666667
0.005
0.001
3.333333333333333E-4
0.005666666666666667
0.0026666666666666666
0.002
0.0013333333333333333
0.008
0.008333333333333333
0.0023333333333333335
0.007333333333333333
0.0030000000000000005
0.03466666666666667
0.004333333333333334
0.006666666666666667
0.010666666666666666
0.012333333333333335
0.004666666666666667
0.0026666666666666666
0.0036666666666666666
0.001
0.013999999999999999
0.001
0.007333333333333333
0.001
0.001
0.001
0.0016666666666666668
0.002
0.005666666666666667
0.011666666666666667
0.0013333333333333333
0.002
0.001
0.0013333333333333333
6.666666666666666E-4
0.002
0.057333333333333326
6.666666666666666E-4
0.001
0.002
6.666666666666666E-4
0.004666666666666667
6.666666666666666E-4
0.0030000000000000005
0.002
0.008333333333333333
0.020666666666666663
0.002
0.0036666666666666666
6.666666666666666E-4
0.018333333333333337
0.008333333333333333
0.0026666666666666666
0.0026666666666666666
0.004333333333333334
0.0013333333333333333
0.0023333333333333335
0.0016666666666666668
0.004333333333333334
0.0026666666666666666
0.0033333333333333335
0.0016666666666666668
0.0016666666666666668
0.0013333333333333333
0.0016666666666666668
0.0026666666666666666
0.008
0.0036666666666666666
0.0016666666666666668
0.013666666666666667
0.0016666666666666668
0.006000000000000001
0.0036666666666666666
0.004
0.0013333333333333333
0.004333333333333334
0.001
0.0016666666666666668
0.006333333333333333
0.0013333333333333333
0.0036666666666666666
0.001
0.011999999999999999
0.002
0.0023333333333333335
0.0030000000000000005
0.005
0.005
0.013
0.0030000000000000005
0.002
0.002
0.0030000000000000005
0.004
0.002
0.015
0.0030000000000000005
0.0030000000000000005
0.0023333333333333335
0.0013333333333333333
0.025666666666666667
6.666666666666666E-4
0.0026666666666666666
0.001
0.0013333333333333333
0.002
0.006000000000000001
0.0033333333333333335
0.0016666666666666668
0.002
0.004333333333333334
0.005666666666666667
0.0013333333333333333
0.0026666666666666666
0.002
0.007
0.004666666666666666
0.005999999999999999
0.0013333333333333333
6.666666666666666E-4
0.002
0.06333333333333334
0.004333333333333334
0.007666666666666666
6.666666666666666E-4
0.0036666666666666666
0.004333333333333334
0.0030000000000000005
0.052333333333333336
0.009333333333333332
0.004666666666666667
0.0013333333333333333
6.666666666666666E-4
0.0036666666666666666
0.0016666666666666668
0.032
0.008333333333333333
0.004666666666666667
0.001
0.001
0.0023333333333333335
0.002
0.012333333333333333
0.0030000000000000005
0.006333333333333334
0.001
0.0026666666666666666
0.0013333333333333333
0.009333333333333332
0.035333333333333335
0.0013333333333333333
6.666666666666666E-4
0.0023333333333333335
3.333333333333333E-4
0.005
0.006999999999999999
0.041
0.011000000000000001
0.037333333333333336
0.0016666666666666668
0.004666666666666666
0.006000000000000001
0.01
0.0026666666666666666
0.008
0.0016666666666666668
0.0036666666666666666
0.0016666666666666668
6.666666666666666E-4
0.007333333333333333
0.001
0.0026666666666666666
0.002
0.006333333333333334
0.013
0.001
0.011333333333333334
0.0016666666666666668
0.008333333333333333
0.0033333333333333335
0.0016666666666666668
0.0013333333333333333
0.001
0.0016666666666666668
0.024666666666666667
0.0023333333333333335
0.001
0.006666666666666667
0.004333333333333334
0.016
0.048999999999999995
0.0023333333333333335
0.0023333333333333335
0.0023333333333333335
0.002
0.0013333333333333333
0.0036666666666666666
0.008
0.006666666666666667
0.005666666666666667
0.022333333333333334
0.002
0.0023333333333333335
0.0016666666666666668
0.005333333333333333
0.005333333333333333
0.0013333333333333333
0.0030000000000000005
0.0023333333333333335
0.005333333333333333
0.004666666666666667
0.008
0.024000000000000004
0.0016666666666666668
0.005666666666666667
0.002
0.0026666666666666666
0.002
0.001
6.666666666666666E-4
0.005999999999999999
0.0023333333333333335
0.001
0.0013333333333333333
0.011000000000000001
0.001
0.0023333333333333335
0.0013333333333333333
0.0033333333333333335
0.0013333333333333333
0.0030000000000000005
0.0013333333333333333
6.666666666666666E-4
0.022333333333333334
0.005
0.004
0.0023333333333333335
0.0023333333333333335
0.0026666666666666666
0.011666666666666665
0.008333333333333333
0.0030000000000000005
0.004666666666666667
0.0013333333333333333
0.006666666666666667
0.0033333333333333335
0.005666666666666667
0.0033333333333333335
0.005
0.008333333333333333
0.0016666666666666668
0.002
0.010666666666666666
0.005666666666666667
0.015
0.006333333333333334
0.034333333333333334
0.006000000000000001
0.002
0.004333333333333334
0.0030000000000000005
0.0013333333333333333
0.002
3.333333333333333E-4
0.004333333333333334
0.004333333333333334
0.017333333333333333
0.001
0.0013333333333333333
0.004666666666666667
0.004333333333333334
0.0036666666666666666
6.666666666666666E-4
0.0013333333333333333
0.015
0.02266666666666667
0.006666666666666667
0.008
0.001
0.007666666666666666
0.002
0.004
0.002
0.016333333333333335
0.005
0.002
0.0013333333333333333
6.666666666666666E-4
3.333333333333333E-4
0.0013333333333333333
0.001
0.0036666666666666666
0.001
0.014333333333333332
0.005666666666666667
0.001
0.006333333333333334
0.0016666666666666668
0.0026666666666666666
0.0013333333333333333
6.666666666666666E-4
0.013999999999999999
0.001
0.007333333333333333
0.032
6.666666666666666E-4
0.0016666666666666668
6.666666666666666E-4
0.015
0.004333333333333334
0.03366666666666667
0.001
0.006666666666666667
0.004333333333333334
6.666666666666666E-4
0.011333333333333334
0.001
6.666666666666666E-4
0.0016666666666666668
3.333333333333333E-4
0.001
0.006666666666666667
0.0013333333333333333
0.0023333333333333335
0.0016666666666666668
0.008333333333333333
0.0016666666666666668
0.0036666666666666666
0.0026666666666666666
0.0023333333333333335
0.005
0.0016666666666666668
0.007
0.002
0.016
0.0026666666666666666
0.008333333333333333
0.001
6.666666666666666E-4
3.333333333333333E-4
0.014333333333333332
0.001
0.0036666666666666666
0.0026666666666666666
6.666666666666666E-4
6.666666666666666E-4
0.001
0.005
0.012333333333333333
0.0013333333333333333
0.005
0.0023333333333333335
0.0026666666666666666
0.0013333333333333333
0.0016666666666666668
0.0013333333333333333
0.0023333333333333335
0.0013333333333333333
0.005333333333333333
6.666666666666666E-4
0.007333333333333334
0.02466666666666667
0.0023333333333333335
0.005999999999999999
0.0023333333333333335
0.0030000000000000005
6.666666666666666E-4
0.0016666666666666668
0.006999999999999999
0.010333333333333333
6.666666666666666E-4
6.666666666666666E-4
0.0013333333333333333
0.006000000000000001
0.0023333333333333335
0.006999999999999999
0.06466666666666666
0.0016666666666666668
0.0016666666666666668
0.002
0.011333333333333334
0.001
0.004
0.0036666666666666666
0.0013333333333333333
0.001
0.0016666666666666668
0.0013333333333333333
0.007
0.001
0.0026666666666666666
0.0013333333333333333
0.009333333333333332
0.005666666666666667
0.002
0.0030000000000000005
0.0013333333333333333
0.004666666666666667
0.004666666666666667
0.0016666666666666668
0.0023333333333333335
0.0026666666666666666
0.0033333333333333335
0.0026666666666666666
0.0013333333333333333
0.0033333333333333335
0.006000000000000001
0.03333333333333333
0.010333333333333333
0.007666666666666666
0.0013333333333333333
6.666666666666666E-4
6.666666666666666E-4
0.009666666666666665
0.0036666666666666666
0.0030000000000000005
0.001
0.0023333333333333335
0.0030000000000000005
0.004
0.014666666666666666
0.0016666666666666668
0.011333333333333334
0.004333333333333334
0.009000000000000001
0.002
0.03166666666666667
0.007333333333333333
0.005666666666666667
0.004666666666666667
0.0033333333333333335
0.001
6.666666666666666E-4
0.0023333333333333335
0.004333333333333334
0.0016666666666666668
0.0036666666666666666
0.0030000000000000005
0.045000000000000005
0.0013333333333333333
0.004666666666666667
0.004333333333333334
0.0013333333333333333
0.0030000000000000005
0.016
0.0016666666666666668
0.012333333333333335
0.004
0.0033333333333333335
0.0013333333333333333
0.002
0.0013333333333333333
0.006333333333333333
0.035333333333333335
0.007666666666666666
0.001
0.0033333333333333335
0.0026666666666666666
6.666666666666666E-4
0.0030000000000000005
0.006666666666666667
0.004
0.0013333333333333333
0.004666666666666667
0.0023333333333333335
0.011333333333333334
0.001
0.006000000000000001
0.015333333333333332
0.0026666666666666666
0.0023333333333333335
0.0016666666666666668
0.0013333333333333333
0.001
0.001
6.666666666666666E-4
0.0013333333333333333
0.014666666666666666
0.0033333333333333335
0.0026666666666666666
0.0023333333333333335
0.0013333333333333333
0.0036666666666666666
0.002
0.0026666666666666666
0.024999999999999998
0.004333333333333334
0.001
0.005
0.006333333333333334
0.004333333333333334
0.0026666666666666666
0.02266666666666667
0.0023333333333333335
0.004333333333333334
0.0023333333333333335
0.0026666666666666666
0.0026666666666666666
0.006333333333333334
0.0013333333333333333
0.0016666666666666668
0.012666666666666666
0.005666666666666667
0.005
0.0026666666666666666
0.005333333333333333
0.001
0.005
0.014
0.001
0.0023333333333333335
0.02666666666666667
0.02666666666666667
0.007666666666666666
0.0016666666666666668
0.0013333333333333333
0.004333333333333334
0.006666666666666667
0.0026666666666666666
0.0030000000000000005
0.01
0.006000000000000001
0.005
0.001
0.0013333333333333333
0.001
0.006000000000000001
0.008333333333333333
0.0036666666666666666
0.006000000000000001
0.006000000000000001
0.004
0.005333333333333333
0.001
0.009333333333333332
0.026
0.001
0.001
0.0026666666666666666
0.009333333333333332
0.035
0.007666666666666666
0.005666666666666667
0.010333333333333333
0.005333333333333333
0.006666666666666667
0.0033333333333333335
0.005666666666666667
0.005666666666666667
0.0016666666666666668
0.0026666666666666666
0.008333333333333333
0.0030000000000000005
0.004333333333333334
0.006333333333333333
0.0023333333333333335
0.0023333333333333335
0.0016666666666666668
0.005666666666666667
0.0016666666666666668
0.0016666666666666668
0.002
0.0030000000000000005
0.0030000000000000005
0.0023333333333333335
0.0036666666666666666
0.001
0.004
0.0016666666666666668
0.004333333333333334
0.0016666666666666668
6.666666666666666E-4
0.001
0.0013333333333333333
0.04966666666666667
0.008
0.002
0.004
0.0016666666666666668
0.0023333333333333335
0.0026666666666666666
0.002
0.0030000000000000005
6.666666666666666E-4
0.06266666666666666
0.0026666666666666666
0.009
0.0033333333333333335
6.666666666666666E-4
0.0026666666666666666
0.0016666666666666668
0.0016666666666666668
0.001
0.002
0.004333333333333334
0.005333333333333333
0.0030000000000000005
0.005666666666666667
0.0026666666666666666
0.008333333333333333
6.666666666666666E-4
0.0013333333333333333
0.0030000000000000005
0.001
0.0026666666666666666
0.0026666666666666666
0.009333333333333332
0.001
0.0033333333333333335
6.666666666666666E-4
0.011333333333333334
0.0016666666666666668
0.0013333333333333333
0.001
0.002
0.004666666666666667
0.004666666666666667
0.006000000000000001
0.013666666666666666
0.001
0.0033333333333333335
0.001
0.0013333333333333333
0.004333333333333334
0.0026666666666666666
0.002
0.002
0.005
0.004666666666666667
0.002
0.005666666666666667
0.0013333333333333333
0.006000000000000001
0.002
0.0016666666666666668
0.017333333333333336
0.007666666666666666
0.0023333333333333335
0.0023333333333333335
0.007333333333333333
0.007333333333333333
0.013333333333333334
0.008
0.017333333333333336
0.002
0.004333333333333334
0.0016666666666666668
6.666666666666666E-4
0.004666666666666667
0.006000000000000001
0.001
0.0036666666666666666
0.011333333333333334
0.0036666666666666666
0.0013333333333333333
0.002
0.01333333333333333
0.0026666666666666666
0.0033333333333333335
0.014666666666666666
0.0033333333333333335
0.005
0.0036666666666666666
0.0036666666666666666
0.005666666666666667
0.001
0.002
0.0026666666666666666
0.004333333333333334
0.001
0.0023333333333333335
0.002
0.0016666666666666668
0.002
0.01933333333333333
0.006000000000000001
0.009666666666666665
0.01
0.0016666666666666668
0.0016666666666666668
0.016999999999999998
0.002
0.0026666666666666666
0.0023333333333333335
0.03566666666666667
0.0036666666666666666
0.0026666666666666666
0.007666666666666666
0.012333333333333335
0.0023333333333333335
6.666666666666666E-4
0.0030000000000000005
0.0023333333333333335
6.666666666666666E-4
0.002
0.005
0.0016666666666666668
0.001
0.0013333333333333333
0.001
0.0013333333333333333
0.005666666666666667
0.0026666666666666666
0.002
0.0026666666666666666
0.002
0.0036666666666666666
0.004
0.0030000000000000005
0.0013333333333333333
0.0023333333333333335
0.002
0.0026666666666666666
0.002
0.009666666666666665
0.0016666666666666668
0.0026666666666666666
0.0013333333333333333
0.006333333333333333
0.004333333333333334
0.002
0.005333333333333333
0.0033333333333333335
3.333333333333333E-4
0.004333333333333334
0.008
0.005
0.002
0.004333333333333334
0.006999999999999999
0.004
0.005666666666666667
0.009
0.0016666666666666668
0.001
0.012333333333333335
6.666666666666666E-4
0.005
0.0023333333333333335
0.0030000000000000005
0.0023333333333333335
0.0026666666666666666
0.0023333333333333335
0.001
6.666666666666666E-4
0.0026666666666666666
0.0026666666666666666
0.004
0.0036666666666666666
0.0030000000000000005
0.0026666666666666666
0.0026666666666666666
0.0026666666666666666
0.0016666666666666668
0.0013333333333333333
0.006666666666666667
0.005333333333333333
0.028666666666666663
0.006666666666666667
0.001
0.001
0.008333333333333333
0.006666666666666667
0.0016666666666666668
0.004666666666666666
0.056999999999999995
0.001
0.007
6.666666666666666E-4
0.001
0.001
0.0026666666666666666
0.0036666666666666666
0.0033333333333333335
0.004333333333333334
0.009333333333333332
0.0030000000000000005
0.0033333333333333335
0.0030000000000000005
0.026333333333333334
0.0026666666666666666
0.03366666666666667
0.0013333333333333333
0.0030000000000000005
0.0016666666666666668
0.0036666666666666666
0.0026666666666666666
0.002
0.005
0.008333333333333333
0.0033333333333333335
0.001
0.0033333333333333335
0.001
0.0026666666666666666
0.0026666666666666666
0.005333333333333333
6.666666666666666E-4
0.0016666666666666668
0.006000000000000001
0.001
0.006000000000000001
0.001
0.0013333333333333333
0.0013333333333333333
0.005333333333333333
0.002
0.005666666666666667
0.0013333333333333333
0.002
0.007666666666666666
0.006000000000000001
0.001
0.0033333333333333335
0.0030000000000000005
0.0030000000000000005
0.005
0.005
0.0026666666666666666
0.004666666666666667
0.0026666666666666666
0.0026666666666666666
0.004333333333333334
0.007333333333333333
0.005666666666666667
0.0023333333333333335
0.006666666666666667
0.010333333333333333
0.008333333333333333
0.0033333333333333335
0.0026666666666666666
0.0036666666666666666
0.0026666666666666666
0.0030000000000000005
0.0013333333333333333
0.0023333333333333335
0.0013333333333333333
0.008
0.0016666666666666668
0.0016666666666666668
0.0026666666666666666
0.0013333333333333333
0.0013333333333333333
0.006333333333333333
0.007666666666666666
0.004333333333333334
0.0023333333333333335
0.005
0.006333333333333334
0.002
0.005
0.0016666666666666668
0.04133333333333333
0.005333333333333333
0.004
0.001
0.006000000000000001
0.001
0.002
0.031
0.0016666666666666668
0.0016666666666666668
0.004
0.0030000000000000005
0.001
0.004333333333333334
0.0013333333333333333
0.0026666666666666666
0.008
0.019666666666666666
0.004
0.0013333333333333333
0.002
0.0033333333333333335
0.0016666666666666668
0.01
0.0033333333333333335
0.008666666666666668
0.009
0.0026666666666666666
0.004666666666666667
0.03
0.0013333333333333333
0.001
0.007333333333333333
0.007333333333333333
0.0013333333333333333
0.0026666666666666666
0.004666666666666667
0.004666666666666666
0.002
0.004
0.0026666666666666666
0.0013333333333333333
0.001
0.0016666666666666668
0.001
6.666666666666666E-4
6.666666666666666E-4
0.0016666666666666668
0.007666666666666666
6.666666666666666E-4
0.0030000000000000005
0.0026666666666666666
0.004
0.0016666666666666668
0.001
0.006333333333333333
0.0023333333333333335
0.03333333333333333
6.666666666666666E-4
0.006333333333333334
0.0026666666666666666
0.005666666666666667
0.0030000000000000005
0.0026666666666666666
0.0016666666666666668
0.004
0.0030000000000000005
0.034333333333333334
0.0013333333333333333
0.013999999999999999
0.001
0.0016666666666666668
0.03133333333333333
0.0026666666666666666
0.0013333333333333333
0.004
0.0033333333333333335
0.0016666666666666668
0.001
0.0030000000000000005
0.006000000000000001
0.001
0.001
0.004666666666666667
0.008333333333333333
0.0013333333333333333
0.013666666666666666
0.0033333333333333335
6.666666666666666E-4
6.666666666666666E-4
0.002
0.004
0.0030000000000000005
0.001
0.001
6.666666666666666E-4
0.015333333333333332
0.0013333333333333333
0.007
0.002
0.005666666666666667
0.001
0.0023333333333333335
0.0023333333333333335
0.004
0.0016666666666666668
0.005
0.0016666666666666668
0.005666666666666667
6.666666666666666E-4
0.0026666666666666666
0.001
0.005333333333333333
0.0026666666666666666
0.0036666666666666666
0.006666666666666667
0.0013333333333333333
0.0030000000000000005
0.002
6.666666666666666E-4
0.008333333333333333
0.006666666666666667
0.02
0.0033333333333333335
0.007333333333333333
0.0030000000000000005
0.002
0.0026666666666666666
0.004666666666666667
0.0023333333333333335
0.0026666666666666666
0.009333333333333332
0.021666666666666667
0.0023333333333333335
0.0033333333333333335
0.01
0.0033333333333333335
0.06133333333333333
0.005333333333333333
6.666666666666666E-4
0.0036666666666666666
0.002
0.006999999999999999
0.006000000000000001
0.002
0.006999999999999999
0.0033333333333333335
0.0033333333333333335
0.004333333333333334
0.004666666666666667
0.009666666666666665
0.018333333333333337
0.0033333333333333335
0.004
0.029333333333333333
0.022000000000000002
0.006333333333333334
0.0026666666666666666
0.006333333333333333
0.002
0.0033333333333333335
0.001
0.0016666666666666668
0.0030000000000000005
0.013333333333333334
0.005666666666666667
0.001
0.023333333333333334
0.001
0.0033333333333333335
0.004666666666666667
0.0030000000000000005
0.004666666666666667
0.011333333333333334
0.0023333333333333335
0.005666666666666667
0.008333333333333333
6.666666666666666E-4
0.0013333333333333333
0.001
6.666666666666666E-4
0.0023333333333333335
0.02033333333333333
6.666666666666666E-4
0.0013333333333333333
0.05533333333333334
0.012333333333333333
0.0033333333333333335
0.007333333333333333
0.001
0.004
0.052
0.0030000000000000005
0.0023333333333333335
0.006999999999999999
0.008666666666666668
0.002
0.001
0.004333333333333334
0.001
0.0026666666666666666
0.0030000000000000005
0.0016666666666666668
0.0033333333333333335
0.006000000000000001
0.0033333333333333335
0.0026666666666666666
0.0030000000000000005
0.0033333333333333335
0.004333333333333334
0.001
0.0023333333333333335
0.006666666666666667
0.0023333333333333335
0.002
0.0013333333333333333
0.006000000000000001
0.0033333333333333335
0.007666666666666666
0.007333333333333333
0.0013333333333333333
0.0036666666666666666
0.006000000000000001
0.023000000000000003
0.005666666666666667
0.012666666666666666
0.007333333333333333
0.0013333333333333333
0.008
0.026
0.023000000000000003
0.005333333333333333
0.01
0.004333333333333334
0.005
0.002
0.019666666666666666
0.012333333333333335
0.018
0.01
0.02
0.0036666666666666666
0.004666666666666667
0.006999999999999999
0.03833333333333334
0.01
0.0030000000000000005
0.021333333333333333
0.0016666666666666668
0.043000000000000003
0.009
0.0016666666666666668
0.009666666666666665
0.002
0.004666666666666666
0.0016666666666666668
0.004666666666666667
0.004666666666666667
0.001
0.0016666666666666668
0.008666666666666668
0.010333333333333332
0.0016666666666666668
0.015333333333333332
0.011666666666666667
0.0030000000000000005
0.0013333333333333333
0.0023333333333333335
0.0026666666666666666
0.005333333333333333
0.0023333333333333335
0.004
0.005333333333333333
0.002
0.0033333333333333335
0.0016666666666666668
0.004
0.017
0.0016666666666666668
0.057333333333333326
0.002
0.001
0.0023333333333333335
0.007
0.0030000000000000005
0.008
0.013666666666666667
0.0030000000000000005
0.0026666666666666666
0.001
0.0013333333333333333
0.0033333333333333335
0.0013333333333333333
0.0023333333333333335
0.012333333333333335
0.006666666666666667
0.001
0.001
0.002
0.006333333333333333
0.0023333333333333335
0.0016666666666666668
0.0016666666666666668
0.0026666666666666666
0.0016666666666666668
0.006000000000000001
0.0026666666666666666
0.0030000000000000005
0.0023333333333333335
0.001
0.050666666666666665
0.0036666666666666666
0.009000000000000001
0.004333333333333334
0.009333333333333332
0.007333333333333333
0.008
0.004
0.0033333333333333335
0.001
0.029333333333333333
0.0026666666666666666
0.0016666666666666668
0.0016666666666666668
0.0013333333333333333
0.001
0.012666666666666666
0.004333333333333334
0.0036666666666666666
0.005333333333333333
0.0023333333333333335
0.005
0.006333333333333333
0.002
0.001
0.0016666666666666668
0.001
0.04533333333333334
0.004
0.0016666666666666668
0.005333333333333333
0.004333333333333334
0.008
0.0013333333333333333
0.0023333333333333335
0.011999999999999999
0.0036666666666666666
0.0016666666666666668
0.0013333333333333333
0.0016666666666666668
0.002
0.0016666666666666668
0.009
0.009
0.0030000000000000005
0.0030000000000000005
0.004
0.008666666666666668
0.0016666666666666668
0.0036666666666666666
0.001
0.001
0.0013333333333333333
0.001
0.009
0.0016666666666666668
0.0036666666666666666
0.02266666666666667
0.012666666666666666
0.0023333333333333335
0.0030000000000000005
0.002
0.006000000000000001
0.0036666666666666666
0.005333333333333333
0.0026666666666666666
0.009
0.0026666666666666666
0.0023333333333333335
0.0036666666666666666
0.013666666666666666
0.0023333333333333335
0.005666666666666667
0.004333333333333334
0.0026666666666666666
0.004333333333333333
0.01
0.013999999999999999
0.0026666666666666666
3.333333333333333E-4
0.004
0.004
0.002
0.002
0.002
0.005333333333333333
0.023333333333333334
0.0016666666666666668
0.010666666666666666
0.0030000000000000005
0.0030000000000000005
0.011333333333333334
0.005666666666666667
0.007666666666666666
0.0016666666666666668
0.006333333333333333
0.0026666666666666666
0.004
0.011000000000000001
0.006999999999999999
0.008333333333333333
0.002
0.006666666666666667
0.006666666666666667
0.0013333333333333333
0.004333333333333334
0.004
0.0033333333333333335
0.0013333333333333333
0.0023333333333333335
