0.32466666666666666
0.254
0.16966666666666666
0.17499999999999996
0.312
0.08133333333333333
0.15933333333333333
0.3296666666666667
0.08833333333333333
0.17566666666666664
0.09433333333333334
0.26433333333333336
0.09133333333333334
0.24166666666666667
0.15866666666666665
0.239
0.17400000000000002
0.09800000000000002
0.17666666666666667
0.17633333333333334
0.35566666666666663
0.15066666666666664
0.10866666666666668
0.3446666666666667
0.22266666666666668
0.15766666666666665
0.081
0.18766666666666665
0.153
0.11333333333333334
0.15066666666666664
0.19466666666666668
0.20666666666666667
0.20633333333333334
0.31466666666666665
0.164
0.146
0.361
0.08266666666666667
0.303
0.25366666666666665
0.3076666666666667
0.32233333333333336
0.22366666666666668
0.19933333333333333
0.29233333333333333
0.16633333333333333
0.37366666666666665
0.2956666666666667
0.18666666666666668
0.07666666666666666
0.082
0.18899999999999997
0.214
0.08166666666666667
0.307
0.114
0.29433333333333334
0.24433333333333332
0.17400000000000002
0.301
0.20133333333333336
0.07433333333333332
0.07766666666666666
0.153
0.08766666666666667
0.09799999999999999
0.08166666666666667
0.15833333333333333
0.17899999999999996
0.20466666666666666
0.30433333333333334
0.214
0.18333333333333335
0.19699999999999998
0.21066666666666667
0.08333333333333333
0.288
0.285
0.2843333333333333
0.19699999999999998
0.06733333333333334
0.3336666666666667
0.288
0.103
0.211
0.16733333333333333
0.09633333333333334
0.17800000000000002
0.334
0.08133333333333333
0.07733333333333332
0.16066666666666665
0.20333333333333337
0.19666666666666668
0.27066666666666667
0.18633333333333332
0.078
0.08133333333333333
0.3456666666666666
0.38400000000000006
0.3476666666666666
0.25966666666666666
0.219
0.2803333333333333
0.18166666666666667
0.14466666666666664
0.15733333333333333
0.18800000000000003
0.16333333333333333
0.18866666666666668
0.163
0.18099999999999997
0.17366666666666664
0.21133333333333335
0.16566666666666666
0.156
0.371
0.3393333333333333
0.09033333333333333
0.10000000000000002
0.18333333333333335
0.11733333333333333
0.08033333333333333
0.08433333333333333
0.13733333333333334
0.165
0.21566666666666667
0.16366666666666665
0.35833333333333334
0.16866666666666666
0.17566666666666667
0.08533333333333333
0.19099999999999998
0.08833333333333333
0.09766666666666668
0.09000000000000001
0.20033333333333334
0.3196666666666667
0.08933333333333333
0.19733333333333336
0.08433333333333333
0.20033333333333334
0.25133333333333335
0.08800000000000001
0.06566666666666666
0.145
0.14966666666666664
0.084
0.13433333333333333
0.159
0.076
0.107
0.3499999999999999
0.24
0.20766666666666667
0.06266666666666666
0.19666666666666668
0.167
0.284
0.162
0.081
0.17633333333333331
0.17866666666666667
0.08533333333333333
0.204
0.08766666666666667
0.3416666666666666
0.08900000000000001
0.18966666666666665
0.206
0.27666666666666667
0.08433333333333333
0.166
0.166
0.105
0.09133333333333334
0.32266666666666666
0.07833333333333332
0.169
0.07233333333333332
0.11266666666666668
0.329
0.3546666666666667
0.286
0.329
0.3446666666666667
0.25433333333333336
0.325
0.07966666666666666
0.341
0.3053333333333333
0.18333333333333335
0.3513333333333333
0.18566666666666665
0.16233333333333333
0.18266666666666667
0.082
0.141
0.07333333333333335
0.166
0.13633333333333333
0.361
0.16933333333333334
0.156
0.06266666666666666
0.07533333333333332
0.16333333333333333
0.39733333333333337
0.16466666666666666
0.07166666666666667
0.18733333333333335
0.4523333333333333
0.209
0.146
0.18866666666666668
0.164
0.10266666666666667
0.22566666666666665
0.26633333333333337
0.33266666666666667
0.18533333333333335
0.16633333333333333
0.08933333333333333
0.16
0.14433333333333334
0.2806666666666666
0.32866666666666666
0.14833333333333332
0.18400000000000002
0.297
0.2856666666666667
0.17233333333333334
0.296
0.22166666666666668
0.19933333333333336
0.09666666666666668
0.14666666666666664
0.34299999999999997
0.35333333333333333
0.09500000000000001
0.15833333333333333
0.341
0.08666666666666667
0.18899999999999997
0.336
0.33899999999999997
0.3443333333333333
0.3233333333333333
0.24766666666666667
0.078
0.258
0.369
0.3433333333333333
0.07233333333333332
0.07733333333333332
0.07133333333333335
0.09033333333333333
0.18533333333333335
0.10200000000000002
0.08133333333333333
0.19200000000000003
0.08633333333333333
0.081
0.2976666666666667
0.10133333333333333
0.07733333333333332
0.18466666666666667
0.08366666666666667
0.156
0.134
0.16033333333333333
0.17533333333333334
0.07233333333333332
0.44566666666666666
0.3296666666666667
0.08733333333333333
0.11433333333333333
0.07066666666666667
0.26266666666666666
0.151
0.08766666666666667
0.17
0.078
0.21899999999999997
0.3423333333333333
0.09966666666666667
0.32
0.3253333333333333
0.29733333333333334
0.33
0.102
0.24533333333333332
0.17966666666666664
0.3443333333333333
0.10433333333333333
0.20633333333333334
0.29533333333333334
0.17533333333333334
0.20166666666666666
0.17766666666666664
0.149
0.4446666666666667
0.15466666666666665
0.17
0.19766666666666666
0.3383333333333334
0.24866666666666667
0.19499999999999998
0.3586666666666667
0.34600000000000003
0.25766666666666665
0.32466666666666666
0.35733333333333334
0.19200000000000003
0.15766666666666665
0.08900000000000001
0.075
0.16366666666666665
0.29666666666666663
0.17300000000000001
0.25233333333333335
0.3156666666666667
0.19766666666666666
0.09966666666666668
0.081
0.296
0.3866666666666667
0.20099999999999998
0.3293333333333333
0.17066666666666666
0.33433333333333337
0.16533333333333333
0.3113333333333333
0.357
0.08133333333333333
0.14366666666666664
0.35566666666666663
0.16233333333333333
0.07666666666666666
0.18699999999999997
0.27133333333333337
0.09566666666666668
0.18233333333333332
0.155
0.14666666666666664
0.17766666666666664
0.4643333333333333
0.16033333333333333
0.15566666666666665
0.168
0.08
0.09766666666666668
0.074
0.18766666666666665
0.153
0.16366666666666665
0.19033333333333333
0.19433333333333333
0.249
0.246
0.159
0.37766666666666665
0.09100000000000001
0.3336666666666667
0.38599999999999995
0.35366666666666663
0.2803333333333333
0.18133333333333335
0.2956666666666667
0.23299999999999998
0.07433333333333332
0.076
0.16333333333333333
0.18633333333333332
0.07933333333333333
0.38166666666666665
0.07
0.44533333333333336
0.3333333333333333
0.085
0.11333333333333334
0.07133333333333332
0.08833333333333333
0.26166666666666666
0.16633333333333333
0.073
0.18866666666666668
0.09133333333333334
0.36599999999999994
0.17
0.14666666666666664
0.35833333333333334
0.08066666666666666
0.19466666666666665
0.17766666666666664
0.17366666666666666
0.20233333333333334
0.20633333333333334
0.079
0.3553333333333333
0.28633333333333333
0.3093333333333333
0.28600000000000003
0.17033333333333334
0.1396666666666667
0.155
0.18033333333333332
0.16633333333333333
0.144
0.19933333333333336
0.078
0.167
0.19433333333333333
0.09000000000000001
0.07133333333333335
0.3356666666666667
0.18499999999999997
0.18466666666666667
0.35233333333333333
0.18633333333333332
0.339
0.09466666666666668
0.19499999999999998
0.08266666666666667
0.3196666666666667
0.3176666666666667
0.19033333333333333
0.15733333333333333
0.18833333333333332
0.31633333333333336
0.217
0.18666666666666668
0.18433333333333332
0.17066666666666666
0.336
0.167
0.18299999999999997
0.107
0.08933333333333333
0.14
0.18733333333333335
0.06933333333333334
0.272
0.171
0.3423333333333334
0.17466666666666666
0.18333333333333335
0.07566666666666666
0.18566666666666665
0.32433333333333336
0.19633333333333333
0.18499999999999997
0.3176666666666667
0.335
0.10133333333333333
0.29633333333333334
0.13566666666666669
0.22766666666666668
0.338
0.07233333333333335
0.2816666666666667
0.18000000000000002
0.09466666666666668
0.18433333333333332
0.17333333333333334
0.16166666666666665
0.3496666666666666
0.17
0.20733333333333334
0.34400000000000003
0.17033333333333334
0.07166666666666667
0.162
0.278
0.326
0.18766666666666665
0.10866666666666668
0.3133333333333333
0.19833333333333333
0.353
0.09500000000000001
0.2846666666666667
0.18633333333333332
0.26266666666666666
0.29433333333333334
0.122
0.06766666666666667
0.22633333333333336
0.20000000000000004
0.30266666666666664
0.327
0.13533333333333333
0.07733333333333332
0.3093333333333333
0.322
0.35666666666666663
0.16666666666666666
0.29666666666666663
0.20366666666666666
0.15066666666666664
0.1366666666666667
0.435
0.2993333333333333
0.16833333333333333
0.16466666666666666
0.28
0.273
0.08166666666666667
0.27233333333333337
0.28
0.18400000000000002
0.07033333333333334
0.29233333333333333
0.212
0.25466666666666665
0.08766666666666667
0.15533333333333332
0.363
0.25866666666666666
0.17366666666666666
0.3373333333333333
0.17633333333333331
0.08133333333333333
0.3383333333333334
0.20566666666666666
0.211
0.34299999999999997
0.168
0.08566666666666667
0.307
0.4736666666666667
0.331
0.3133333333333333
0.08533333333333333
0.09566666666666668
0.16666666666666666
0.38166666666666665
0.19233333333333333
0.07933333333333333
0.19400000000000003
0.17466666666666666
0.215
0.35800000000000004
0.3273333333333333
0.3593333333333333
0.282
0.45766666666666667
0.07666666666666666
0.35433333333333333
0.171
0.33466666666666667
0.18433333333333332
0.36400000000000005
0.09000000000000001
0.08
0.17066666666666666
0.17299999999999996
0.252
0.08333333333333333
0.2933333333333333
0.36800000000000005
0.18499999999999997
0.17166666666666663
0.19533333333333336
0.206
0.169
0.08333333333333333
0.162
0.08900000000000001
0.17733333333333334
0.07766666666666666
0.09233333333333334
0.16333333333333333
0.07266666666666667
0.08133333333333333
0.08166666666666667
0.17633333333333331
0.09700000000000002
0.30633333333333335
0.19666666666666668
0.17066666666666666
0.09066666666666667
0.19099999999999998
0.09600000000000002
0.32266666666666666
0.25166666666666665
0.334
0.3176666666666667
0.084
0.075
0.19899999999999998
0.18966666666666665
0.11833333333333333
0.326
0.3153333333333333
0.328
0.351
0.08233333333333333
0.4776666666666667
0.161
0.073
0.15833333333333333
0.341
0.17966666666666664
0.18466666666666667
0.25066666666666665
0.07500000000000001
0.328
0.275
0.134
0.24433333333333332
0.3356666666666667
0.08866666666666667
0.18699999999999997
0.167
0.3303333333333333
0.22599999999999998
0.285
0.17699999999999996
0.2313333333333333
0.08600000000000001
0.18633333333333332
0.2866666666666667
0.16533333333333333
0.21533333333333335
0.08900000000000001
0.08366666666666667
0.33266666666666667
0.342
0.31666666666666665
0.08233333333333333
0.15966666666666665
0.31666666666666665
0.08566666666666667
0.17166666666666666
0.08633333333333333
0.171
0.09766666666666668
0.3446666666666667
0.09266666666666667
0.19966666666666666
0.06666666666666667
0.09700000000000002
0.07166666666666667
0.08133333333333333
0.08733333333333333
0.2803333333333334
0.09033333333333333
0.16633333333333333
0.16666666666666666
0.16133333333333333
0.08133333333333333
0.105
0.163
0.19366666666666665
0.1366666666666667
0.17033333333333334
0.24333333333333332
0.342
0.06866666666666667
0.337
0.33
0.33866666666666667
0.17066666666666666
0.3423333333333334
0.371
0.08066666666666666
0.146
0.34299999999999997
0.22666666666666666
0.269
0.235
0.3626666666666667
0.09333333333333334
0.19400000000000003
0.16033333333333333
0.32666666666666666
0.2773333333333333
0.19366666666666665
0.26866666666666666
0.19266666666666668
0.22566666666666668
0.16533333333333333
0.07533333333333332
0.076
0.36033333333333334
0.19800000000000004
0.09533333333333334
0.09766666666666668
0.108
0.29433333333333334
0.20733333333333334
0.18033333333333332
0.1743333333333333
0.122
0.077
0.208
0.21833333333333335
0.3363333333333334
0.18433333333333332
0.08033333333333333
0.13466666666666668
0.249
0.067
0.084
0.2893333333333333
0.36066666666666664
0.18933333333333335
0.08633333333333333
0.06866666666666667
0.34600000000000003
0.35766666666666663
0.08066666666666666
0.19833333333333333
0.18833333333333332
0.204
0.293
0.09500000000000001
0.08266666666666667
0.20166666666666666
0.16933333333333334
0.08866666666666667
0.17266666666666666
0.18000000000000002
0.165
0.077
0.10166666666666667
0.074
0.18233333333333332
0.19400000000000003
0.18933333333333335
0.3486666666666666
0.20833333333333334
0.3393333333333333
0.4466666666666667
0.353
0.39366666666666666
0.17966666666666667
0.21966666666666668
0.31833333333333336
0.11299999999999999
0.09666666666666668
0.16933333333333334
0.34833333333333333
0.278
0.09300000000000001
0.09466666666666668
0.08433333333333333
0.18733333333333335
0.272
0.105
0.334
0.34400000000000003
0.24833333333333332
0.09000000000000001
0.08866666666666667
0.246
0.168
0.09233333333333334
0.07566666666666666
0.077
0.274
0.138
0.2913333333333334
0.2773333333333333
0.17033333333333334
0.448
0.20099999999999998
0.15966666666666665
0.10666666666666667
0.36066666666666664
0.2603333333333333
0.369
0.18566666666666665
0.07100000000000001
0.19533333333333336
0.365
0.287
0.36233333333333334
0.35833333333333334
0.14100000000000001
0.15933333333333333
0.215
0.3499999999999999
0.09533333333333334
0.20466666666666666
0.13266666666666668
0.18800000000000003
0.09966666666666667
0.17633333333333331
0.08533333333333333
0.18899999999999997
0.34933333333333333
0.2816666666666667
0.109
0.08866666666666667
0.075
0.327
0.20033333333333334
0.078
0.355
0.26766666666666666
0.2783333333333334
0.37200000000000005
0.21933333333333335
0.34833333333333333
0.11333333333333333
0.18466666666666667
0.073
0.079
0.16766666666666666
0.3376666666666666
0.17233333333333334
0.31066666666666665
0.18200000000000002
0.09500000000000001
0.19366666666666665
0.15766666666666665
0.19233333333333333
0.07066666666666667
0.19200000000000003
0.299
0.2973333333333333
0.17200000000000001
0.06933333333333334
0.07433333333333332
0.3316666666666667
0.07033333333333334
0.302
0.14533333333333334
0.272
0.08133333333333333
0.19833333333333333
0.105
0.09166666666666667
0.084
0.4403333333333333
0.07066666666666667
0.43966666666666665
0.4566666666666667
0.19533333333333336
0.19066666666666668
0.16166666666666665
0.08066666666666666
0.18733333333333335
0.33666666666666667
0.37833333333333335
0.07933333333333333
0.079
0.078
0.07766666666666666
0.07366666666666666
0.2743333333333334
0.082
0.15566666666666665
0.155
0.37433333333333335
0.20666666666666667
0.07166666666666667
0.06833333333333334
0.09966666666666667
0.17766666666666664
0.38066666666666665
0.18533333333333335
0.18633333333333332
0.18433333333333332
0.19099999999999998
0.19333333333333336
0.20000000000000004
0.3253333333333333
0.19566666666666666
0.3513333333333333
0.084
0.19633333333333333
0.15433333333333332
0.277
0.21833333333333335
0.19133333333333336
0.162
0.2843333333333333
0.3443333333333333
0.27999999999999997
0.33966666666666673
0.351
0.082
0.09799999999999999
0.3553333333333333
0.18733333333333335
0.21566666666666667
0.3436666666666666
0.18800000000000003
0.17733333333333334
0.24633333333333332
0.2796666666666667
0.249
0.08533333333333333
0.08966666666666667
0.35799999999999993
0.09200000000000001
0.3913333333333333
0.3276666666666666
0.07433333333333332
0.3456666666666666
0.16166666666666665
0.29033333333333333
0.17366666666666666
0.171
0.077
0.169
0.283
0.37600000000000006
0.25533333333333336
0.17
0.19200000000000003
0.37200000000000005
0.18833333333333332
0.3093333333333333
0.39199999999999996
0.373
0.314
0.16266666666666665
0.19066666666666668
0.19600000000000004
0.07466666666666666
0.18933333333333335
0.37166666666666665
0.08900000000000001
0.068
0.4693333333333333
0.171
0.207
0.07433333333333332
0.16833333333333333
0.19566666666666666
0.32633333333333336
0.19600000000000004
0.164
0.3263333333333333
0.15466666666666665
0.28
0.10100000000000002
0.239
0.14733333333333332
