0.06566666666666666
0.082
0.025333333333333333
0.06866666666666667
0.058666666666666666
0.5826666666666668
0.154
0.146
0.12266666666666666
0.14033333333333334
0.133
0.212
0.14400000000000002
0.17499999999999996
0.19299999999999998
0.154
0.13933333333333334
0.16233333333333333
0.105
0.123
0.135
0.169
0.11533333333333333
0.18366666666666664
0.16733333333333333
0.12733333333333333
0.153
0.12466666666666666
0.18133333333333335
0.19466666666666668
0.15933333333333333
0.15966666666666665
0.122
0.14533333333333331
0.144
0.21533333333333335
0.19200000000000003
0.11366666666666668
0.20133333333333334
0.23933333333333331
0.11933333333333333
0.11699999999999999
0.11633333333333333
0.116
0.12066666666666666
0.12966666666666668
0.13433333333333333
0.11099999999999999
0.13166666666666668
0.13366666666666668
0.13533333333333333
0.13233333333333333
0.11833333333333333
0.1396666666666667
0.13366666666666668
0.12733333333333333
0.13033333333333333
0.10566666666666667
0.12533333333333332
0.12166666666666666
0.13233333333333333
0.214
0.15766666666666665
0.19633333333333333
0.18333333333333335
0.165
0.171
0.19566666666666666
0.171
0.18666666666666668
0.154
0.19133333333333336
0.12533333333333332
0.19000000000000003
0.17133333333333334
0.156
0.21833333333333335
0.17666666666666667
0.20433333333333334
0.19566666666666666
0.13366666666666668
0.13466666666666668
0.12933333333333333
0.13333333333333333
0.13233333333333333
0.11933333333333333
0.12633333333333333
0.125
0.13033333333333333
0.12833333333333333
0.139
0.142
0.1386666666666667
0.147
0.14133333333333334
0.14733333333333332
0.16533333333333333
0.1743333333333333
0.16566666666666666
0.13
0.12633333333333333
0.126
0.119
0.12833333333333333
0.12333333333333334
0.16833333333333333
0.16933333333333334
0.131
0.15466666666666665
0.16366666666666665
0.1396666666666667
0.17500000000000002
0.13466666666666668
0.17033333333333334
0.149
0.11566666666666665
0.11366666666666668
0.11566666666666665
0.105
0.11433333333333334
0.14566666666666664
0.17366666666666666
0.11566666666666668
0.18299999999999997
0.168
0.17033333333333334
0.18499999999999997
0.144
0.19466666666666668
0.18000000000000002
0.14666666666666664
0.17266666666666666
0.12733333333333333
0.154
0.15933333333333333
0.11666666666666665
0.15533333333333332
0.12833333333333333
0.14966666666666664
0.155
0.14333333333333334
0.13933333333333334
0.152
0.12166666666666666
0.13533333333333333
0.13
0.152
0.11033333333333334
0.156
0.15366666666666665
0.12666666666666668
0.16166666666666665
0.12666666666666668
0.16266666666666665
0.17200000000000001
0.157
0.16333333333333333
0.11633333333333333
0.14
0.13833333333333334
0.14633333333333332
0.1443333333333333
0.13166666666666668
0.1446666666666667
0.166
0.12266666666666666
0.11599999999999999
0.11599999999999999
0.10966666666666668
0.11533333333333333
0.1413333333333333
0.1376666666666667
0.11466666666666668
0.135
0.13533333333333333
0.12966666666666668
0.13266666666666668
0.11866666666666666
0.15266666666666664
0.146
0.20633333333333334
0.20666666666666667
0.15433333333333332
0.20433333333333334
0.19233333333333333
0.18366666666666664
0.1743333333333333
0.16166666666666665
0.17300000000000001
0.17766666666666664
0.14200000000000002
0.143
0.15566666666666665
0.157
0.14
0.18833333333333332
0.19099999999999998
0.147
0.19099999999999998
0.18966666666666665
0.22333333333333336
0.22566666666666668
0.128
0.223
0.22133333333333335
0.111
0.11233333333333334
0.11399999999999999
0.11333333333333334
0.11433333333333333
0.11566666666666665
0.11333333333333334
0.11466666666666668
0.12033333333333333
0.116
0.10966666666666668
0.11699999999999999
0.11166666666666668
0.12433333333333334
0.13533333333333333
0.24133333333333332
0.13766666666666666
0.156
0.21966666666666668
0.18533333333333335
0.158
0.12366666666666666
0.12033333333333333
0.11733333333333333
0.11633333333333333
0.13066666666666668
0.13233333333333333
0.109
0.12733333333333333
0.127
0.13266666666666668
0.131
0.11966666666666666
0.12766666666666668
0.126
0.10733333333333334
0.10666666666666667
0.10633333333333334
0.109
0.105
0.12833333333333333
0.13166666666666668
0.105
0.12833333333333333
0.12666666666666668
0.132
0.133
0.11833333333333333
0.13066666666666668
0.12966666666666668
0.13366666666666668
0.13266666666666668
0.11266666666666668
0.15733333333333333
0.13233333333333333
0.13366666666666668
0.128
0.124
0.12833333333333333
0.133
0.11833333333333333
0.12666666666666668
0.11766666666666666
0.106
0.11833333333333333
0.13
0.13366666666666668
0.11033333333333334
0.129
0.12733333333333333
0.126
0.152
0.138
0.13166666666666668
0.13133333333333333
0.12566666666666668
0.13566666666666669
0.12166666666666666
0.13
0.11433333333333333
0.123
0.123
0.111
0.1443333333333333
0.142
0.10066666666666668
0.09966666666666668
0.103
0.10166666666666667
0.09933333333333333
0.121
0.12233333333333334
0.09866666666666668
0.12033333333333333
0.11966666666666666
0.11433333333333333
0.11466666666666668
0.10466666666666667
0.11566666666666665
0.118
0.12466666666666666
0.12266666666666666
0.10000000000000002
0.12
0.11533333333333334
0.125
0.20333333333333337
0.18333333333333335
0.19966666666666666
0.19266666666666668
0.16066666666666665
0.16833333333333333
0.16866666666666666
0.14933333333333332
0.16166666666666665
0.15066666666666664
0.19333333333333336
0.134
0.19066666666666668
0.17633333333333331
0.13833333333333334
0.20566666666666666
0.19000000000000003
0.17566666666666664
0.20433333333333334
0.19699999999999998
0.18533333333333332
0.20466666666666666
0.17400000000000002
0.17699999999999996
0.164
0.18000000000000002
0.18933333333333333
0.19366666666666665
0.1743333333333333
0.20233333333333334
0.20533333333333334
0.21233333333333335
0.22233333333333336
0.214
0.18433333333333332
0.18333333333333335
0.19400000000000003
0.18533333333333335
0.16433333333333333
0.17166666666666666
0.19499999999999998
0.20133333333333334
0.17499999999999996
0.17466666666666666
0.155
0.15266666666666664
0.126
0.15566666666666665
0.14533333333333334
0.13066666666666668
0.18566666666666665
0.1466666666666667
0.19233333333333333
0.16933333333333334
0.12266666666666666
0.12266666666666666
0.12533333333333332
0.11333333333333333
0.126
0.15233333333333332
0.18933333333333335
0.127
0.18366666666666664
0.16933333333333334
0.1386666666666667
0.17733333333333334
0.14166666666666666
0.17266666666666666
0.17033333333333334
0.16766666666666666
0.18800000000000003
0.13166666666666668
0.15733333333333333
0.16033333333333333
0.15033333333333332
0.21
0.15966666666666665
0.205
0.217
0.18766666666666665
0.18766666666666665
0.20099999999999998
0.18166666666666664
0.18866666666666668
0.16933333333333334
0.20933333333333334
0.14400000000000002
0.20633333333333334
0.20299999999999999
0.14766666666666664
0.20099999999999998
0.15366666666666665
0.18966666666666665
0.20433333333333334
0.138
0.137
0.13533333333333333
0.1366666666666667
0.13066666666666668
0.1366666666666667
0.13933333333333334
0.134
0.137
0.11533333333333334
0.13333333333333333
0.13433333333333333
0.13133333333333333
0.136
0.136
0.13833333333333334
0.142
0.1386666666666667
0.139
0.14533333333333331
0.13433333333333333
0.13566666666666669
0.137
0.14166666666666666
0.136
0.12366666666666666
0.12933333333333333
0.12633333333333333
0.129
0.12133333333333333
0.13166666666666668
0.12833333333333333
0.13533333333333333
0.13266666666666668
0.13033333333333333
0.132
0.13
0.12933333333333333
0.12933333333333333
0.12966666666666668
0.134
0.13266666666666668
0.12966666666666668
0.13466666666666668
0.134
0.134
0.14
0.13633333333333333
0.13433333333333333
0.13433333333333333
0.1423333333333333
0.14766666666666664
0.144
0.14633333333333332
0.17066666666666666
0.159
0.151
0.149
0.154
0.148
0.14533333333333334
0.145
0.14
0.14733333333333332
0.1433333333333333
0.1723333333333333
0.168
0.158
0.168
0.165
0.149
0.15233333333333332
0.15966666666666665
0.16666666666666666
0.146
0.19533333333333336
0.19633333333333333
0.208
0.20466666666666666
0.19733333333333333
0.17800000000000002
0.17733333333333334
0.17666666666666667
0.17200000000000001
0.17633333333333331
0.17566666666666664
0.18000000000000002
0.18033333333333332
0.18533333333333335
0.18633333333333332
0.19033333333333333
0.17499999999999996
0.18533333333333335
0.19433333333333333
0.18233333333333332
0.17533333333333334
0.18333333333333335
0.18833333333333332
0.18266666666666667
0.18566666666666665
0.13566666666666669
0.12733333333333333
0.12866666666666668
0.137
0.13233333333333333
0.133
0.135
0.1496666666666667
0.15233333333333332
0.13266666666666668
0.129
0.12666666666666668
0.12866666666666668
0.136
0.14
0.142
0.141
0.13566666666666669
0.13333333333333333
0.14100000000000001
0.13933333333333334
0.13433333333333333
0.128
0.13466666666666668
0.12966666666666668
0.17333333333333334
0.16866666666666666
0.1433333333333333
0.17133333333333334
0.17666666666666667
0.22666666666666668
0.20666666666666667
0.17233333333333334
0.20033333333333334
0.22533333333333336
0.15333333333333332
0.14966666666666664
0.152
0.15033333333333332
0.15066666666666664
0.18499999999999997
0.18533333333333335
0.14833333333333332
0.18600000000000003
0.17966666666666664
0.19333333333333333
0.20033333333333334
0.14466666666666664
0.18633333333333332
0.19133333333333336
0.14933333333333335
0.14700000000000002
0.12
0.14
0.14400000000000002
0.15366666666666665
0.19633333333333333
0.15066666666666664
0.20200000000000004
0.18400000000000002
0.171
0.15366666666666665
0.15
0.146
0.15766666666666665
0.16133333333333333
0.21466666666666667
0.14033333333333334
0.18233333333333332
0.16333333333333333
0.1376666666666667
0.16366666666666665
0.157
0.165
0.16466666666666666
0.1366666666666667
0.14033333333333334
0.124
0.12233333333333334
0.12266666666666666
0.12033333333333333
0.128
0.12866666666666668
0.12733333333333333
0.12833333333333333
0.128
0.13833333333333334
0.145
0.12566666666666668
0.12933333333333333
0.119
0.12133333333333333
0.11766666666666666
0.112
0.11366666666666665
0.12666666666666668
0.128
0.12333333333333334
0.12866666666666668
0.12533333333333332
0.158
0.16166666666666665
0.135
0.15366666666666665
0.153
0.13233333333333333
0.18333333333333335
0.147
0.19133333333333336
0.16333333333333333
0.12866666666666668
0.12333333333333334
0.12733333333333333
0.11133333333333334
0.12733333333333333
0.15433333333333332
0.18666666666666668
0.12633333333333333
0.19966666666666666
0.17333333333333334
0.15
0.17166666666666666
0.14533333333333334
0.18000000000000002
0.20433333333333334
0.20600000000000004
0.24133333333333332
0.17200000000000001
0.20466666666666666
0.2046666666666667
0.16166666666666665
0.19733333333333336
0.15933333333333333
0.19933333333333336
0.21066666666666664
0.157
0.15933333333333333
0.161
0.1466666666666667
0.15533333333333332
0.17833333333333332
0.20633333333333334
0.14833333333333332
0.20733333333333334
0.20933333333333334
0.169
0.19333333333333336
0.15666666666666665
0.19133333333333336
0.19499999999999998
0.16066666666666665
0.16466666666666666
0.13633333333333333
0.16433333333333333
0.164
0.20666666666666667
0.22566666666666665
0.17033333333333334
0.2263333333333333
0.21
0.139
0.13566666666666669
0.136
0.13533333333333333
0.138
0.16533333333333333
0.16766666666666666
0.13366666666666668
0.16566666666666666
0.15833333333333333
0.16533333333333333
0.16533333333333333
0.14100000000000001
0.163
0.16966666666666663
0.126
0.12633333333333333
0.107
0.12433333333333334
0.122
0.12533333333333332
0.18099999999999997
0.13533333333333333
0.16466666666666666
0.16166666666666665
0.13833333333333334
0.13933333333333334
0.1426666666666667
0.13333333333333333
0.13933333333333334
0.145
0.157
0.13
0.16566666666666666
0.16266666666666665
0.146
0.17033333333333334
0.15866666666666665
0.17499999999999996
0.19499999999999998
0.17966666666666664
0.17200000000000001
0.18000000000000002
0.18033333333333332
0.18099999999999997
0.16066666666666665
0.15666666666666665
0.151
0.154
0.14133333333333334
0.16633333333333333
0.17033333333333334
0.16866666666666666
0.17899999999999996
0.16866666666666666
0.14933333333333332
0.161
0.16066666666666665
0.157
0.15466666666666665
0.14733333333333332
0.1436666666666667
0.14366666666666666
0.14833333333333332
0.1386666666666667
0.1406666666666667
0.146
0.12466666666666666
0.1426666666666667
0.17266666666666666
0.138
0.16333333333333333
0.13466666666666668
0.15733333333333333
0.15733333333333333
0.11566666666666668
0.115
0.115
0.10733333333333334
0.11733333333333333
0.14
0.16266666666666665
0.121
0.15866666666666665
0.16
0.13533333333333333
0.15133333333333332
0.12733333333333333
0.171
0.18466666666666667
0.13533333333333333
0.13733333333333334
0.11766666666666666
0.13266666666666668
0.13366666666666668
0.12966666666666668
0.17200000000000001
0.13833333333333334
0.17
0.17666666666666667
0.14533333333333331
0.14666666666666664
0.14233333333333334
0.137
0.147
0.152
0.18899999999999997
0.14
0.18433333333333332
0.17899999999999996
0.15433333333333332
0.19800000000000004
0.15233333333333332
0.19366666666666665
0.19033333333333333
0.149
0.14233333333333334
0.12433333333333334
0.1456666666666667
0.14200000000000002
0.14100000000000001
0.153
0.12833333333333333
0.1396666666666667
0.14200000000000002
0.12266666666666666
0.12266666666666666
0.11933333333333333
0.12233333333333334
0.12333333333333334
0.14533333333333331
0.14766666666666667
0.12433333333333334
0.1426666666666667
0.1366666666666667
0.14033333333333334
0.14233333333333334
0.13166666666666668
0.135
0.13833333333333334
0.14766666666666664
0.155
0.127
0.14466666666666664
0.15666666666666665
0.14966666666666664
0.15033333333333332
0.14
0.151
0.146
0.1376666666666667
0.14033333333333334
0.1386666666666667
0.14166666666666666
0.13333333333333333
0.15033333333333332
0.147
0.134
0.14766666666666664
0.145
0.14666666666666664
0.146
0.13033333333333333
0.14933333333333332
0.14166666666666666
0.117
0.11866666666666666
0.118
0.12033333333333333
0.12133333333333333
0.12133333333333333
0.12166666666666666
0.118
0.12066666666666666
0.125
0.11633333333333334
0.12566666666666668
0.12333333333333334
0.12533333333333332
0.122
0.126
0.12433333333333334
0.12433333333333334
0.124
0.12266666666666666
0.12666666666666668
0.12966666666666668
0.12366666666666666
0.12633333333333333
0.12766666666666668
0.15033333333333332
0.15033333333333332
0.129
0.152
0.13933333333333334
0.145
0.14933333333333332
0.13933333333333334
0.15033333333333332
0.14766666666666664
0.12433333333333334
0.129
0.12133333333333333
0.12
0.12533333333333332
0.14366666666666664
0.14733333333333332
0.124
0.14266666666666664
0.14533333333333331
0.146
0.148
0.13366666666666668
0.146
0.149
0.13933333333333334
0.146
0.13533333333333333
0.162
0.14133333333333334
0.146
0.1416666666666667
0.13633333333333333
0.16733333333333333
0.15933333333333333
0.131
0.12933333333333333
0.12933333333333333
0.12133333333333333
0.13066666666666668
0.1466666666666667
0.14433333333333334
0.125
0.14233333333333334
0.17033333333333334
0.14866666666666664
0.146
0.129
0.14100000000000001
0.1433333333333333
0.22633333333333336
0.242
0.17066666666666666
0.23066666666666666
0.22499999999999998
0.23066666666666666
0.22166666666666668
0.17800000000000002
0.22733333333333336
0.216
0.18466666666666667
0.19066666666666668
0.19066666666666668
0.20400000000000004
0.19499999999999998
0.249
0.2373333333333333
0.18166666666666664
0.22966666666666669
0.22299999999999998
0.22366666666666668
0.23266666666666666
0.17266666666666666
0.214
0.225
0.22999999999999998
0.22833333333333336
0.19299999999999998
0.22166666666666668
0.21133333333333335
0.20666666666666667
0.20833333333333334
0.18899999999999997
0.2006666666666667
0.20666666666666667
0.19966666666666666
0.18433333333333332
0.18800000000000003
0.19066666666666668
0.18666666666666668
0.20166666666666666
0.19833333333333333
0.17233333333333334
0.19466666666666668
0.19233333333333333
0.19866666666666669
0.20466666666666666
0.21733333333333335
0.2353333333333333
0.2373333333333333
0.17099999999999996
0.16566666666666666
0.167
0.16766666666666666
0.16433333333333333
0.166
0.16366666666666665
0.23066666666666666
0.18133333333333335
0.16966666666666666
0.20966666666666667
0.19533333333333336
0.19666666666666668
0.19933333333333336
0.19033333333333333
0.20099999999999998
0.20533333333333334
0.20433333333333334
0.19600000000000004
0.10233333333333333
0.15733333333333333
0.15566666666666665
0.159
0.16066666666666665
0.15733333333333333
0.20766666666666667
0.23233333333333336
0.16833333333333333
0.207
0.20099999999999998
0.20833333333333334
0.20666666666666667
0.17133333333333334
0.21066666666666667
0.2006666666666667
0.16233333333333333
0.16166666666666665
0.16033333333333333
0.16166666666666665
0.16
0.20633333333333334
0.20833333333333334
0.163
0.208
0.20299999999999999
0.20233333333333334
0.21033333333333334
0.1723333333333333
0.20533333333333334
0.20466666666666666
0.24333333333333332
0.244
0.20033333333333334
0.23466666666666666
0.24433333333333332
0.242
0.24133333333333332
0.20666666666666667
0.22999999999999998
0.23933333333333331
0.17133333333333334
0.17366666666666666
0.18633333333333332
0.105
0.16966666666666666
0.241
0.24766666666666667
0.219
0.23866666666666667
0.2373333333333333
0.2353333333333333
0.2363333333333333
0.21433333333333335
0.26466666666666666
0.2373333333333333
0.118
0.12466666666666666
0.11833333333333333
0.12833333333333333
0.125
0.12966666666666668
0.13233333333333333
0.12633333333333333
0.12866666666666668
0.12566666666666668
0.125
0.129
0.122
0.124
0.125
0.12733333333333333
0.13166666666666668
0.12433333333333334
0.129
0.129
0.12566666666666668
0.12866666666666668
0.133
0.128
0.131
0.12666666666666668
0.13466666666666668
0.12766666666666668
0.13166666666666668
0.13
0.12466666666666666
0.127
0.132
0.1396666666666667
0.12933333333333333
0.132
0.13
0.133
0.13233333333333333
0.12833333333333333
0.13933333333333334
0.123
0.12266666666666666
0.127
0.12733333333333333
0.13333333333333333
0.15233333333333332
0.13633333333333333
0.132
0.14233333333333334
0.139
0.12766666666666668
0.126
0.126
0.12566666666666668
0.12633333333333333
0.13033333333333333
0.1386666666666667
0.14100000000000001
0.1386666666666667
0.1376666666666667
0.15033333333333332
0.138
0.129
0.13133333333333333
0.126
0.136
0.13133333333333333
0.13566666666666669
0.15000000000000002
0.14933333333333332
0.13333333333333333
0.12533333333333332
0.1396666666666667
0.13166666666666668
0.125
0.13033333333333333
0.12566666666666668
0.131
0.11766666666666666
0.12633333333333333
0.12633333333333333
0.1466666666666667
0.14533333333333334
0.13166666666666668
0.126
0.13633333333333333
0.14066666666666666
0.12666666666666668
0.12333333333333334
0.14533333333333334
0.134
0.13233333333333333
0.13533333333333333
0.14166666666666666
0.11633333333333333
0.13533333333333333
0.125
0.12966666666666668
0.13933333333333334
0.13999999999999999
0.13266666666666668
0.12766666666666668
0.1486666666666667
0.14666666666666667
0.126
0.134
0.13233333333333333
0.13433333333333333
0.13333333333333333
0.12533333333333332
0.12466666666666666
0.12766666666666668
0.13566666666666669
0.13366666666666668
0.13166666666666668
0.13533333333333333
0.13566666666666669
0.1423333333333333
0.14200000000000002
0.13433333333333333
0.13733333333333334
0.13233333333333333
0.13533333333333333
0.1396666666666667
0.16133333333333333
0.166
0.13166666666666668
0.14766666666666667
0.14533333333333334
0.15233333333333332
0.14366666666666664
0.13733333333333334
0.151
0.155
0.14133333333333334
0.13433333333333333
0.12533333333333332
0.12666666666666668
0.12733333333333333
0.148
0.15033333333333332
0.12766666666666668
0.165
0.15866666666666665
0.15366666666666665
0.14966666666666664
0.118
0.13633333333333333
0.13833333333333334
0.14033333333333334
0.1386666666666667
0.11933333333333333
0.139
0.13533333333333333
0.15866666666666665
0.16166666666666665
0.16866666666666666
0.156
0.15433333333333332
0.152
0.15233333333333332
0.151
0.15333333333333332
0.15066666666666664
0.15333333333333332
0.15766666666666665
0.123
0.153
0.1683333333333333
0.146
0.13833333333333334
0.14633333333333332
0.14933333333333332
0.15266666666666664
0.13233333333333333
0.12833333333333333
0.11699999999999999
0.12366666666666666
0.14
0.123
0.12166666666666666
0.14500000000000002
0.13233333333333333
0.13466666666666668
0.127
0.12733333333333333
0.14066666666666666
0.12933333333333333
0.12766666666666668
0.12
0.11566666666666665
0.12
0.12066666666666666
0.12733333333333333
0.12233333333333334
0.12466666666666666
0.11966666666666666
0.14266666666666666
0.123
0.152
0.14633333333333334
0.12666666666666668
0.147
0.142
0.14033333333333334
0.1406666666666667
0.14300000000000002
0.15766666666666665
0.1416666666666667
0.11766666666666666
0.11699999999999999
0.11533333333333333
0.12133333333333333
0.12033333333333333
0.14666666666666664
0.14066666666666666
0.11466666666666668
0.1406666666666667
0.138
0.14100000000000001
0.1446666666666667
0.12533333333333332
0.1396666666666667
0.13833333333333334
0.14966666666666664
0.1396666666666667
0.12166666666666666
0.1376666666666667
0.1376666666666667
0.14100000000000001
0.14133333333333334
0.13166666666666668
0.14466666666666667
0.1406666666666667
0.12666666666666668
0.139
0.127
0.129
0.13333333333333333
0.1376666666666667
0.14800000000000002
0.12
0.13533333333333333
0.13999999999999999
0.13533333333333333
0.164
0.127
0.1396666666666667
0.14133333333333334
0.13566666666666669
0.139
0.12033333333333333
0.14900000000000002
0.1443333333333333
0.14066666666666666
0.14466666666666664
0.14366666666666664
0.138
0.14133333333333334
0.11933333333333333
0.12533333333333332
0.11833333333333333
0.121
0.12
0.13733333333333334
0.142
0.12133333333333333
0.13833333333333334
0.14066666666666666
0.138
0.13833333333333334
0.126
0.14066666666666666
0.139
0.14400000000000002
0.144
0.11933333333333333
0.14233333333333334
0.14300000000000002
0.14133333333333334
0.144
0.13333333333333333
0.1416666666666667
0.14233333333333334
0.13366666666666668
0.13233333333333333
0.134
0.1376666666666667
0.13933333333333334
0.14533333333333331
0.139
0.1406666666666667
0.16266666666666665
0.14166666666666666
0.14033333333333334
0.146
0.135
0.1443333333333333
0.14400000000000002
0.127
0.12466666666666666
0.13266666666666668
0.13566666666666669
0.14133333333333334
0.14466666666666664
0.14033333333333334
0.153
0.15
0.13566666666666669
0.1366666666666667
0.14500000000000002
0.13433333333333333
0.138
0.12966666666666668
0.127
0.123
0.12
0.12333333333333334
0.11399999999999999
0.13133333333333333
0.13266666666666668
0.13533333333333333
0.133
0.13033333333333333
0.16233333333333333
0.16
0.14733333333333334
0.16033333333333333
0.156
0.17133333333333334
0.156
0.14133333333333334
0.1446666666666667
0.141
0.11833333333333333
0.127
0.131
0.12333333333333334
0.11933333333333333
0.1386666666666667
0.1376666666666667
0.11533333333333333
0.14033333333333334
0.155
0.14133333333333334
0.134
0.12233333333333334
0.139
0.14200000000000002
0.14866666666666664
0.14500000000000002
0.12933333333333333
0.135
0.137
0.1396666666666667
0.13333333333333333
0.12666666666666668
0.13566666666666669
0.1386666666666667
0.12366666666666666
0.12466666666666666
0.12233333333333334
0.127
0.12166666666666666
0.137
0.1366666666666667
0.13266666666666668
0.153
0.15
0.152
0.144
0.136
0.15066666666666664
0.15066666666666664
0.14400000000000002
0.14666666666666664
0.11733333333333333
0.14333333333333334
0.13566666666666669
0.14633333333333332
0.1386666666666667
0.12166666666666666
0.134
0.127
0.11166666666666668
0.10566666666666667
0.10533333333333333
0.10566666666666667
0.10833333333333334
0.133
0.13133333333333333
0.10733333333333334
0.14100000000000001
0.12666666666666668
0.122
0.13
0.10666666666666667
0.11866666666666666
0.12566666666666668
0.12833333333333333
0.12766666666666668
0.109
0.12933333333333333
0.136
0.14933333333333335
0.13633333333333333
0.14533333333333331
0.139
0.14733333333333332
0.13466666666666668
0.11633333333333333
0.12933333333333333
0.15333333333333335
0.14
0.15433333333333332
0.14733333333333334
0.13033333333333333
0.13433333333333333
0.12933333333333333
0.122
0.13233333333333333
0.137
0.15133333333333332
0.154
0.12733333333333333
0.121
0.12566666666666668
0.13166666666666668
0.13466666666666668
0.11766666666666666
0.118
0.11499999999999999
0.11633333333333333
0.11566666666666665
0.12333333333333334
0.11833333333333333
0.11333333333333334
0.11966666666666666
0.11533333333333334
0.12933333333333333
0.10833333333333334
0.10833333333333334
0.107
0.108
0.10666666666666667
0.10633333333333334
0.11399999999999999
0.12533333333333332
0.11833333333333333
0.12566666666666668
0.12766666666666668
0.11166666666666668
0.1423333333333333
0.1456666666666667
0.16033333333333333
0.15866666666666665
0.14300000000000002
0.15033333333333332
0.13833333333333334
0.13
0.12766666666666668
0.11566666666666665
0.10633333333333334
0.11633333333333333
0.14
0.14233333333333334
0.11066666666666668
0.128
0.129
0.129
0.14300000000000002
0.125
0.13266666666666668
0.14
0.13366666666666668
0.13233333333333333
0.11499999999999999
0.134
0.15666666666666665
0.14866666666666664
0.1426666666666667
0.12966666666666668
0.12433333333333334
0.12266666666666666
0.11666666666666665
0.111
0.11266666666666668
0.10533333333333333
0.112
0.12466666666666666
0.12566666666666668
0.107
0.132
0.127
0.13033333333333333
0.12833333333333333
0.12033333333333333
0.132
0.12733333333333333
0.133
0.13
0.10466666666666667
0.13033333333333333
0.12933333333333333
0.15000000000000002
0.155
0.122
0.14400000000000002
0.14466666666666664
0.11433333333333333
0.118
0.10966666666666668
0.11233333333333334
0.11166666666666668
0.13899999999999998
0.14366666666666664
0.11566666666666665
0.132
0.13033333333333333
0.12533333333333332
0.12666666666666668
0.113
0.126
0.12866666666666668
0.13533333333333333
0.133
0.10966666666666668
0.13066666666666668
0.126
0.12966666666666668
0.2333333333333333
0.18033333333333332
0.21866666666666668
0.20666666666666667
0.155
0.17333333333333334
0.18233333333333332
0.153
0.19233333333333333
0.15933333333333333
0.19633333333333333
0.13166666666666668
0.209
0.18266666666666667
0.1396666666666667
0.19333333333333336
0.17500000000000002
0.18200000000000002
0.19433333333333333
0.16933333333333334
0.18533333333333335
0.1743333333333333
0.17033333333333334
0.16833333333333333
0.16766666666666666
0.17966666666666664
0.19533333333333336
0.18200000000000002
0.18433333333333332
0.159
0.168
0.16766666666666666
0.16833333333333333
0.165
0.15333333333333332
0.17033333333333334
0.16466666666666666
0.17766666666666667
0.156
0.19699999999999998
0.206
0.17333333333333334
0.19499999999999998
0.18733333333333335
0.164
0.16833333333333333
0.14
0.16066666666666665
0.15
0.133
0.19833333333333333
0.15366666666666665
0.20166666666666666
0.18366666666666664
0.12633333333333333
0.13233333333333333
0.12966666666666668
0.12266666666666666
0.13566666666666669
0.18000000000000002
0.20433333333333334
0.13466666666666668
0.19799999999999998
0.18166666666666664
0.14566666666666664
0.18000000000000002
0.153
0.17966666666666664
0.18233333333333332
0.1416666666666667
0.14200000000000002
0.13333333333333333
0.16933333333333334
0.159
0.135
0.217
0.16966666666666666
0.19933333333333336
0.21433333333333335
0.18133333333333335
0.19866666666666669
0.18099999999999997
0.16266666666666665
0.16533333333333333
0.14933333333333332
0.21166666666666667
0.14433333333333334
0.17666666666666667
0.18800000000000003
0.14566666666666664
0.18899999999999997
0.149
0.18000000000000002
0.18666666666666668
0.19566666666666668
0.17766666666666664
0.17600000000000002
0.17600000000000002
0.18066666666666667
0.18466666666666667
0.19600000000000004
0.18666666666666668
0.18000000000000002
0.16266666666666665
0.19299999999999998
0.19433333333333333
0.17466666666666666
0.17666666666666667
0.17266666666666666
0.19733333333333336
0.2066666666666667
0.19233333333333333
0.18266666666666667
0.22233333333333336
0.20000000000000004
0.18266666666666667
0.17899999999999996
0.18033333333333332
0.17699999999999996
0.17
0.17566666666666664
0.17800000000000002
0.17666666666666667
0.17833333333333332
0.17566666666666664
0.17833333333333332
0.17866666666666667
0.18433333333333332
0.18033333333333332
0.17899999999999996
0.18333333333333335
0.1743333333333333
0.18099999999999997
0.17966666666666664
0.18033333333333332
0.17666666666666667
0.18966666666666665
0.18766666666666665
0.19033333333333333
0.18266666666666667
0.18299999999999997
0.18166666666666664
0.18066666666666667
0.18333333333333335
0.21333333333333335
0.215
0.21966666666666668
0.226
0.21866666666666668
0.213
0.22166666666666668
0.21633333333333335
0.22133333333333335
0.24566666666666667
0.22433333333333336
0.23066666666666666
0.23666666666666666
0.235
0.221
0.24
0.23566666666666666
0.23666666666666666
0.23933333333333331
0.23933333333333331
0.21533333333333335
0.22266666666666668
0.214
0.21333333333333335
0.21466666666666667
0.19299999999999998
0.19633333333333333
0.18800000000000003
0.19899999999999998
0.18200000000000002
0.18533333333333335
0.18766666666666665
0.21466666666666667
0.21933333333333335
0.19366666666666665
0.19600000000000004
0.19066666666666668
0.21
0.21366666666666667
0.19600000000000004
0.19266666666666668
0.19299999999999998
0.19366666666666665
0.19166666666666665
0.19433333333333333
0.07933333333333333
0.18766666666666665
0.19866666666666669
0.19799999999999998
0.22966666666666669
0.21433333333333335
0.19699999999999998
0.19633333333333333
0.17533333333333334
0.17400000000000002
0.17499999999999996
0.18099999999999997
0.18299999999999997
0.18499999999999997
0.17800000000000002
0.17533333333333334
0.17733333333333334
0.18000000000000002
0.18266666666666667
0.18000000000000002
0.18299999999999997
0.18233333333333332
0.20333333333333337
0.18899999999999997
0.17833333333333332
0.17933333333333334
0.18633333333333332
0.20366666666666666
0.19000000000000003
0.20233333333333334
0.158
0.15233333333333332
0.136
0.15433333333333332
0.14866666666666664
0.15566666666666665
0.15833333333333333
0.15533333333333335
0.19333333333333336
0.2006666666666667
0.148
0.13566666666666669
0.13166666666666668
0.13066666666666668
0.13433333333333333
0.154
0.151
0.12833333333333333
0.15266666666666664
0.15266666666666664
0.151
0.147
0.12466666666666666
0.15333333333333332
0.151
0.13233333333333333
0.13066666666666668
0.118
0.1436666666666667
0.13
0.133
0.21
0.17766666666666664
0.21466666666666667
0.17366666666666666
0.15
0.16366666666666665
0.16866666666666666
0.14533333333333334
0.149
0.15
0.19466666666666668
0.13
0.19266666666666668
0.18166666666666664
0.13366666666666668
0.17699999999999996
0.16366666666666665
0.17200000000000001
0.17566666666666664
0.125
0.12766666666666668
0.123
0.13366666666666668
0.16566666666666666
0.1406666666666667
0.12733333333333333
0.12933333333333333
0.126
0.13266666666666668
0.13233333333333333
0.13566666666666669
0.1376666666666667
0.13266666666666668
0.13333333333333333
0.12
0.12766666666666668
0.121
0.12333333333333334
0.11933333333333333
0.12933333333333333
0.13
0.12833333333333333
0.132
0.13366666666666668
0.16366666666666665
0.19400000000000003
0.15833333333333333
0.17
0.16666666666666666
0.13933333333333334
0.20566666666666666
0.159
0.19800000000000004
0.17699999999999996
0.129
0.14233333333333334
0.136
0.11966666666666666
0.12866666666666668
0.15333333333333332
0.19166666666666665
0.127
0.18766666666666665
0.17233333333333334
0.14366666666666664
0.18033333333333332
0.159
0.19666666666666668
0.19233333333333333
0.15833333333333333
0.15633333333333332
0.13266666666666668
0.15766666666666665
0.18000000000000002
0.15833333333333333
0.19233333333333333
0.155
0.18566666666666665
0.20200000000000004
0.14433333333333334
0.15066666666666664
0.15266666666666664
0.1386666666666667
0.15033333333333332
0.15866666666666665
0.18600000000000003
0.143
0.18666666666666668
0.19333333333333336
0.15433333333333332
0.18800000000000003
0.15933333333333333
0.18533333333333335
0.19566666666666666
0.17166666666666666
0.18266666666666667
0.143
0.17633333333333331
0.17666666666666667
0.167
0.16066666666666665
0.15633333333333332
0.16066666666666665
0.15733333333333333
0.13466666666666668
0.132
0.13433333333333333
0.135
0.1436666666666667
0.16433333333333333
0.162
0.146
0.16166666666666665
0.164
0.161
0.162
0.136
0.157
0.163
0.15366666666666665
0.15366666666666665
0.126
0.15166666666666664
0.154
0.14866666666666664
0.22
0.18500000000000003
0.207
0.247
0.16266666666666665
0.17266666666666666
0.18400000000000002
0.15233333333333332
0.16533333333333333
0.16666666666666666
0.21
0.14333333333333334
0.21666666666666667
0.20966666666666667
0.16166666666666665
0.229
0.19899999999999998
0.20733333333333334
0.21766666666666667
0.18733333333333335
0.17733333333333334
0.18666666666666668
0.19000000000000003
0.18633333333333332
0.18600000000000003
0.19333333333333336
0.19333333333333336
0.19333333333333336
0.19766666666666666
0.22533333333333336
0.2293333333333333
0.229
0.24033333333333332
0.225
0.08600000000000001
0.20633333333333334
0.21266666666666667
0.2333333333333333
0.20299999999999999
0.18866666666666668
0.19200000000000003
0.19666666666666668
0.19566666666666666
0.19133333333333336
0.16866666666666666
0.18133333333333335
0.15633333333333332
0.19633333333333333
0.19000000000000003
0.17766666666666664
0.20833333333333334
0.15633333333333332
0.21133333333333335
0.20200000000000004
0.14033333333333334
0.154
0.14066666666666666
0.13233333333333333
0.142
0.18000000000000002
0.237
0.169
0.21433333333333335
0.216
0.16333333333333333
0.208
0.143
0.238
0.21533333333333335
0.157
0.16366666666666665
0.132
0.14966666666666664
0.147
0.14133333333333334
0.20033333333333334
0.158
0.19299999999999998
0.20199999999999999
0.15933333333333333
0.16
0.17300000000000001
0.17466666666666666
0.18633333333333332
0.17499999999999996
0.206
0.142
0.19299999999999998
0.20033333333333334
0.18066666666666667
0.207
0.14933333333333332
0.18400000000000002
0.19866666666666669
0.13033333333333333
0.14600000000000002
0.15
0.14733333333333334
0.134
0.167
0.15533333333333332
0.13133333333333333
0.14733333333333334
0.16566666666666666
0.15166666666666664
0.15166666666666664
0.161
0.14933333333333332
0.151
0.16
0.152
0.1426666666666667
0.15133333333333332
0.15566666666666665
0.14766666666666664
0.139
0.134
0.13366666666666668
0.13233333333333333
0.132
0.14500000000000002
0.13433333333333333
0.13933333333333334
0.14100000000000001
0.15066666666666664
0.15266666666666667
0.136
0.1386666666666667
0.134
0.12833333333333333
0.131
0.122
0.14100000000000001
0.153
0.14666666666666664
0.14266666666666664
0.138
0.155
0.16166666666666665
0.12166666666666666
0.11699999999999999
0.111
0.12666666666666668
0.137
0.137
0.164
0.14433333333333334
0.137
0.13366666666666668
0.13333333333333333
0.13166666666666668
0.159
0.14733333333333334
0.1376666666666667
0.14
0.15233333333333332
0.15566666666666665
0.15333333333333332
0.13533333333333333
0.13533333333333333
0.15933333333333333
0.145
0.13433333333333333
0.13433333333333333
0.13333333333333333
0.13333333333333333
0.13066666666666668
0.133
0.12933333333333333
0.133
0.14666666666666664
0.137
0.13433333333333333
0.1376666666666667
0.161
0.16
0.14633333333333332
0.136
0.14233333333333334
0.13533333333333333
0.135
0.13533333333333333
0.14
0.15333333333333335
0.15966666666666665
0.15866666666666665
0.156
0.145
0.15
0.142
0.15233333333333332
0.15
0.15366666666666665
0.15766666666666665
0.149
0.14966666666666664
0.14133333333333334
0.13733333333333334
0.1366666666666667
0.14466666666666667
0.1366666666666667
0.14266666666666664
0.144
0.14766666666666664
0.154
0.15933333333333333
0.151
0.13933333333333334
0.14633333333333334
0.14933333333333332
0.14266666666666664
0.152
0.146
0.14566666666666664
0.14200000000000002
0.1406666666666667
0.14433333333333334
0.14300000000000002
0.1376666666666667
0.13166666666666668
0.139
0.1433333333333333
0.13633333333333333
0.126
0.12766666666666668
0.125
0.125
0.13266666666666668
0.12766666666666668
0.13133333333333333
0.13266666666666668
0.13
0.1366666666666667
0.135
0.14566666666666667
0.13633333333333333
0.13733333333333334
0.137
0.1376666666666667
0.13
0.14033333333333334
0.1376666666666667
0.137
0.136
0.13533333333333333
0.13633333333333333
0.13566666666666669
0.138
0.135
0.14833333333333334
0.138
0.138
0.14100000000000001
0.14033333333333334
0.137
0.1423333333333333
0.14233333333333334
0.13433333333333333
0.14300000000000002
0.14100000000000001
0.139
0.138
0.14100000000000001
0.14400000000000002
0.14266666666666666
0.14233333333333334
0.1426666666666667
0.138
0.14233333333333334
0.13633333333333333
0.1416666666666667
0.1376666666666667
0.15333333333333332
0.14733333333333334
0.13366666666666668
0.14533333333333331
0.139
0.13333333333333333
0.136
0.136
0.132
0.13266666666666668
0.13266666666666668
0.1396666666666667
0.14666666666666664
0.14833333333333334
0.153
0.15533333333333332
0.14466666666666667
0.137
0.139
0.13433333333333333
0.13466666666666668
0.15733333333333335
0.13999999999999999
0.139
0.13733333333333334
0.14133333333333334
0.15433333333333332
0.1396666666666667
0.1443333333333333
0.13733333333333334
0.136
0.134
0.13366666666666668
0.12866666666666668
0.13233333333333333
0.12866666666666668
0.137
0.132
0.136
0.137
0.13633333333333333
0.13466666666666668
0.15966666666666665
0.157
0.147
0.13733333333333334
0.135
0.136
0.154
0.15333333333333332
0.13733333333333334
0.15333333333333332
0.15
0.15566666666666665
0.13999999999999999
0.1366666666666667
0.145
0.147
0.1376666666666667
0.13166666666666668
0.13466666666666668
0.134
0.13366666666666668
0.13433333333333333
0.13466666666666668
0.14033333333333334
0.151
0.13433333333333333
0.13533333333333333
0.135
0.14033333333333334
0.14300000000000002
0.149
0.14733333333333334
0.144
0.19499999999999998
0.16766666666666666
0.15633333333333332
0.159
0.15466666666666665
0.16133333333333333
0.15066666666666664
0.15166666666666664
0.16133333333333333
0.152
0.14966666666666664
0.15566666666666665
0.15233333333333332
0.15833333333333333
0.15533333333333332
0.15133333333333332
0.16133333333333333
0.153
0.15733333333333333
0.15666666666666665
0.15733333333333333
0.151
0.15700000000000003
0.15166666666666664
0.15466666666666665
0.16
0.16
0.15433333333333332
0.16166666666666665
0.14833333333333334
0.16266666666666665
0.166
0.158
0.145
0.149
0.151
0.15
0.14933333333333332
0.15266666666666664
0.15133333333333332
0.14866666666666664
0.149
0.14766666666666664
0.155
0.168
0.156
0.165
0.16366666666666665
0.15633333333333332
0.147
0.157
0.15833333333333333
0.16366666666666665
0.16466666666666666
0.15533333333333332
0.16566666666666666
0.15666666666666665
0.153
0.16466666666666666
0.14733333333333332
0.144
0.145
0.152
0.156
0.154
0.15633333333333332
0.146
0.15133333333333332
0.15566666666666665
0.153
0.15533333333333332
0.15866666666666665
0.17600000000000002
0.19299999999999998
0.18499999999999997
0.19233333333333333
0.18033333333333332
0.18233333333333332
0.17033333333333334
0.17366666666666664
0.17533333333333334
0.18166666666666664
0.16166666666666665
0.1703333333333333
0.16433333333333333
0.16066666666666665
0.16433333333333333
0.17700000000000002
0.164
0.162
0.162
0.15833333333333333
0.17466666666666666
0.17766666666666664
0.17866666666666667
0.17433333333333334
0.18000000000000002
0.16
0.16666666666666666
0.154
0.14866666666666664
0.14100000000000001
0.14833333333333332
0.14733333333333332
0.14733333333333332
0.15033333333333332
0.16533333333333333
0.144
0.1366666666666667
0.14566666666666667
0.151
0.155
0.159
0.16366666666666665
0.15833333333333333
0.152
0.153
0.15466666666666665
0.155
0.161
0.15833333333333333
0.15466666666666665
0.222
0.219
0.21000000000000005
0.209
0.209
0.25933333333333336
0.2323333333333333
0.22966666666666669
0.22366666666666668
0.118
0.21866666666666668
0.2333333333333333
0.20133333333333336
0.20600000000000004
0.21733333333333335
0.21366666666666667
0.20533333333333334
0.18833333333333332
0.18866666666666668
0.18633333333333332
0.17699999999999996
0.17533333333333334
0.18600000000000003
0.18133333333333335
0.167
0.16466666666666666
0.17133333333333334
0.19166666666666665
0.17900000000000002
0.19066666666666665
0.18533333333333335
0.19000000000000003
0.19533333333333336
0.19200000000000003
0.18866666666666668
0.17133333333333334
0.18633333333333332
0.17433333333333334
0.17033333333333334
0.17633333333333331
0.19200000000000003
0.18800000000000003
0.18066666666666667
0.19800000000000004
0.21066666666666667
0.19766666666666666
0.20000000000000004
0.18666666666666668
0.17899999999999996
0.19600000000000004
0.207
0.21133333333333335
0.20266666666666666
0.205
0.19966666666666666
0.20333333333333334
0.19733333333333336
0.20033333333333334
0.20733333333333334
0.21566666666666667
0.209
0.20299999999999999
0.18899999999999997
0.20400000000000004
0.2026666666666667
0.20633333333333334
0.20766666666666667
0.19299999999999998
0.20433333333333334
0.18400000000000002
0.17566666666666664
0.18233333333333332
0.19200000000000003
0.20433333333333334
0.19499999999999998
0.20166666666666666
0.20766666666666667
0.20566666666666666
0.20533333333333334
0.20633333333333334
0.19233333333333333
0.19333333333333336
0.18933333333333335
0.19400000000000003
0.18666666666666668
0.18066666666666667
0.17833333333333332
0.17899999999999996
0.18299999999999997
0.18666666666666668
0.18166666666666667
0.18033333333333332
0.17866666666666667
0.19033333333333333
0.18033333333333335
0.204
0.20366666666666666
0.20166666666666666
0.20133333333333336
0.19133333333333336
0.22133333333333335
0.11
0.20566666666666666
0.22333333333333336
0.21
0.20199999999999999
0.22566666666666668
0.207
0.20166666666666666
0.18366666666666664
0.20000000000000004
0.206
0.19766666666666666
0.20866666666666667
0.18833333333333332
0.17200000000000001
0.17600000000000002
0.17733333333333334
0.17400000000000002
0.17466666666666666
0.18266666666666667
0.22233333333333336
0.332
0.19133333333333336
0.2336666666666667
0.18000000000000002
0.171
0.13133333333333333
0.13433333333333333
0.133
0.129
0.137
0.15566666666666665
0.1486666666666667
0.15033333333333332
0.14
0.151
0.147
0.14966666666666664
0.138
0.13466666666666668
0.13433333333333333
0.13233333333333333
0.13433333333333333
0.136
0.14633333333333334
0.152
0.159
0.151
0.14966666666666664
0.14766666666666664
0.15766666666666665
0.15633333333333332
0.154
0.13933333333333334
0.15366666666666665
0.14166666666666666
0.137
0.1406666666666667
0.14400000000000002
0.14233333333333334
0.14100000000000001
0.14733333333333334
0.144
0.146
0.14733333333333332
0.1406666666666667
0.14233333333333334
0.14566666666666664
0.13433333333333333
0.13533333333333333
0.137
0.13933333333333334
0.14666666666666664
0.146
0.1396666666666667
0.14266666666666666
0.1416666666666667
0.1376666666666667
0.14033333333333334
0.14033333333333334
0.14533333333333334
0.145
0.14933333333333332
0.1386666666666667
0.1366666666666667
0.14733333333333334
0.1386666666666667
0.14733333333333332
0.14
0.15333333333333332
0.151
0.14033333333333334
0.13233333333333333
0.136
0.15233333333333332
0.135
0.12666666666666668
0.138
0.14366666666666666
0.14466666666666667
0.137
0.136
0.132
0.135
0.13533333333333333
0.136
0.138
0.135
0.13433333333333333
0.13533333333333333
0.14133333333333334
0.1366666666666667
0.13633333333333333
0.13233333333333333
0.13533333333333333
0.132
0.12566666666666668
0.12533333333333332
0.13
0.129
0.13066666666666668
0.13033333333333333
0.12933333333333333
0.131
0.13066666666666668
0.12933333333333333
0.14700000000000002
0.15566666666666665
0.126
0.12666666666666668
0.127
0.1446666666666667
0.155
0.15833333333333333
0.12333333333333334
0.12433333333333334
0.12733333333333333
0.13033333333333333
0.123
0.129
0.13533333333333333
0.12833333333333333
0.12733333333333333
0.13033333333333333
0.127
0.12766666666666668
0.12333333333333334
0.12633333333333333
0.12633333333333333
0.16966666666666666
0.16333333333333333
0.143
0.16733333333333333
0.163
0.16966666666666666
0.17366666666666666
0.17966666666666664
0.19499999999999998
0.1723333333333333
0.14
0.143
0.14033333333333334
0.138
0.14200000000000002
0.16366666666666665
0.167
0.14100000000000001
0.163
0.16333333333333333
0.15966666666666665
0.16133333333333333
0.14633333333333332
0.162
0.162
0.19000000000000003
0.18966666666666665
0.161
0.18933333333333335
0.18633333333333332
0.18633333333333332
0.18733333333333335
0.16866666666666666
0.18833333333333332
0.18933333333333335
0.17933333333333334
0.19699999999999998
0.16266666666666665
0.162
0.16533333333333333
0.19566666666666666
0.19099999999999998
0.161
0.19166666666666665
0.18766666666666665
0.25
0.24433333333333332
0.072
0.22766666666666668
0.22466666666666668
0.13733333333333334
0.14533333333333331
0.13466666666666668
0.1366666666666667
0.142
0.1436666666666667
0.1376666666666667
0.141
0.1386666666666667
0.13733333333333334
0.1396666666666667
0.1366666666666667
0.13366666666666668
0.139
0.139
0.13533333333333333
0.1406666666666667
0.14066666666666666
0.13633333333333333
0.136
0.1406666666666667
0.13833333333333334
0.137
0.13733333333333334
0.137
0.163
0.162
0.12866666666666668
0.16666666666666666
0.16266666666666665
0.16466666666666666
0.16233333333333333
0.14533333333333331
0.16666666666666666
0.16366666666666665
0.13433333333333333
0.14200000000000002
0.13433333333333333
0.12833333333333333
0.136
0.16233333333333333
0.163
0.13433333333333333
0.16233333333333333
0.162
0.15933333333333333
0.16233333333333333
0.14033333333333334
0.16366666666666665
0.161
0.17
0.16733333333333333
0.14366666666666666
0.16766666666666666
0.16933333333333334
0.17400000000000002
0.17533333333333334
0.159
0.16933333333333334
0.17033333333333334
0.1376666666666667
0.134
0.13233333333333333
0.13166666666666668
0.13166666666666668
0.17
0.169
0.14433333333333334
0.17499999999999996
0.16633333333333333
0.16966666666666666
0.169
0.14633333333333332
0.17200000000000001
0.16833333333333333
0.13333333333333333
0.125
0.10166666666666668
0.12766666666666668
0.128
0.12466666666666666
0.129
0.11533333333333334
0.129
0.12333333333333334
0.11133333333333334
0.106
0.10733333333333334
0.10766666666666667
0.109
0.12966666666666668
0.12966666666666668
0.11099999999999999
0.131
0.12966666666666668
0.12466666666666666
0.12666666666666668
0.11433333333333334
0.12666666666666668
0.124
0.12466666666666666
0.12933333333333333
0.11266666666666665
0.12966666666666668
0.123
0.13333333333333333
0.18333333333333335
0.14633333333333332
0.18033333333333332
0.16533333333333333
0.14433333333333334
0.14700000000000002
0.14833333333333332
0.13566666666666669
0.14866666666666664
0.14566666666666664
0.18299999999999997
0.121
0.18200000000000002
0.164
0.1386666666666667
0.162
0.15966666666666665
0.16366666666666665
0.16633333333333333
0.14533333333333331
0.15266666666666664
0.16666666666666666
0.14866666666666664
0.144
0.144
0.145
0.144
0.146
0.145
0.14633333333333332
0.149
0.145
0.14633333333333332
0.14633333333333332
0.14
0.136
0.13366666666666668
0.135
0.13
0.14566666666666664
0.14033333333333334
0.14666666666666664
0.14866666666666664
0.146
0.15133333333333332
0.15366666666666665
0.13166666666666668
0.152
0.14333333333333334
0.131
0.18099999999999997
0.146
0.18566666666666665
0.16433333333333333
0.12333333333333334
0.12666666666666668
0.12166666666666666
0.11599999999999999
0.13
0.16233333333333333
0.18366666666666664
0.12266666666666666
0.18000000000000002
0.16766666666666666
0.1436666666666667
0.16466666666666666
0.14066666666666666
0.16633333333333333
0.16333333333333333
0.1366666666666667
0.13999999999999999
0.11866666666666666
0.13433333333333333
0.13533333333333333
0.13166666666666668
0.16133333333333333
0.14200000000000002
0.165
0.15766666666666665
0.146
0.152
0.14666666666666664
0.1436666666666667
0.16166666666666665
0.14333333333333334
0.161
0.13166666666666668
0.16633333333333333
0.16566666666666666
0.13333333333333333
0.164
0.13933333333333334
0.163
0.17066666666666666
0.12166666666666666
0.13266666666666668
0.123
0.12333333333333334
0.12633333333333333
0.131
0.12933333333333333
0.12466666666666666
0.124
0.11933333333333333
0.12266666666666666
0.13833333333333334
0.12366666666666666
0.12733333333333333
0.132
0.13833333333333334
0.12633333333333333
0.12366666666666666
0.126
0.12233333333333334
0.12833333333333333
0.12933333333333333
0.12766666666666668
0.12933333333333333
0.12533333333333332
0.125
0.13633333333333333
0.12766666666666668
0.12366666666666666
0.12433333333333334
0.12533333333333332
0.127
0.128
0.12766666666666668
0.133
0.132
0.12866666666666668
0.13033333333333333
0.12633333333333333
0.13166666666666668
0.12966666666666668
0.12666666666666668
0.12566666666666668
0.125
0.131
0.132
0.13333333333333333
0.132
0.13133333333333333
0.14500000000000002
0.14333333333333334
0.12933333333333333
0.125
0.12766666666666668
0.12633333333333333
0.13
0.124
0.13133333333333333
0.12433333333333334
0.12566666666666668
0.12633333333333333
0.12866666666666668
0.126
0.13
0.12733333333333333
0.12666666666666668
0.127
0.12433333333333334
0.12366666666666666
0.123
0.12333333333333334
0.12833333333333333
0.12766666666666668
0.12966666666666668
0.12433333333333334
0.113
0.11866666666666666
0.116
0.11399999999999999
0.108
0.11566666666666665
0.11699999999999999
0.11833333333333333
0.118
0.11533333333333333
0.114
0.11399999999999999
0.11599999999999999
0.11566666666666668
0.11499999999999999
0.11533333333333333
0.11333333333333334
0.11666666666666665
0.11366666666666668
0.11499999999999999
0.10533333333333333
0.112
0.11066666666666668
0.11399999999999999
0.11766666666666666
0.1406666666666667
0.137
0.1446666666666667
0.13
0.12533333333333332
0.12366666666666666
0.129
0.131
0.128
0.128
0.126
0.12433333333333334
0.122
0.12233333333333334
0.123
0.12433333333333334
0.12833333333333333
0.127
0.12733333333333333
0.12633333333333333
0.12433333333333334
0.127
0.12166666666666666
0.12566666666666668
0.123
0.16533333333333333
0.16266666666666665
0.137
0.158
0.15066666666666664
0.16133333333333333
0.16966666666666666
0.15133333333333332
0.16266666666666665
0.159
0.14
0.137
0.12766666666666668
0.12966666666666668
0.131
0.15133333333333332
0.15733333333333333
0.14133333333333334
0.158
0.15366666666666665
0.15566666666666665
0.158
0.12933333333333333
0.15433333333333332
0.15633333333333332
0.12966666666666668
0.13366666666666668
0.113
0.147
0.13533333333333333
0.134
0.19000000000000003
0.151
0.18933333333333335
0.16633333333333333
0.14833333333333334
0.14766666666666664
0.14633333333333332
0.138
0.15033333333333332
0.15333333333333332
0.18400000000000002
0.12633333333333333
0.18899999999999997
0.16833333333333333
0.13633333333333333
0.16899999999999996
0.15666666666666665
0.16733333333333333
0.17066666666666666
0.121
0.12766666666666668
0.12566666666666668
0.124
0.12366666666666666
0.125
0.12266666666666666
0.12866666666666668
0.12833333333333333
0.12866666666666668
0.13033333333333333
0.14033333333333334
0.14333333333333334
0.127
0.12666666666666668
0.11399999999999999
0.115
0.11333333333333334
0.113
0.10966666666666668
0.12533333333333332
0.135
0.12566666666666668
0.127
0.12333333333333334
0.156
0.15533333333333332
0.13533333333333333
0.15233333333333332
0.15333333333333332
0.13466666666666668
0.18633333333333332
0.149
0.18933333333333335
0.168
0.125
0.12566666666666668
0.124
0.11666666666666665
0.12366666666666666
0.15533333333333332
0.18533333333333335
0.12333333333333334
0.19733333333333336
0.16766666666666666
0.146
0.169
0.135
0.17299999999999996
0.18933333333333335
0.149
0.15766666666666665
0.13266666666666668
0.14666666666666664
0.17499999999999996
0.15
0.17499999999999996
0.151
0.1743333333333333
0.17166666666666666
0.14400000000000002
0.1443333333333333
0.14
0.13166666666666668
0.14300000000000002
0.153
0.171
0.13366666666666668
0.17666666666666667
0.17666666666666667
0.14666666666666664
0.171
0.14100000000000001
0.17300000000000001
0.17566666666666667
0.20666666666666667
0.208
0.17266666666666666
0.229
0.2363333333333333
0.271
0.25766666666666665
0.07333333333333332
0.266
0.24766666666666667
0.17033333333333334
0.17066666666666666
0.167
0.167
0.16633333333333333
0.208
0.20400000000000004
0.16133333333333333
0.20099999999999998
0.22733333333333336
0.21
0.205
0.171
0.20666666666666667
0.20566666666666666
0.16133333333333333
0.16133333333333333
0.13933333333333334
0.16333333333333333
0.163
0.17033333333333334
0.206
0.15866666666666665
0.20099999999999998
0.20366666666666666
0.16633333333333333
0.165
0.16166666666666665
0.15
0.15933333333333333
0.17866666666666667
0.20466666666666666
0.14533333333333331
0.20766666666666667
0.2026666666666667
0.16733333333333333
0.20166666666666666
0.17600000000000002
0.20133333333333336
0.21566666666666667
0.15633333333333332
0.15333333333333332
0.158
0.157
0.16133333333333333
0.15833333333333333
0.16233333333333333
0.15766666666666665
0.158
0.18533333333333335
0.17233333333333334
0.15966666666666665
0.159
0.15633333333333332
0.163
0.14766666666666664
0.14966666666666664
0.14666666666666664
0.141
0.14466666666666664
0.18499999999999997
0.165
0.15466666666666665
0.15833333333333333
0.16266666666666665
0.20366666666666666
0.21266666666666667
0.161
0.19933333333333336
0.19200000000000003
0.18033333333333332
0.22
0.17566666666666664
0.209
0.212
0.157
0.14933333333333332
0.144
0.137
0.14566666666666664
0.18600000000000003
0.20000000000000004
0.14566666666666664
0.21233333333333335
0.209
0.17566666666666667
0.2026666666666667
0.17800000000000002
0.2253333333333333
0.23166666666666666
0.18366666666666664
0.20133333333333336
0.17166666666666666
0.18233333333333332
0.19466666666666668
0.17600000000000002
0.21
0.18100000000000002
0.21066666666666667
0.22566666666666665
0.169
0.18700000000000003
0.1683333333333333
0.163
0.163
0.18466666666666667
0.20833333333333334
0.16133333333333333
0.20366666666666666
0.20733333333333334
0.17700000000000002
0.19400000000000003
0.15966666666666665
0.19833333333333333
0.20166666666666666
0.171
0.17233333333333334
0.145
0.17400000000000002
0.17766666666666664
0.17600000000000002
0.17133333333333334
0.16566666666666666
0.17200000000000001
0.18000000000000002
0.161
0.15433333333333332
0.15633333333333332
0.16066666666666665
0.16466666666666666
0.18966666666666665
0.16533333333333333
0.1426666666666667
0.16533333333333333
0.162
0.16166666666666665
0.16466666666666666
0.16666666666666666
0.166
0.16266666666666665
0.207
0.21
0.16966666666666666
0.19499999999999998
0.207
0.20833333333333334
0.21266666666666667
0.17800000000000002
0.20000000000000004
0.21
0.19733333333333336
0.19266666666666668
0.22066666666666668
0.09966666666666667
0.22
0.239
0.221
0.19233333333333333
0.22733333333333336
0.223
0.225
0.221
0.17466666666666666
0.21633333333333335
0.225
0.14266666666666666
0.15466666666666665
0.15833333333333333
0.16033333333333333
0.15333333333333332
0.14500000000000002
0.15166666666666664
0.15066666666666664
0.16233333333333333
0.16233333333333333
0.14333333333333334
0.137
0.13566666666666669
0.14600000000000002
0.14166666666666666
0.1416666666666667
0.14233333333333334
0.1386666666666667
0.13933333333333334
0.156
0.14933333333333332
0.15633333333333332
0.15133333333333332
0.14466666666666664
0.15266666666666664
0.18200000000000002
0.18333333333333335
0.13166666666666668
0.162
0.16266666666666665
0.16033333333333333
0.15833333333333333
0.1433333333333333
0.16466666666666666
0.15766666666666665
0.14966666666666664
0.137
0.16733333333333333
0.14866666666666667
0.14
0.18299999999999997
0.17766666666666664
0.14966666666666664
0.18200000000000002
0.16733333333333333
0.19166666666666665
0.19400000000000003
0.14300000000000002
0.16466666666666666
0.15966666666666665
0.16766666666666666
0.16566666666666666
0.13533333333333333
0.165
0.20033333333333334
0.18233333333333332
0.18933333333333335
0.16966666666666666
0.18066666666666667
0.17133333333333334
0.13466666666666668
0.135
0.16066666666666665
0.13633333333333333
0.13333333333333333
0.15933333333333333
0.16166666666666665
0.134
0.16333333333333333
0.15933333333333333
0.18400000000000002
0.17400000000000002
0.157
0.17633333333333331
0.18200000000000002
0.13333333333333333
0.14733333333333332
0.11566666666666665
0.134
0.11866666666666666
0.13333333333333333
0.12033333333333333
0.11733333333333333
0.12166666666666666
0.11833333333333333
0.104
0.10166666666666667
0.10133333333333333
0.10366666666666667
0.11633333333333333
0.145
0.13566666666666669
0.12333333333333334
0.14833333333333332
0.127
0.13433333333333333
0.14366666666666666
0.12033333333333333
0.125
0.11966666666666666
0.12266666666666666
0.124
0.10333333333333333
0.12233333333333334
0.12433333333333334
0.12
0.16733333333333333
0.13366666666666668
0.15333333333333332
0.16466666666666666
0.13033333333333333
0.135
0.1416666666666667
0.134
0.14233333333333334
0.15666666666666665
0.17899999999999996
0.13033333333333333
0.17333333333333334
0.17266666666666666
0.14533333333333334
0.18766666666666665
0.15633333333333332
0.15733333333333333
0.18933333333333335
0.161
0.1456666666666667
0.15033333333333332
0.13266666666666668
0.14333333333333334
0.14766666666666664
0.154
0.14
0.14433333333333334
0.147
0.144
0.143
0.13533333333333333
0.15233333333333332
0.16033333333333333
0.14533333333333334
0.1386666666666667
0.14200000000000002
0.13533333333333333
0.1406666666666667
0.14766666666666664
0.14033333333333334
0.1416666666666667
0.15033333333333332
0.14933333333333332
0.16333333333333333
0.16366666666666665
0.13733333333333334
0.15266666666666664
0.15466666666666665
0.13833333333333334
0.17333333333333334
0.14100000000000001
0.17333333333333334
0.16966666666666666
0.128
0.12666666666666668
0.126
0.11666666666666665
0.12633333333333333
0.15333333333333332
0.17633333333333331
0.123
0.15733333333333333
0.15733333333333333
0.146
0.16366666666666665
0.1396666666666667
0.17566666666666667
0.169
0.13633333333333333
0.14366666666666664
0.123
0.13899999999999998
0.14866666666666664
0.143
0.17833333333333332
0.14300000000000002
0.1703333333333333
0.18000000000000002
0.15933333333333333
0.163
0.16333333333333333
0.15533333333333332
0.15733333333333333
0.15166666666666664
0.169
0.12833333333333333
0.17166666666666666
0.16333333333333333
0.13833333333333334
0.17733333333333334
0.1386666666666667
0.16466666666666666
0.17666666666666667
0.161
0.17566666666666664
0.161
0.15033333333333332
0.14733333333333332
0.16266666666666665
0.16466666666666666
0.16366666666666665
0.14533333333333331
0.14
0.15366666666666665
0.152
0.15
0.15
0.16533333333333333
0.15966666666666665
0.15766666666666665
0.15933333333333333
0.15833333333333333
0.161
0.15466666666666665
0.15766666666666665
0.15366666666666665
0.16333333333333333
0.16666666666666666
0.15266666666666664
0.15633333333333332
0.16333333333333333
0.15633333333333332
0.15133333333333332
0.15
0.15033333333333332
0.16066666666666665
0.155
0.153
0.15166666666666664
0.15133333333333332
0.15266666666666664
0.15933333333333333
0.17633333333333331
0.164
0.15733333333333333
0.15466666666666665
0.155
0.157
0.15066666666666664
0.15266666666666664
0.15533333333333332
0.15833333333333333
0.153
0.17400000000000002
0.17866666666666667
0.18799999999999997
0.20533333333333334
0.17699999999999996
0.1743333333333333
0.17166666666666666
0.17400000000000002
0.17299999999999996
0.18766666666666665
0.19299999999999998
0.18366666666666664
0.18966666666666665
0.19566666666666666
0.17633333333333331
0.23166666666666666
0.21833333333333335
0.20299999999999999
0.19766666666666666
0.19499999999999998
0.18266666666666667
0.19499999999999998
0.17866666666666667
0.17466666666666666
0.169
0.19299999999999998
0.08766666666666667
0.2006666666666667
0.20099999999999998
0.19066666666666668
0.17900000000000002
0.17500000000000002
0.16733333333333333
0.18999999999999997
0.17633333333333334
0.17200000000000001
0.18833333333333332
0.18899999999999997
0.17133333333333334
0.168
0.17466666666666666
0.18633333333333332
0.17500000000000002
0.16633333333333333
0.164
0.156
0.17033333333333334
0.168
0.17699999999999996
0.15933333333333333
0.16533333333333333
0.15966666666666665
0.148
0.15133333333333332
0.15166666666666664
0.14733333333333332
0.15633333333333332
0.15233333333333332
0.15
0.148
0.14966666666666664
0.15133333333333332
0.147
0.15133333333333332
0.15066666666666664
0.16333333333333333
0.15133333333333332
0.161
0.162
0.16733333333333333
0.155
0.161
0.16166666666666665
0.15666666666666665
0.15433333333333332
0.157
0.15466666666666665
0.136
0.158
0.16033333333333333
0.16033333333333333
0.16466666666666666
0.155
0.16
0.15833333333333333
0.1386666666666667
0.13833333333333334
0.13833333333333334
0.13966666666666666
0.1386666666666667
0.156
0.15966666666666665
0.13566666666666669
0.15766666666666665
0.154
0.15566666666666665
0.15966666666666665
0.14233333333333334
0.15833333333333333
0.14733333333333334
0.13266666666666668
0.13033333333333333
0.11433333333333334
0.127
0.13
0.136
0.18733333333333335
0.152
0.17300000000000001
0.16133333333333333
0.13533333333333333
0.13166666666666668
0.1426666666666667
0.12533333333333332
0.147
0.1433333333333333
0.16733333333333333
0.127
0.166
0.162
0.1396666666666667
0.163
0.151
0.16233333333333333
0.165
0.12133333333333333
0.12433333333333334
0.12033333333333333
0.12233333333333334
0.12566666666666668
0.127
0.123
0.12233333333333334
0.124
0.122
0.122
0.126
0.12666666666666668
0.131
0.13033333333333333
0.123
0.12366666666666666
0.11233333333333334
0.11433333333333333
0.111
0.124
0.13466666666666668
0.12866666666666668
0.13066666666666668
0.13
0.14933333333333332
0.16733333333333333
0.13533333333333333
0.15333333333333332
0.156
0.14
0.16833333333333333
0.15733333333333333
0.17266666666666666
0.17366666666666664
0.135
0.13333333333333333
0.131
0.12333333333333334
0.13833333333333334
0.16
0.18200000000000002
0.131
0.17
0.18299999999999997
0.15866666666666665
0.16833333333333333
0.13566666666666669
0.16766666666666666
0.17066666666666666
0.14033333333333334
0.14566666666666664
0.123
0.14200000000000002
0.14800000000000002
0.14266666666666666
0.19366666666666665
0.15866666666666665
0.18333333333333335
0.18499999999999997
0.15566666666666665
0.14600000000000002
0.14300000000000002
0.143
0.142
0.16433333333333333
0.18166666666666664
0.12633333333333333
0.17533333333333334
0.17800000000000002
0.15
0.17166666666666666
0.14
0.17699999999999996
0.17833333333333332
0.14966666666666664
0.15266666666666664
0.128
0.15033333333333332
0.153
0.15866666666666665
0.15666666666666665
0.16066666666666665
0.15233333333333332
0.15666666666666665
0.12866666666666668
0.119
0.123
0.11666666666666665
0.123
0.13966666666666666
0.14233333333333334
0.11866666666666666
0.13633333333333333
0.1366666666666667
0.13066666666666668
0.137
0.1416666666666667
0.15
0.14800000000000002
0.13933333333333334
0.148
0.115
0.131
0.133
0.13133333333333333
0.17299999999999996
0.14466666666666667
0.171
0.18666666666666668
0.149
0.142
0.14266666666666664
0.133
0.164
0.16466666666666666
0.19166666666666665
0.15
0.17866666666666667
0.17200000000000001
0.161
0.19866666666666669
0.17133333333333334
0.17333333333333334
0.18766666666666665
0.14300000000000002
0.14333333333333334
0.14433333333333334
0.13566666666666669
0.14
0.134
0.13633333333333333
0.1406666666666667
0.137
0.13566666666666669
0.14766666666666664
0.14400000000000002
0.14300000000000002
0.154
0.13266666666666668
0.13166666666666668
0.136
0.13233333333333333
0.137
0.13533333333333333
0.1466666666666667
0.15566666666666665
0.14333333333333334
0.139
0.13133333333333333
0.13733333333333334
0.15033333333333332
0.145
0.159
0.16533333333333333
0.144
0.17833333333333332
0.14633333333333332
0.17666666666666667
0.17866666666666667
0.12766666666666668
0.13066666666666668
0.136
0.11733333333333333
0.12633333333333333
0.14766666666666664
0.17166666666666663
0.12366666666666666
0.18400000000000002
0.17466666666666666
0.14466666666666667
0.17400000000000002
0.143
0.16966666666666666
0.16766666666666666
0.13566666666666669
0.13333333333333333
0.11333333333333334
0.14300000000000002
0.14
0.1406666666666667
0.17933333333333334
0.15466666666666665
0.16866666666666666
0.18200000000000002
0.154
0.14233333333333334
0.13233333333333333
0.14100000000000001
0.147
0.14566666666666667
0.16433333333333333
0.11966666666666666
0.17333333333333334
0.18499999999999997
0.14133333333333334
0.18733333333333335
0.14666666666666664
0.18433333333333332
0.18933333333333335
