0.052333333333333336
0.036333333333333336
0.019666666666666666
0.019666666666666666
0.020666666666666667
0.12666666666666668
0.02366666666666667
0.15033333333333335
0.131
0.11133333333333333
0.11399999999999999
0.10133333333333334
0.06333333333333334
0.10466666666666667
0.06466666666666666
0.122
0.15733333333333333
0.15666666666666665
0.03233333333333333
0.124
0.07766666666666666
0.119
0.114
0.105
0.067
0.068
0.10933333333333334
0.06533333333333334
0.11033333333333334
0.10233333333333333
0.11466666666666668
0.13866666666666666
0.12066666666666666
0.121
0.10766666666666667
0.11866666666666666
0.112
0.072
0.119
0.07633333333333332
0.11033333333333334
0.12333333333333334
0.11766666666666666
0.11299999999999999
0.12033333333333333
0.118
0.11699999999999999
0.12233333333333334
0.12233333333333334
0.11766666666666666
0.10233333333333333
0.10733333333333334
0.10266666666666667
0.11166666666666668
0.11033333333333334
0.105
0.11533333333333334
0.11333333333333334
0.11
0.112
0.12266666666666666
0.11333333333333334
0.10866666666666668
0.11233333333333333
0.10666666666666667
0.10733333333333334
0.11333333333333333
0.07100000000000001
0.076
0.11233333333333334
0.10933333333333334
0.11333333333333334
0.12
0.11399999999999999
0.11333333333333333
0.109
0.11266666666666665
0.07566666666666666
0.11333333333333334
0.10733333333333332
0.11166666666666665
0.11066666666666668
0.10933333333333334
0.11066666666666668
0.10933333333333334
0.12133333333333333
0.12733333333333333
0.131
0.13833333333333334
0.13833333333333334
0.15133333333333335
0.14433333333333334
0.146
0.15766666666666665
0.146
0.08
0.12466666666666666
0.13
0.106
0.07200000000000001
0.13
0.13233333333333333
0.12066666666666666
0.132
0.1376666666666667
0.11933333333333333
0.07833333333333332
0.11599999999999999
0.11533333333333333
0.106
0.111
0.11233333333333334
0.12
0.10933333333333332
0.11
0.11033333333333334
0.113
0.11266666666666665
0.11733333333333333
0.106
0.12
0.113
0.10533333333333333
0.10666666666666667
0.11266666666666665
0.06833333333333334
0.10933333333333334
0.11399999999999999
0.10933333333333334
0.09933333333333333
0.10833333333333334
0.07133333333333335
0.10966666666666668
0.11266666666666665
0.10233333333333333
0.10633333333333334
0.11366666666666665
0.11166666666666668
0.11133333333333334
0.11366666666666665
0.11633333333333333
0.11133333333333334
0.085
0.07333333333333333
0.11033333333333334
0.10733333333333334
0.11466666666666665
0.11766666666666666
0.10733333333333334
0.10866666666666668
0.11366666666666665
0.10833333333333334
0.11033333333333334
0.11
0.09866666666666667
0.11599999999999999
0.11666666666666665
0.11633333333333333
0.12133333333333333
0.11866666666666666
0.124
0.11933333333333333
0.13433333333333333
0.148
0.12266666666666666
0.11466666666666665
0.12933333333333333
0.12166666666666666
0.119
0.124
0.118
0.12633333333333333
0.132
0.11533333333333333
0.127
0.108
0.11233333333333333
0.11733333333333333
0.11399999999999999
0.10666666666666667
0.124
0.11433333333333334
0.12466666666666666
0.13433333333333333
0.118
0.131
0.12433333333333334
0.12833333333333333
0.11933333333333333
0.135
0.114
0.12266666666666666
0.07733333333333332
0.07866666666666666
0.11399999999999999
0.11966666666666666
0.12233333333333334
0.12266666666666666
0.11833333333333333
0.12233333333333334
0.11733333333333333
0.11766666666666666
0.08433333333333333
0.12133333333333333
0.12166666666666666
0.125
0.11466666666666665
0.11666666666666665
0.12033333333333333
0.11433333333333333
0.12566666666666668
0.13333333333333333
0.13233333333333333
0.13733333333333334
0.14833333333333334
0.129
0.12966666666666668
0.12933333333333333
0.13233333333333333
0.12866666666666668
0.12033333333333333
0.12166666666666666
0.13
0.121
0.12166666666666666
0.122
0.13366666666666668
0.126
0.12666666666666668
0.15633333333333332
0.122
0.12333333333333334
0.11766666666666666
0.125
0.11833333333333333
0.14300000000000002
0.16066666666666665
0.17666666666666667
0.16866666666666666
0.1386666666666667
0.15466666666666667
0.144
0.15166666666666664
0.16566666666666666
0.14533333333333334
0.123
0.1546666666666667
0.15566666666666665
0.14733333333333334
0.11766666666666666
0.12533333333333332
0.16066666666666665
0.1376666666666667
0.127
0.126
0.10033333333333333
0.11
0.11133333333333334
0.12566666666666668
0.11933333333333333
0.12066666666666666
0.11966666666666666
0.11499999999999999
0.11699999999999999
0.111
0.104
0.125
0.09333333333333334
0.10466666666666667
0.10966666666666668
0.11333333333333334
0.119
0.12566666666666668
0.109
0.11233333333333333
0.10633333333333334
0.10966666666666668
0.11299999999999999
0.10966666666666668
0.10366666666666667
0.10966666666666668
0.107
0.11066666666666668
0.11333333333333333
0.11166666666666668
0.11
0.10933333333333334
0.11166666666666668
0.11966666666666666
0.11
0.10933333333333334
0.12133333333333333
0.11233333333333334
0.11
0.11266666666666668
0.11866666666666666
0.11533333333333333
0.11499999999999999
0.106
0.113
0.10066666666666667
0.10333333333333333
0.10333333333333333
0.10933333333333334
0.11433333333333333
0.12
0.11733333333333333
0.11366666666666668
0.10733333333333334
0.10766666666666667
0.10566666666666667
0.10333333333333333
0.11066666666666668
0.10733333333333334
0.10633333333333334
0.11299999999999999
0.11266666666666665
0.082
0.09966666666666668
0.11066666666666668
0.10966666666666668
0.107
0.131
0.11333333333333334
0.12433333333333334
0.11299999999999999
0.105
0.13033333333333333
0.12733333333333333
0.10566666666666667
0.10633333333333334
0.10966666666666668
0.10733333333333334
0.12466666666666666
0.12166666666666666
0.11566666666666665
0.10833333333333334
0.10733333333333334
0.11333333333333334
0.10866666666666668
0.08966666666666667
0.082
0.08566666666666667
0.07533333333333332
0.09133333333333334
0.09733333333333334
0.09733333333333334
0.10000000000000002
0.09533333333333334
0.09633333333333334
0.12266666666666666
0.109
0.11
0.12366666666666666
0.112
0.10766666666666667
0.11233333333333333
0.11566666666666665
0.11366666666666668
0.108
0.11633333333333333
0.10533333333333333
0.11366666666666668
0.10633333333333334
0.111
0.122
0.11333333333333334
0.13133333333333333
0.13466666666666668
0.11633333333333333
0.11199999999999999
0.112
0.11266666666666668
0.111
0.11399999999999999
0.11466666666666668
0.11599999999999999
0.12
0.11666666666666665
0.10833333333333334
0.11033333333333332
0.11233333333333334
0.115
0.119
0.108
0.11266666666666668
0.11199999999999999
0.11233333333333333
0.11866666666666666
0.104
0.111
0.11333333333333333
0.08133333333333333
0.07266666666666666
0.11466666666666665
0.113
0.11466666666666668
0.11933333333333333
0.11133333333333334
0.11633333333333333
0.12433333333333334
0.11966666666666666
0.11266666666666665
0.11333333333333333
0.11866666666666666
0.11566666666666665
0.12333333333333334
0.122
0.11299999999999999
0.11633333333333333
0.10966666666666668
0.12566666666666668
0.11833333333333333
0.11866666666666666
0.11633333333333333
0.11699999999999999
0.11499999999999999
0.11366666666666668
0.119
0.12233333333333334
0.13166666666666668
0.132
0.13366666666666668
0.12966666666666668
0.13133333333333333
0.11599999999999999
0.118
0.11366666666666665
0.123
0.11633333333333333
0.13533333333333333
0.13466666666666668
0.132
0.1396666666666667
0.13133333333333333
0.13466666666666668
0.13366666666666668
0.13433333333333333
0.134
0.13433333333333333
0.14
0.13333333333333333
0.10833333333333334
0.123
0.13233333333333333
0.1466666666666667
0.151
0.145
0.14200000000000002
0.13566666666666669
0.13433333333333333
0.13066666666666668
0.1396666666666667
0.13833333333333334
0.12833333333333333
0.14733333333333334
0.16666666666666666
0.152
0.15333333333333332
0.16866666666666666
0.2006666666666667
0.15133333333333332
0.15733333333333333
0.15666666666666665
0.15666666666666665
0.16233333333333333
0.15433333333333332
0.15033333333333332
0.152
0.16966666666666666
0.18566666666666665
0.22233333333333336
0.18733333333333335
0.165
0.15933333333333333
0.14066666666666666
0.1386666666666667
0.133
0.14333333333333334
0.134
0.10266666666666667
0.07666666666666666
0.12233333333333334
0.13
0.121
0.1446666666666667
0.1456666666666667
0.152
0.18099999999999997
0.13133333333333333
0.12
0.119
0.1406666666666667
0.11966666666666666
0.12433333333333334
0.17700000000000002
0.12433333333333334
0.11166666666666668
0.11366666666666665
0.132
0.09166666666666667
0.133
0.12566666666666668
0.12766666666666668
0.133
0.15166666666666664
0.18266666666666667
0.16033333333333333
0.13633333333333333
0.13
0.16766666666666666
0.15566666666666665
0.15166666666666664
0.14233333333333334
0.14
0.12966666666666668
0.14700000000000002
0.11833333333333333
0.14366666666666666
0.13466666666666668
0.137
0.13233333333333333
0.12433333333333334
0.12166666666666666
0.12833333333333333
0.15033333333333335
0.14733333333333332
0.134
0.137
0.15166666666666664
0.121
0.11766666666666666
0.11366666666666665
0.11333333333333334
0.126
0.11066666666666665
0.13133333333333333
0.12733333333333333
0.11599999999999999
0.07433333333333332
0.10866666666666668
0.118
0.112
0.11566666666666665
0.11633333333333333
0.108
0.20633333333333334
0.24466666666666667
0.19966666666666666
0.20233333333333334
0.15566666666666665
0.12466666666666666
0.12733333333333333
0.11833333333333333
0.11466666666666665
0.12466666666666666
0.12933333333333333
0.12433333333333334
0.126
0.1556666666666667
0.17166666666666666
0.145
0.132
0.118
0.11533333333333333
0.11533333333333333
0.111
0.08866666666666667
0.10099999999999999
0.10933333333333334
0.11066666666666668
0.11199999999999999
0.10733333333333334
0.112
0.12766666666666668
0.125
0.14400000000000002
0.14933333333333332
0.15433333333333332
0.1456666666666667
0.17166666666666666
0.16566666666666666
0.15033333333333335
0.157
0.14933333333333335
0.12533333333333332
0.13566666666666669
0.12366666666666666
0.122
0.11633333333333333
0.12033333333333333
0.12033333333333333
0.12233333333333334
0.122
0.12733333333333333
0.12966666666666668
0.13166666666666668
0.12433333333333334
0.11066666666666668
0.12566666666666668
0.12266666666666666
0.12366666666666666
0.13433333333333333
0.137
0.128
0.10333333333333333
0.11633333333333333
0.11966666666666666
0.11333333333333333
0.107
0.11433333333333334
0.12033333333333333
0.13
0.1376666666666667
0.13366666666666668
0.13233333333333333
0.14433333333333334
0.12966666666666668
0.122
0.12566666666666668
0.11499999999999999
0.13566666666666669
0.13466666666666668
0.12133333333333333
0.12566666666666668
0.11266666666666668
0.12533333333333332
0.129
0.1406666666666667
0.11166666666666668
0.11866666666666666
0.084
0.147
0.13066666666666668
0.14
0.125
0.13033333333333333
0.12733333333333333
0.132
0.159
0.16266666666666665
0.15933333333333333
0.10366666666666667
0.109
0.11299999999999999
0.12
0.14200000000000002
0.13633333333333333
0.118
0.11166666666666665
0.15233333333333335
0.12
0.11033333333333334
0.10666666666666667
0.10766666666666667
0.106
0.10733333333333334
0.10833333333333334
0.107
0.106
0.11299999999999999
0.11066666666666668
0.07100000000000001
0.13999999999999999
0.11399999999999999
0.12333333333333334
0.12233333333333334
0.114
0.127
0.10933333333333332
0.12133333333333333
0.12766666666666668
0.12666666666666668
0.12
0.13066666666666668
0.11066666666666668
0.113
0.11233333333333334
0.11466666666666665
0.11033333333333334
0.13933333333333334
0.12466666666666666
0.131
0.14966666666666664
0.11233333333333333
0.121
0.12966666666666668
0.11499999999999999
0.13466666666666668
0.134
0.156
0.12466666666666666
0.11599999999999999
0.13099999999999998
0.10933333333333332
0.11966666666666666
0.11066666666666668
0.11766666666666666
0.125
0.12433333333333334
0.12133333333333333
0.12333333333333334
0.14833333333333332
0.15733333333333333
0.12366666666666666
0.12266666666666666
0.12366666666666666
0.12633333333333333
0.14333333333333334
0.146
0.15833333333333333
0.15333333333333335
0.16233333333333333
0.128
0.131
0.10766666666666667
0.10133333333333333
0.10000000000000002
0.08833333333333333
0.09899999999999999
0.07833333333333332
0.121
0.11133333333333333
0.10933333333333334
0.12533333333333332
0.12466666666666666
0.12266666666666666
0.11133333333333333
0.12266666666666666
0.107
0.11766666666666666
0.11366666666666665
0.11733333333333333
0.11766666666666666
0.11366666666666668
0.123
0.11599999999999999
0.12533333333333332
0.12966666666666668
0.12066666666666666
0.15033333333333335
0.135
0.12266666666666666
0.122
0.12033333333333333
0.127
0.12366666666666666
0.12433333333333334
0.12166666666666666
0.115
0.11633333333333333
0.136
0.122
0.11699999999999999
0.11566666666666665
0.10766666666666667
0.11566666666666665
0.11466666666666668
0.12
0.11666666666666665
0.126
0.12266666666666666
0.11466666666666665
0.11566666666666665
0.11133333333333333
0.11699999999999999
0.121
0.09500000000000001
0.11533333333333334
0.11966666666666666
0.128
0.12266666666666666
0.12033333333333333
0.11833333333333333
0.13933333333333334
0.118
0.12333333333333334
0.12366666666666666
0.13333333333333333
0.13066666666666668
0.13433333333333333
0.126
0.126
0.14100000000000001
0.12633333333333333
0.13266666666666668
0.14100000000000001
0.13466666666666666
0.13033333333333333
0.135
0.15133333333333335
0.17933333333333334
0.16333333333333333
0.13933333333333334
0.13466666666666668
0.156
0.15133333333333332
0.13366666666666668
0.132
0.17633333333333334
0.14533333333333334
0.134
0.153
0.17166666666666663
0.14
0.13033333333333333
0.14666666666666667
0.14733333333333334
0.14900000000000002
0.14133333333333334
0.13933333333333334
0.12733333333333333
0.14633333333333334
0.153
0.15233333333333335
0.13366666666666668
0.132
0.104
0.11633333333333333
0.12966666666666668
0.13133333333333333
0.13433333333333333
0.13233333333333333
0.13433333333333333
0.132
0.126
0.131
0.12066666666666666
0.12933333333333333
0.124
0.12633333333333333
0.133
0.1406666666666667
0.132
0.124
0.13266666666666668
0.13233333333333333
0.12566666666666668
0.13433333333333333
0.14966666666666667
0.14200000000000002
0.13133333333333333
0.11833333333333333
0.12166666666666666
0.125
0.12733333333333333
0.12466666666666666
0.124
0.12766666666666668
0.12366666666666666
0.127
0.128
0.12266666666666666
0.12933333333333333
0.121
0.124
0.12733333333333333
0.12366666666666666
0.12033333333333333
0.127
0.13133333333333333
0.12366666666666666
0.12933333333333333
0.12766666666666668
0.12866666666666668
0.12533333333333332
0.13266666666666668
0.12633333333333333
0.13
0.126
0.119
0.127
0.128
0.123
0.123
0.12633333333333333
0.129
0.12633333333333333
0.12233333333333334
0.12833333333333333
0.10933333333333334
0.11166666666666668
0.12133333333333333
0.11633333333333333
0.10366666666666667
0.11633333333333333
0.112
0.11599999999999999
0.11833333333333333
0.11366666666666665
0.10833333333333334
0.11633333333333333
0.11566666666666665
0.11466666666666668
0.114
0.11333333333333333
0.118
0.11633333333333333
0.10833333333333334
0.11533333333333333
0.10433333333333333
0.11299999999999999
0.11233333333333334
0.11233333333333333
0.10566666666666667
0.12233333333333334
0.11599999999999999
0.13166666666666668
0.146
0.129
0.11666666666666665
0.10933333333333334
0.11366666666666665
0.11366666666666668
0.11699999999999999
0.122
0.12533333333333332
0.11833333333333333
0.132
0.12266666666666666
0.12266666666666666
0.12666666666666668
0.13066666666666668
0.12
0.13466666666666668
0.11233333333333334
0.11666666666666665
0.113
0.11133333333333334
0.111
0.11566666666666668
0.11933333333333333
0.126
0.121
0.11966666666666666
0.112
0.11
0.11533333333333334
0.11566666666666665
0.11499999999999999
0.12933333333333333
0.12733333333333333
0.11166666666666668
0.1406666666666667
0.13333333333333333
0.11966666666666666
0.11966666666666666
0.12566666666666668
0.11466666666666665
0.12
0.14833333333333332
0.15000000000000002
0.15133333333333332
0.16266666666666665
0.1426666666666667
0.11
0.11033333333333334
0.11633333333333333
0.11266666666666668
0.11066666666666668
0.12066666666666666
0.115
0.12033333333333333
0.12166666666666666
0.11433333333333333
0.09433333333333334
0.09833333333333333
0.08700000000000001
0.08033333333333333
0.09533333333333334
0.10566666666666667
0.10333333333333333
0.10966666666666668
0.09899999999999999
0.085
0.138
0.129
0.12
0.118
0.11633333333333333
0.10933333333333334
0.11233333333333334
0.122
0.11966666666666666
0.11733333333333333
0.124
0.12533333333333332
0.12666666666666668
0.123
0.12566666666666668
0.128
0.12933333333333333
0.11866666666666666
0.124
0.126
0.11933333333333333
0.12133333333333333
0.13733333333333334
0.139
0.12533333333333332
0.11933333333333333
0.122
0.12333333333333334
0.121
0.11166666666666668
0.11033333333333334
0.11499999999999999
0.11966666666666666
0.12266666666666666
0.111
0.11566666666666665
0.11666666666666665
0.12133333333333333
0.12566666666666668
0.12633333333333333
0.13233333333333333
0.13233333333333333
0.08900000000000001
0.081
0.11866666666666666
0.11633333333333333
0.12233333333333334
0.123
0.11566666666666668
0.12
0.11466666666666665
0.11866666666666666
0.11666666666666665
0.11599999999999999
0.114
0.10866666666666668
0.11566666666666665
0.11266666666666665
0.11733333333333333
0.11533333333333333
0.11699999999999999
0.11599999999999999
0.11966666666666666
0.12
0.12033333333333333
0.109
0.118
0.11399999999999999
0.111
0.11499999999999999
0.12233333333333334
0.12166666666666666
0.11366666666666668
0.11599999999999999
0.12033333333333333
0.11766666666666666
0.121
0.12166666666666666
0.127
0.12533333333333332
0.119
0.12766666666666668
0.126
0.13166666666666668
0.13333333333333333
0.12866666666666668
0.135
0.1366666666666667
0.14733333333333334
0.14766666666666667
0.13833333333333334
0.13933333333333334
0.13733333333333334
0.159
0.166
0.14700000000000002
0.1376666666666667
0.13966666666666666
0.1376666666666667
0.15233333333333332
0.134
0.13433333333333333
0.12566666666666668
0.14200000000000002
0.13833333333333334
0.13466666666666668
0.1366666666666667
0.12966666666666668
0.13633333333333333
0.144
0.131
0.136
0.13566666666666669
0.14233333333333334
0.17
0.133
0.1396666666666667
0.1376666666666667
0.131
0.15300000000000002
0.16633333333333333
0.13433333333333333
0.13466666666666668
0.13566666666666669
0.1396666666666667
0.13366666666666668
0.13633333333333333
0.12766666666666668
0.133
0.12633333333333333
0.12366666666666666
0.139
0.13066666666666668
0.134
0.11733333333333333
0.131
0.11933333333333333
0.11933333333333333
0.12933333333333333
0.1376666666666667
0.12966666666666668
0.13033333333333333
0.14100000000000001
0.13033333333333333
0.12933333333333333
0.11666666666666665
0.137
0.11866666666666666
0.12566666666666668
0.11
0.12866666666666668
0.125
0.12666666666666668
0.16733333333333333
0.13233333333333333
0.14766666666666667
0.14
0.119
0.12333333333333334
0.12366666666666666
0.127
0.12366666666666666
0.125
0.13066666666666668
0.12566666666666668
0.12033333333333333
0.12666666666666668
0.1386666666666667
0.15766666666666665
0.13633333333333333
0.15166666666666667
0.167
0.1426666666666667
0.15866666666666665
0.156
0.12633333333333333
0.154
0.13166666666666668
0.137
0.13166666666666668
0.11233333333333333
0.11133333333333333
0.108
0.11266666666666665
0.12433333333333334
0.14366666666666666
0.13466666666666668
0.12533333333333332
0.12366666666666666
0.124
0.126
0.13033333333333333
0.12666666666666668
0.128
0.126
0.11433333333333333
0.12933333333333333
0.15000000000000002
0.111
0.11399999999999999
0.121
0.12666666666666668
0.11166666666666668
0.11766666666666666
0.11399999999999999
0.12933333333333333
0.13633333333333333
0.15966666666666665
0.1366666666666667
0.13733333333333334
0.132
0.131
0.13466666666666668
0.13133333333333333
0.13
0.131
0.136
0.13833333333333334
0.1386666666666667
0.14333333333333334
0.12533333333333332
0.14766666666666667
0.14200000000000002
0.14166666666666666
0.13366666666666668
0.13266666666666668
0.12166666666666666
0.12533333333333332
0.12666666666666668
0.13
0.125
0.13466666666666668
0.149
0.1416666666666667
0.12833333333333333
0.12633333333333333
0.12266666666666666
0.128
0.12633333333333333
0.124
0.12333333333333334
0.132
0.118
0.11966666666666666
0.12333333333333334
0.12333333333333334
0.13233333333333333
0.11966666666666666
0.118
0.12166666666666666
0.122
0.12566666666666668
0.121
0.12066666666666666
0.11966666666666666
0.11766666666666666
0.11966666666666666
0.119
0.11566666666666665
0.115
0.11933333333333333
0.12266666666666666
0.12333333333333334
0.12133333333333333
0.11966666666666666
0.121
0.12366666666666666
0.11633333333333333
0.12366666666666666
0.132
0.114
0.12033333333333333
0.11666666666666665
0.11433333333333334
0.12033333333333333
0.11966666666666666
0.12566666666666668
0.11866666666666666
0.11499999999999999
0.12
0.11
0.11666666666666665
0.11533333333333333
0.11966666666666666
0.11933333333333333
0.12166666666666666
0.12
0.119
0.12366666666666666
0.11866666666666666
0.11833333333333333
0.12733333333333333
0.12433333333333334
0.11733333333333333
0.11733333333333333
0.11366666666666668
0.114
0.12166666666666666
0.11533333333333333
0.119
0.111
0.11466666666666665
0.11233333333333334
0.11166666666666668
0.10666666666666667
0.09266666666666667
0.10066666666666667
0.10533333333333333
0.09866666666666668
0.09633333333333334
0.10099999999999999
0.109
0.10766666666666667
0.10433333333333333
0.105
0.10333333333333333
0.10866666666666668
0.11333333333333333
0.10466666666666667
0.106
0.11666666666666665
0.13233333333333333
0.11199999999999999
0.10766666666666667
0.10766666666666667
0.10466666666666667
0.10733333333333334
0.104
0.10533333333333333
0.10099999999999999
0.10466666666666667
0.11133333333333334
0.109
0.11333333333333334
0.106
0.10733333333333334
0.10633333333333334
0.11199999999999999
0.11533333333333333
0.106
0.11233333333333334
0.112
0.11266666666666665
0.11233333333333333
0.11233333333333334
0.11333333333333333
0.11499999999999999
0.11566666666666665
0.11033333333333334
0.11499999999999999
0.10866666666666668
0.10733333333333334
0.11266666666666665
0.11266666666666668
0.10766666666666667
0.10366666666666667
0.10733333333333334
0.10866666666666668
0.11133333333333334
0.10100000000000002
0.11033333333333334
0.11433333333333333
0.11166666666666668
0.11699999999999999
0.11133333333333333
0.09266666666666667
0.09999999999999999
0.09033333333333333
0.09433333333333334
0.09699999999999999
0.10233333333333333
0.10833333333333334
0.10466666666666667
0.09966666666666667
0.102
0.106
0.11266666666666668
0.10533333333333333
0.11066666666666668
0.106
0.10966666666666668
0.11033333333333334
0.11966666666666666
0.12033333333333333
0.11399999999999999
0.12633333333333333
0.119
0.112
0.11533333333333334
0.11633333333333333
0.118
0.128
0.128
0.13466666666666668
0.12966666666666668
0.13133333333333333
0.121
0.1366666666666667
0.11766666666666666
0.11866666666666666
0.12966666666666668
0.12766666666666668
0.12166666666666666
0.118
0.11833333333333333
0.11066666666666668
0.11733333333333333
0.118
0.12233333333333334
0.11366666666666665
0.12766666666666668
0.11399999999999999
0.12566666666666668
0.12233333333333334
0.11599999999999999
0.11433333333333334
0.12166666666666666
0.11766666666666666
0.11466666666666665
0.11666666666666665
0.11666666666666665
0.12066666666666666
0.119
0.11133333333333334
0.11699999999999999
0.11
0.11466666666666668
0.11466666666666665
0.113
0.11033333333333334
0.11399999999999999
0.11766666666666666
0.11766666666666666
0.12233333333333334
0.11366666666666668
0.123
0.121
0.12666666666666668
0.12733333333333333
0.12533333333333332
0.12566666666666668
0.119
0.11699999999999999
0.124
0.12666666666666668
0.128
0.11966666666666666
0.13333333333333333
0.12766666666666668
0.126
0.12
0.12
0.125
0.11833333333333333
0.13
0.12766666666666668
0.13
0.13
0.12333333333333334
0.12966666666666668
0.12133333333333333
0.10766666666666667
0.11733333333333333
0.12266666666666666
0.11433333333333334
0.12733333333333333
0.12466666666666666
0.09799999999999999
0.112
0.124
0.127
0.12533333333333332
0.129
0.127
0.137
0.12066666666666666
0.119
0.125
0.1366666666666667
0.12366666666666666
0.11366666666666668
0.12533333333333332
0.11966666666666666
0.11933333333333333
0.12233333333333334
0.11466666666666668
0.11466666666666665
0.121
0.12533333333333332
0.11866666666666666
0.12233333333333334
0.12566666666666668
0.12666666666666668
0.122
0.11699999999999999
0.121
0.11699999999999999
0.11966666666666666
0.12766666666666668
0.11833333333333333
0.123
0.12433333333333334
0.12266666666666666
0.12833333333333333
0.125
0.11733333333333333
0.12566666666666668
0.12433333333333334
0.12033333333333333
0.12733333333333333
0.118
0.12
0.127
0.11733333333333333
0.12566666666666668
0.12933333333333333
0.12133333333333333
0.12933333333333333
0.124
0.13233333333333333
0.127
0.12133333333333333
0.13533333333333333
0.12566666666666668
0.123
0.12766666666666668
0.11933333333333333
0.127
0.128
0.11733333333333333
0.111
0.11666666666666665
0.11499999999999999
0.11699999999999999
0.11499999999999999
0.10866666666666668
0.11333333333333333
0.11233333333333333
0.11366666666666665
0.11233333333333333
0.11366666666666665
0.12
0.11599999999999999
0.11633333333333333
0.11566666666666665
0.121
0.11633333333333333
0.132
0.12433333333333334
0.11
0.11466666666666668
0.11133333333333334
0.11333333333333334
0.12133333333333333
0.11266666666666668
0.11033333333333332
0.118
0.12233333333333334
0.118
0.123
0.12266666666666666
0.13033333333333333
0.11933333333333333
0.128
0.119
0.12533333333333332
0.11233333333333334
0.11333333333333334
0.12166666666666666
0.12633333333333333
0.12733333333333333
0.135
0.13166666666666668
0.119
0.121
0.11433333333333333
0.11033333333333334
0.11499999999999999
0.12
0.11766666666666666
0.12033333333333333
0.121
0.125
0.127
0.12466666666666666
0.11866666666666666
0.11133333333333334
0.113
0.11499999999999999
0.11599999999999999
0.12
0.11833333333333333
0.11599999999999999
0.11533333333333334
0.118
0.118
0.11433333333333334
0.11766666666666666
0.11166666666666668
0.11733333333333333
0.118
0.11533333333333333
0.11233333333333334
0.11766666666666666
0.11566666666666668
0.12233333333333334
0.12233333333333334
0.11866666666666666
0.127
0.123
0.121
0.11699999999999999
0.11499999999999999
0.122
0.12233333333333334
0.10733333333333334
0.09433333333333334
0.08466666666666667
0.08666666666666667
0.09333333333333334
0.10366666666666667
0.09933333333333334
0.10566666666666667
0.09999999999999999
0.09899999999999999
0.11566666666666668
0.11866666666666666
0.12066666666666666
0.11833333333333333
0.11499999999999999
0.11366666666666668
0.11766666666666666
0.122
0.114
0.11666666666666665
0.11566666666666668
0.11033333333333334
0.11666666666666665
0.11066666666666668
0.11233333333333334
0.11933333333333333
0.11866666666666666
0.11966666666666666
0.11966666666666666
0.11666666666666665
0.113
0.11233333333333334
0.12033333333333333
0.10933333333333334
0.11633333333333333
0.12033333333333333
0.11399999999999999
0.11966666666666666
0.11666666666666665
0.11133333333333334
0.11599999999999999
0.11366666666666665
0.11633333333333333
0.11833333333333333
0.11166666666666668
0.11533333333333333
0.106
0.11433333333333334
0.122
0.12066666666666666
0.121
0.115
0.08900000000000001
0.10966666666666668
0.113
0.118
0.11366666666666668
0.11933333333333333
0.11366666666666665
0.11733333333333333
0.10966666666666668
0.10666666666666667
0.10866666666666668
0.109
0.106
0.10933333333333334
0.11066666666666665
0.10933333333333334
0.11133333333333334
0.108
0.11233333333333334
0.10966666666666668
0.11166666666666668
0.11499999999999999
0.11066666666666668
0.11066666666666668
0.10766666666666667
0.11066666666666668
0.11066666666666668
0.11399999999999999
0.12566666666666668
0.124
0.12033333333333333
0.11233333333333334
0.11533333333333334
0.10866666666666668
0.112
0.11466666666666668
0.11333333333333333
0.10966666666666668
0.11133333333333334
0.11533333333333334
0.11566666666666665
0.12
0.119
0.11466666666666665
0.11366666666666665
0.11066666666666668
0.11666666666666665
0.11433333333333333
0.112
0.11233333333333334
0.085
0.10100000000000002
0.11233333333333333
0.122
0.11766666666666666
0.11533333333333334
0.11533333333333333
0.118
0.11033333333333334
0.11266666666666668
0.11266666666666668
0.119
0.11833333333333333
0.09400000000000001
0.09700000000000002
0.09133333333333334
0.09599999999999999
0.09000000000000001
0.09133333333333334
0.08600000000000001
0.08800000000000001
0.09300000000000001
0.09066666666666667
0.08766666666666667
0.08433333333333333
0.08933333333333333
0.08800000000000001
0.08900000000000001
0.09433333333333334
0.08666666666666667
0.08766666666666667
0.09366666666666668
0.07566666666666666
0.09466666666666668
0.09033333333333333
0.09533333333333334
0.09533333333333334
0.09333333333333334
0.09266666666666667
0.10066666666666668
0.10266666666666667
0.10566666666666667
0.09533333333333334
0.10133333333333333
0.09466666666666668
0.09766666666666668
0.10099999999999999
0.105
0.10333333333333333
0.09933333333333334
0.09866666666666668
0.10000000000000002
0.10233333333333333
0.09600000000000002
0.09666666666666668
0.09866666666666668
0.10066666666666668
0.09999999999999999
0.07733333333333332
0.09800000000000002
0.11166666666666665
0.12033333333333333
0.10966666666666665
0.11166666666666668
0.12833333333333333
0.13166666666666668
0.12366666666666666
0.11733333333333333
0.11833333333333333
0.10966666666666668
0.11633333333333333
0.13466666666666668
0.12366666666666666
0.12666666666666668
0.14333333333333334
0.12433333333333334
0.11933333333333333
0.124
0.13
0.12133333333333333
0.13066666666666668
0.13233333333333333
0.12466666666666666
0.12433333333333334
0.12866666666666668
0.12233333333333334
0.122
0.123
0.115
0.122
0.11866666666666666
0.11399999999999999
0.113
0.11833333333333333
0.11866666666666666
0.121
0.118
0.122
0.12433333333333334
0.125
0.124
0.12333333333333334
0.12866666666666668
0.12233333333333334
0.11933333333333333
0.12733333333333333
0.12533333333333332
0.11933333333333333
0.11933333333333333
0.119
0.11833333333333333
0.11833333333333333
0.11666666666666665
0.12766666666666668
0.12733333333333333
0.12666666666666668
0.12433333333333334
0.139
0.12433333333333334
0.122
0.12033333333333333
0.125
0.133
0.13666666666666666
0.11833333333333333
0.128
0.132
0.125
0.11266666666666665
0.11366666666666668
0.11333333333333334
0.10966666666666668
0.11533333333333334
0.13066666666666668
0.12466666666666666
0.11933333333333333
0.11533333333333333
0.11633333333333334
0.12566666666666668
0.13366666666666668
0.12633333333333333
0.12
0.12233333333333334
0.11833333333333333
0.11399999999999999
0.124
0.119
0.118
0.11933333333333333
0.11433333333333334
0.11133333333333334
0.11833333333333333
0.12833333333333333
0.12266666666666666
0.114
0.11666666666666665
0.11666666666666665
0.121
0.12
0.12666666666666668
0.124
0.12266666666666666
0.12133333333333333
0.11933333333333333
0.124
0.12666666666666668
0.11633333333333333
0.12233333333333334
0.11833333333333333
0.11533333333333333
0.127
0.12466666666666666
0.12333333333333334
0.12066666666666666
0.11666666666666665
0.11633333333333333
0.11833333333333333
0.11933333333333333
0.11466666666666665
0.113
0.11433333333333333
0.11066666666666668
0.11266666666666668
0.11566666666666665
0.11666666666666665
0.11566666666666665
0.11366666666666665
0.111
0.10566666666666667
0.11533333333333333
0.11699999999999999
0.11433333333333334
0.11366666666666665
0.11866666666666666
0.113
0.11566666666666665
0.109
0.11166666666666668
0.12
0.11933333333333333
0.11666666666666665
0.11499999999999999
0.11966666666666666
0.11699999999999999
0.12333333333333334
0.13033333333333333
0.11933333333333333
0.11766666666666666
0.10933333333333334
0.10866666666666668
0.11866666666666666
0.126
0.119
0.10733333333333334
0.111
0.111
0.11699999999999999
0.10833333333333334
0.12033333333333333
0.10866666666666668
0.11133333333333334
0.11833333333333333
0.11633333333333333
0.11333333333333334
0.11366666666666668
0.10933333333333334
0.11399999999999999
0.114
0.12266666666666666
0.11833333333333333
0.125
0.11699999999999999
0.12366666666666666
0.10933333333333334
0.11166666666666668
0.10866666666666668
0.11399999999999999
0.107
0.10433333333333333
0.11066666666666668
0.12233333333333334
0.11566666666666665
0.11433333333333334
0.11933333333333333
0.11133333333333333
0.11666666666666665
0.11766666666666666
0.113
0.11966666666666666
0.11733333333333333
0.11766666666666666
0.11066666666666668
0.12233333333333334
0.119
0.11666666666666665
0.12566666666666668
0.11633333333333333
0.11766666666666666
0.114
0.10866666666666668
0.11133333333333334
0.11566666666666668
0.10633333333333334
0.11333333333333334
0.12266666666666666
0.122
0.122
0.11299999999999999
0.11833333333333333
0.118
0.123
0.12033333333333333
0.11433333333333333
0.08966666666666667
0.08766666666666667
0.09833333333333333
0.09066666666666667
0.09800000000000002
0.085
0.11199999999999999
0.11766666666666666
0.11399999999999999
0.11866666666666666
0.124
0.12333333333333334
0.119
0.12033333333333333
0.11033333333333334
0.11266666666666665
0.11933333333333333
0.124
0.12666666666666668
0.11066666666666668
0.12166666666666666
0.113
0.12166666666666666
0.118
0.11366666666666665
0.13
0.131
0.12366666666666666
0.11699999999999999
0.112
0.11666666666666665
0.12166666666666666
0.12066666666666666
0.11133333333333333
0.11066666666666668
0.12633333333333333
0.11633333333333333
0.11766666666666666
0.12133333333333333
0.11933333333333333
0.11666666666666665
0.12466666666666666
0.125
0.11566666666666665
0.112
0.113
0.109
0.11266666666666668
0.11433333333333334
0.10966666666666665
0.118
0.11133333333333334
0.10266666666666667
0.137
0.11633333333333333
0.111
0.10666666666666667
0.10733333333333334
0.10933333333333334
0.10666666666666667
0.10566666666666667
0.10333333333333333
0.10833333333333334
0.107
0.108
0.10866666666666668
0.111
0.10733333333333334
0.11299999999999999
0.10433333333333333
0.10866666666666668
0.11633333333333333
0.11
0.11366666666666668
0.10966666666666668
0.125
0.128
0.10466666666666667
0.10633333333333334
0.11033333333333334
0.112
0.115
0.11199999999999999
0.11633333333333333
0.112
0.11466666666666665
0.11599999999999999
0.11066666666666668
0.11533333333333333
0.10933333333333334
0.10633333333333334
0.10566666666666667
0.10633333333333334
0.11366666666666668
0.10733333333333334
0.10633333333333334
0.11499999999999999
0.11933333333333333
0.10833333333333334
0.103
0.103
0.10233333333333333
0.08333333333333333
0.102
0.12466666666666666
0.12
0.11433333333333333
0.10633333333333334
0.106
0.11233333333333333
0.12266666666666666
0.12266666666666666
0.11499999999999999
0.10733333333333334
0.11766666666666666
0.12066666666666666
0.10833333333333334
0.10266666666666667
0.10866666666666668
0.10266666666666667
0.106
0.11166666666666668
0.10933333333333334
0.10833333333333334
0.10866666666666668
0.10300000000000002
0.11033333333333334
0.103
0.11066666666666665
0.105
0.11466666666666668
0.10866666666666668
0.10166666666666667
0.11333333333333334
0.10866666666666668
0.10633333333333334
0.11099999999999999
0.108
0.11333333333333333
0.10833333333333334
0.11133333333333334
0.11366666666666668
0.10966666666666668
0.11466666666666668
0.11866666666666666
0.12633333333333333
0.11933333333333333
0.11599999999999999
0.11633333333333333
0.11433333333333334
0.11233333333333333
0.11699999999999999
0.11
0.11266666666666668
0.114
0.11333333333333334
0.11366666666666668
0.10833333333333334
0.11033333333333334
0.111
0.113
0.11433333333333333
0.11333333333333334
0.11333333333333334
0.11833333333333333
0.122
0.12466666666666666
0.10066666666666668
0.104
0.10233333333333333
0.10466666666666667
0.10366666666666667
0.108
0.11533333333333333
0.107
0.10366666666666667
0.114
0.11366666666666665
0.10933333333333334
0.10666666666666667
0.105
0.11433333333333333
0.103
0.10666666666666667
0.10866666666666668
0.10366666666666667
0.10566666666666667
0.10166666666666667
0.103
0.10166666666666668
0.11166666666666668
0.11733333333333333
0.11133333333333334
0.12133333333333333
0.11633333333333333
0.11733333333333333
0.11633333333333333
0.12033333333333333
0.122
0.121
0.11566666666666668
0.11499999999999999
0.11733333333333333
0.11699999999999999
0.12166666666666666
0.119
0.12
0.12133333333333333
0.11933333333333333
0.12266666666666666
0.12166666666666666
0.11666666666666665
0.119
0.12333333333333334
0.11733333333333333
0.119
0.123
0.11733333333333333
0.12233333333333334
0.12366666666666666
0.11666666666666665
0.11666666666666665
0.11566666666666668
0.12
0.12333333333333334
0.12
0.11699999999999999
0.11966666666666666
0.12166666666666666
0.118
0.12266666666666666
0.121
0.12466666666666666
0.14466666666666664
0.135
0.12466666666666666
0.12133333333333333
0.12433333333333334
0.12466666666666666
0.12333333333333334
0.12366666666666666
0.12366666666666666
0.12
0.12933333333333333
0.12266666666666666
0.12
0.11666666666666665
0.114
0.12033333333333333
0.12233333333333334
0.09966666666666667
0.09500000000000001
0.09100000000000001
0.09166666666666667
0.10000000000000002
0.10833333333333334
0.11333333333333333
0.12033333333333333
0.13066666666666668
0.10933333333333332
0.119
0.12066666666666666
0.11866666666666666
0.124
0.11699999999999999
0.12166666666666666
0.12933333333333333
0.12266666666666666
0.14666666666666664
0.134
0.127
0.119
0.12366666666666666
0.11933333333333333
0.12266666666666666
0.12333333333333334
0.12233333333333334
0.11966666666666666
0.13033333333333333
0.124
0.12333333333333334
0.12266666666666666
0.12033333333333333
0.12766666666666668
0.12933333333333333
0.129
0.12166666666666666
0.12433333333333334
0.13
0.12433333333333334
0.12066666666666666
0.12233333333333334
0.1366666666666667
0.14766666666666664
0.12333333333333334
0.11633333333333333
0.11633333333333333
0.11833333333333333
0.12466666666666666
0.115
0.12033333333333333
0.11933333333333333
0.09600000000000002
0.10633333333333334
0.11566666666666665
0.12233333333333334
0.11866666666666666
0.124
0.11699999999999999
0.12466666666666666
0.11533333333333333
0.11333333333333333
0.11566666666666665
0.12066666666666666
0.13266666666666668
0.146
0.13333333333333333
0.13133333333333333
0.13566666666666669
0.13733333333333334
0.13466666666666668
0.136
0.13266666666666668
0.1366666666666667
0.13133333333333333
0.13066666666666668
0.13633333333333333
0.13266666666666668
0.135
0.133
0.13733333333333334
0.13633333333333333
0.138
0.134
0.13533333333333333
0.15133333333333335
0.159
0.139
0.14033333333333334
0.12966666666666668
0.14033333333333334
0.168
0.1436666666666667
0.14766666666666664
0.14433333333333334
0.14166666666666666
0.13833333333333334
0.13733333333333334
0.163
0.15633333333333332
0.15433333333333332
0.153
0.15966666666666665
0.148
0.149
0.15033333333333332
0.14766666666666664
0.14833333333333332
0.1443333333333333
0.15033333333333332
0.14666666666666664
0.139
0.14933333333333332
0.14866666666666664
0.14566666666666667
0.1446666666666667
0.1443333333333333
0.138
0.142
0.14200000000000002
0.14566666666666664
0.1406666666666667
0.142
0.16766666666666666
0.16033333333333333
0.14466666666666667
0.1376666666666667
0.13
0.13733333333333334
0.13266666666666668
0.1376666666666667
0.14033333333333334
0.13366666666666668
0.14233333333333334
0.13433333333333333
0.1366666666666667
0.1386666666666667
0.13266666666666668
0.138
0.135
0.16366666666666665
0.16233333333333333
0.17
0.18266666666666667
0.16566666666666666
0.17966666666666664
0.16966666666666666
0.17066666666666666
0.18099999999999997
0.18366666666666664
0.17666666666666667
0.17300000000000001
0.16866666666666666
0.16766666666666666
0.16833333333333333
0.15633333333333332
0.15766666666666665
0.15066666666666664
0.18499999999999997
0.168
0.165
0.17133333333333334
0.17366666666666664
0.17266666666666666
0.17466666666666666
0.1443333333333333
0.13633333333333333
0.13066666666666668
0.145
0.13633333333333333
0.14100000000000001
0.13266666666666668
0.136
0.1416666666666667
0.13366666666666668
0.1376666666666667
0.135
0.1366666666666667
0.13233333333333333
0.131
0.13633333333333333
0.14633333333333334
0.15966666666666665
0.1426666666666667
0.13533333333333333
0.13466666666666668
0.134
0.12733333333333333
0.132
0.13066666666666668
0.10466666666666667
0.10933333333333334
0.10633333333333334
0.11699999999999999
0.11299999999999999
0.11866666666666666
0.11433333333333334
0.122
0.11699999999999999
0.081
0.112
0.11366666666666668
0.12
0.11966666666666666
0.12466666666666666
0.125
0.12466666666666666
0.12033333333333333
0.11666666666666665
0.12266666666666666
0.112
0.11633333333333333
0.111
0.108
0.10466666666666667
0.11066666666666668
0.10833333333333334
0.10833333333333334
0.11
0.114
0.11499999999999999
0.113
0.11033333333333334
0.11066666666666668
0.11133333333333334
0.11733333333333333
0.109
0.09066666666666667
0.09600000000000002
0.11033333333333334
0.11699999999999999
0.114
0.11699999999999999
0.11366666666666668
0.11833333333333333
0.10833333333333334
0.111
0.109
0.11266666666666668
0.10766666666666667
0.106
0.10766666666666667
0.11333333333333333
0.11233333333333334
0.10866666666666668
0.11599999999999999
0.11266666666666665
0.11166666666666668
0.11366666666666668
0.11333333333333334
0.11433333333333333
0.11333333333333334
0.10666666666666667
0.10733333333333334
0.107
0.11033333333333334
0.11166666666666668
0.10566666666666667
0.09900000000000002
0.111
0.112
0.10833333333333334
0.109
0.11499999999999999
0.108
0.16333333333333333
0.14366666666666664
0.18200000000000002
0.18133333333333335
0.15166666666666664
0.11566666666666665
0.10433333333333333
0.10666666666666667
0.10766666666666667
0.10766666666666667
0.111
0.106
0.10366666666666667
0.10000000000000002
0.105
0.10633333333333334
0.10933333333333334
0.10333333333333333
0.10466666666666667
0.10566666666666667
0.159
0.113
0.11433333333333334
0.11733333333333333
0.122
0.11733333333333333
0.07533333333333332
0.11433333333333334
0.11566666666666665
0.11133333333333334
0.11533333333333334
0.11733333333333333
0.11599999999999999
0.11966666666666666
0.10933333333333334
0.10933333333333334
0.115
0.09366666666666668
0.102
0.10966666666666668
0.118
0.12266666666666666
0.119
0.11533333333333333
0.11866666666666666
0.13566666666666669
0.109
0.111
0.11466666666666665
0.11
0.11666666666666665
0.11666666666666665
0.11566666666666665
0.11966666666666666
0.11666666666666665
0.125
0.12633333333333333
0.12066666666666666
0.12866666666666668
0.124
0.11866666666666666
0.12333333333333334
0.12466666666666666
0.12166666666666666
0.12133333333333333
0.12666666666666668
0.12333333333333334
0.126
0.124
0.123
0.11933333333333333
0.12766666666666668
0.124
0.12466666666666666
0.12166666666666666
0.13033333333333333
0.12466666666666666
0.12733333333333333
0.12833333333333333
0.12733333333333333
0.12666666666666668
0.121
0.124
0.124
0.12433333333333334
0.12533333333333332
0.12633333333333333
0.12666666666666668
0.131
0.12433333333333334
0.13266666666666668
0.12566666666666668
0.12966666666666668
0.13133333333333333
0.12733333333333333
0.125
0.12633333333333333
0.13066666666666668
0.12733333333333333
0.129
0.11666666666666665
0.135
0.134
0.12433333333333334
0.121
0.12633333333333333
0.12566666666666668
0.11966666666666666
0.12566666666666668
0.12266666666666666
0.10133333333333334
0.104
0.09566666666666668
0.09700000000000002
0.10266666666666667
0.113
0.126
0.13
0.11866666666666666
0.11566666666666665
0.12833333333333333
0.12533333333333332
0.12033333333333333
0.12266666666666666
0.12166666666666666
0.13066666666666668
0.13433333333333333
0.12733333333333333
0.12833333333333333
0.12666666666666668
0.13
0.12666666666666668
0.128
0.12766666666666668
0.13066666666666668
0.12766666666666668
0.124
0.12166666666666666
0.128
0.12633333333333333
0.126
0.12533333333333332
0.124
0.12366666666666666
0.12666666666666668
0.13433333333333333
0.12866666666666668
0.12433333333333334
0.12466666666666666
0.13566666666666669
0.14400000000000002
0.13066666666666668
0.128
0.13066666666666668
0.12133333333333333
0.13366666666666668
0.14533333333333334
0.12866666666666668
0.12733333333333333
0.122
0.121
0.122
0.126
0.12333333333333334
0.12266666666666666
0.12566666666666668
0.136
0.142
0.13166666666666668
0.12733333333333333
0.12966666666666668
0.126
0.125
0.132
0.127
0.11066666666666665
0.11433333333333334
0.11366666666666668
0.109
0.11266666666666665
0.126
0.13
0.12533333333333332
0.11766666666666666
0.12
0.11533333333333334
0.11733333333333333
0.11666666666666665
0.12
0.11833333333333333
0.10566666666666667
0.11333333333333334
0.11566666666666665
0.10866666666666665
0.11399999999999999
0.11066666666666668
0.111
0.107
0.109
0.10666666666666667
0.119
0.11733333333333333
0.11933333333333333
0.11533333333333333
0.10533333333333333
0.10966666666666668
0.106
0.11166666666666668
0.11266666666666665
0.11433333333333334
0.10966666666666668
0.11699999999999999
0.08533333333333333
0.09866666666666668
0.115
0.107
0.11666666666666665
0.11733333333333333
0.11533333333333333
0.11766666666666666
0.11266666666666665
0.11499999999999999
0.083
0.11166666666666668
0.106
0.10866666666666668
0.11533333333333333
0.11166666666666665
0.11266666666666668
0.114
0.12233333333333334
0.12133333333333333
0.119
0.12433333333333334
0.11633333333333333
0.11866666666666666
0.123
0.11766666666666666
0.116
0.11733333333333333
0.12233333333333334
0.123
0.112
0.11133333333333334
0.11766666666666666
0.12366666666666666
0.12833333333333333
0.11233333333333334
0.119
0.11766666666666666
0.10766666666666667
0.11333333333333334
0.11766666666666666
0.11266666666666668
0.10833333333333334
0.124
0.12366666666666666
0.12566666666666668
0.11966666666666666
0.12866666666666668
0.11866666666666666
0.121
0.12033333333333333
0.11699999999999999
0.124
0.11266666666666668
0.11666666666666665
0.11766666666666666
0.11233333333333334
0.112
0.12366666666666666
0.12433333333333334
0.122
0.11466666666666665
0.118
0.11566666666666665
0.11366666666666665
0.115
0.112
0.11299999999999999
0.11499999999999999
0.11566666666666665
0.11733333333333333
0.118
0.12
0.11533333333333333
0.12133333333333333
0.09500000000000001
0.11366666666666665
0.11066666666666668
0.11
0.11
0.11733333333333333
0.10733333333333334
0.11066666666666668
0.11366666666666668
0.11866666666666666
0.11466666666666665
0.11266666666666668
0.10666666666666667
0.11399999999999999
0.119
0.11499999999999999
0.10866666666666668
0.11333333333333333
0.11499999999999999
0.11499999999999999
0.12066666666666666
0.11666666666666665
0.11866666666666666
0.12133333333333333
0.13166666666666668
0.13366666666666668
0.133
0.12966666666666668
0.123
0.11766666666666666
0.12266666666666666
0.11333333333333333
0.128
0.12966666666666668
0.12466666666666666
0.12466666666666666
0.11366666666666668
0.11633333333333333
0.121
0.124
0.11666666666666665
0.11266666666666665
0.11366666666666668
0.11366666666666668
0.11
0.112
0.10466666666666667
0.111
0.112
0.11
0.12133333333333333
0.119
0.121
0.11266666666666665
0.10633333333333334
0.10966666666666668
0.11766666666666666
0.107
0.10966666666666668
0.10733333333333334
0.109
0.11
0.11599999999999999
0.11166666666666668
0.11499999999999999
0.13933333333333334
0.11666666666666665
0.12066666666666666
0.11966666666666666
0.12466666666666666
0.11133333333333333
0.108
0.12133333333333333
0.09933333333333334
0.09633333333333334
0.09300000000000001
0.09666666666666668
0.09466666666666668
0.10666666666666667
0.09933333333333333
0.10433333333333333
0.10099999999999999
0.10333333333333333
0.11633333333333333
0.11666666666666668
0.11133333333333334
0.115
0.11333333333333334
0.11499999999999999
0.11599999999999999
0.11766666666666666
0.109
0.11133333333333334
0.11
0.10666666666666667
0.125
0.11699999999999999
0.115
0.11833333333333333
0.12733333333333333
0.12466666666666666
0.115
0.121
0.108
0.10533333333333333
0.11366666666666665
0.11233333333333334
0.121
0.12066666666666666
0.12466666666666666
0.12133333333333333
0.114
0.114
0.11533333333333333
0.11266666666666665
0.119
0.11533333333333333
0.124
0.11366666666666665
0.10833333333333334
0.11199999999999999
0.109
0.11233333333333334
0.113
0.11299999999999999
0.08766666666666667
0.106
0.11233333333333334
0.11399999999999999
0.11266666666666668
0.11699999999999999
0.112
0.118
0.115
0.107
0.105
0.104
0.10233333333333333
0.106
0.10666666666666667
0.10566666666666667
0.105
0.10733333333333334
0.11
0.106
0.10633333333333334
0.10366666666666667
0.11033333333333334
0.10633333333333334
0.11
0.10566666666666667
0.10666666666666667
0.10666666666666667
0.10466666666666667
0.104
0.10433333333333333
0.10833333333333334
0.11
0.108
0.10933333333333334
0.11566666666666665
0.11566666666666665
0.111
0.11433333333333334
0.12333333333333334
0.11933333333333333
0.12066666666666666
0.12366666666666666
0.11233333333333334
0.11033333333333334
0.11933333333333333
0.119
0.118
0.12466666666666666
0.11233333333333334
0.113
0.11599999999999999
0.11533333333333333
0.11699999999999999
0.11133333333333334
0.11233333333333334
0.11633333333333333
0.13466666666666668
0.12633333333333333
0.11433333333333333
0.11033333333333334
0.11033333333333334
0.11266666666666668
0.11666666666666665
0.11733333333333333
0.11733333333333333
0.119
0.11933333333333333
0.122
0.11233333333333333
0.11199999999999999
0.10999999999999999
0.11533333333333334
0.11133333333333334
0.11566666666666665
0.11433333333333334
0.12033333333333333
0.113
0.12133333333333333
0.12066666666666666
0.12366666666666666
0.12233333333333334
0.11766666666666666
0.11599999999999999
0.12033333333333333
0.11866666666666666
0.12
0.11733333333333333
0.11499999999999999
0.11499999999999999
0.121
0.12633333333333333
0.124
0.119
0.12433333333333334
0.11966666666666666
0.11666666666666665
0.13
0.12533333333333332
0.12666666666666668
0.122
0.11733333333333333
0.11633333333333333
0.09933333333333333
0.10066666666666668
0.10100000000000002
0.104
0.106
0.11833333333333333
0.125
0.11699999999999999
0.114
0.11533333333333333
0.11933333333333333
0.11633333333333333
0.11699999999999999
0.11366666666666665
0.11699999999999999
0.10933333333333334
0.10666666666666667
0.108
0.108
0.111
0.11333333333333333
0.108
0.10766666666666667
0.108
0.108
0.107
0.10733333333333334
0.10233333333333335
0.103
0.10366666666666667
0.111
0.12233333333333334
0.12933333333333333
0.10966666666666668
0.11733333333333333
0.11233333333333334
0.10433333333333333
0.10433333333333333
0.107
0.11366666666666665
0.11566666666666668
0.108
0.11233333333333333
0.10733333333333334
0.10733333333333334
0.11933333333333333
0.123
0.11433333333333333
0.122
0.12
0.11
0.12466666666666666
0.12633333333333333
0.118
0.11533333333333334
0.121
0.126
0.12266666666666666
0.11699999999999999
0.11433333333333334
0.11233333333333334
0.12133333333333333
0.12333333333333334
0.12333333333333334
0.126
0.12566666666666668
0.11699999999999999
0.11633333333333333
0.11633333333333333
0.12533333333333332
0.127
0.12033333333333333
0.125
0.12366666666666666
0.125
0.12166666666666666
0.12166666666666666
0.12166666666666666
0.12033333333333333
0.12866666666666668
0.128
0.118
0.11866666666666666
0.11733333333333333
0.11933333333333333
0.12133333333333333
0.12166666666666666
0.11733333333333333
0.12433333333333334
0.14133333333333334
0.13533333333333333
0.11833333333333333
0.124
0.11733333333333333
0.123
0.12033333333333333
0.109
0.10433333333333333
0.10633333333333334
0.10166666666666667
0.10633333333333334
0.12166666666666666
0.13933333333333334
0.14433333333333334
0.1446666666666667
0.14133333333333334
0.13999999999999999
0.1416666666666667
0.14100000000000001
0.133
0.11433333333333333
0.12866666666666668
0.131
0.11633333333333333
0.12733333333333333
0.14
0.132
0.1366666666666667
0.11766666666666666
0.1416666666666667
0.148
0.1406666666666667
0.10833333333333334
0.10933333333333334
0.10933333333333334
0.10566666666666667
0.10466666666666667
0.10433333333333333
0.10533333333333333
0.10833333333333334
0.11366666666666665
0.11866666666666666
0.11699999999999999
0.11166666666666668
0.125
0.11566666666666665
0.119
0.11833333333333333
0.11666666666666665
0.126
0.13466666666666668
0.11966666666666666
0.12133333333333333
0.122
0.119
0.12
0.12066666666666666
0.121
0.12266666666666666
0.125
0.11599999999999999
0.11166666666666668
0.11366666666666668
0.11333333333333334
0.10866666666666668
0.10733333333333334
0.11366666666666668
0.10733333333333334
0.10733333333333334
0.10099999999999999
0.10566666666666667
0.114
0.11166666666666668
0.11266666666666665
0.11066666666666668
0.119
0.11966666666666666
0.07733333333333332
0.114
0.12166666666666666
0.11833333333333333
0.12833333333333333
0.10933333333333334
0.112
0.113
0.12266666666666666
0.11533333333333334
0.11866666666666666
0.11299999999999999
0.123
0.118
0.11566666666666665
0.12
0.114
0.11033333333333334
0.11199999999999999
0.11666666666666665
0.12
0.12466666666666666
0.12466666666666666
0.13266666666666668
0.127
0.11566666666666665
0.10733333333333334
0.11233333333333334
0.114
0.11166666666666668
0.09266666666666667
0.10266666666666667
0.11333333333333334
0.11233333333333334
0.11499999999999999
0.11533333333333333
0.11199999999999999
0.10733333333333334
0.11466666666666665
0.10966666666666668
0.11133333333333334
0.12933333333333333
0.12933333333333333
0.109
0.11033333333333334
0.108
0.10466666666666667
0.10766666666666667
0.11666666666666665
0.11466666666666665
0.11866666666666666
0.11166666666666668
0.11366666666666665
0.09300000000000001
0.09166666666666667
0.08666666666666667
0.08900000000000001
0.08966666666666667
0.104
0.10933333333333334
0.10566666666666667
0.09133333333333334
0.108
0.113
0.11733333333333333
0.11466666666666665
0.12133333333333333
0.11433333333333334
0.11033333333333334
0.113
0.12033333333333333
0.11399999999999999
0.11699999999999999
0.11833333333333333
0.12
0.12066666666666666
0.109
0.11133333333333334
0.11933333333333333
0.117
0.11299999999999999
0.11633333333333333
0.11466666666666668
0.11066666666666668
0.11
0.11599999999999999
0.105
0.107
0.11066666666666668
0.112
0.11033333333333334
0.10866666666666668
0.108
0.14866666666666664
0.15766666666666665
0.163
0.15366666666666665
0.16266666666666665
0.11466666666666668
0.109
0.11266666666666668
0.10866666666666668
0.11366666666666668
0.12133333333333333
0.11366666666666668
0.10633333333333334
0.10233333333333335
0.108
0.11666666666666665
0.10966666666666668
0.10333333333333333
0.09799999999999999
0.10766666666666667
0.10533333333333333
0.10766666666666667
0.10633333333333334
0.10166666666666667
0.104
0.103
0.10200000000000002
0.108
0.11333333333333334
0.10433333333333333
0.11866666666666666
0.119
0.122
0.11399999999999999
0.11466666666666665
0.11
0.11533333333333333
0.10333333333333333
0.10666666666666667
0.108
0.108
0.11066666666666668
0.11333333333333334
0.11266666666666668
0.107
0.09900000000000002
0.10666666666666667
0.105
0.108
0.10366666666666667
0.10633333333333334
0.11333333333333334
0.11699999999999999
0.12
0.10933333333333334
0.108
0.10466666666666667
0.11033333333333334
0.10433333333333333
0.108
0.10766666666666667
0.112
0.07233333333333332
0.08066666666666666
0.111
0.11233333333333334
0.121
0.11599999999999999
0.10933333333333334
0.11233333333333333
0.11333333333333333
0.10866666666666668
0.11399999999999999
0.10899999999999999
0.10033333333333333
0.10666666666666667
0.11333333333333333
0.11599999999999999
0.11233333333333333
0.119
0.11433333333333333
0.10133333333333334
0.11466666666666665
0.12066666666666666
0.11399999999999999
0.11266666666666668
0.11599999999999999
0.109
0.11399999999999999
0.11066666666666668
0.11566666666666665
0.11966666666666666
0.11566666666666665
0.10766666666666667
0.11066666666666668
0.10566666666666667
0.11499999999999999
0.105
0.11033333333333334
0.107
0.11533333333333334
0.11366666666666665
0.112
0.11833333333333333
0.11533333333333333
0.12266666666666666
0.11866666666666666
0.12266666666666666
0.11699999999999999
0.12
0.11733333333333333
0.12166666666666666
0.11766666666666666
0.11433333333333334
0.11233333333333334
0.114
0.11266666666666665
0.115
0.11
0.11466666666666665
0.11233333333333334
0.11266666666666665
0.11
0.11466666666666665
0.10233333333333333
0.09133333333333334
0.09633333333333334
0.10133333333333333
0.10033333333333333
0.09966666666666668
0.10533333333333333
0.102
0.107
0.109
0.10766666666666667
0.109
0.114
0.10033333333333334
0.10633333333333334
0.10233333333333333
0.11033333333333334
0.11266666666666668
0.121
0.103
0.10933333333333334
0.106
0.10733333333333334
0.108
0.10433333333333333
0.10133333333333333
0.111
0.108
0.10566666666666667
0.105
0.10133333333333334
0.10533333333333333
0.10633333333333334
0.11366666666666665
0.11033333333333334
0.10666666666666667
0.10933333333333334
0.11366666666666665
0.11699999999999999
0.11033333333333334
0.118
0.11566666666666665
0.11633333333333333
0.122
0.10966666666666668
0.11
0.11633333333333334
0.11133333333333334
0.113
0.10666666666666667
0.10433333333333333
0.10466666666666667
0.11099999999999999
0.108
0.112
0.10766666666666667
0.10566666666666667
0.105
0.10366666666666667
0.10833333333333334
0.105
0.10566666666666667
0.106
0.10566666666666667
0.11133333333333334
0.106
0.111
0.10566666666666667
0.11166666666666668
0.11
0.10633333333333334
0.11433333333333333
0.11566666666666665
0.11466666666666665
0.11499999999999999
0.11433333333333333
0.11399999999999999
0.113
0.11066666666666668
0.11233333333333334
0.109
0.111
0.10433333333333333
0.10133333333333333
0.10866666666666668
0.10633333333333334
0.09166666666666667
0.08633333333333333
0.08366666666666667
0.09133333333333334
0.09033333333333333
0.10766666666666667
0.09833333333333334
0.11
0.09600000000000002
0.09433333333333334
0.11033333333333334
0.10233333333333333
0.112
0.11233333333333333
0.108
0.11266666666666668
0.122
0.12666666666666668
0.12133333333333333
0.119
0.118
0.113
0.11966666666666666
0.11366666666666668
0.11866666666666666
0.12466666666666666
0.11699999999999999
0.11166666666666668
0.112
0.11033333333333332
0.114
0.10766666666666667
0.11433333333333333
0.12066666666666666
0.113
0.114
0.11033333333333334
0.11
0.107
0.10833333333333334
0.10666666666666667
0.11199999999999999
0.11399999999999999
0.11966666666666666
0.11966666666666666
0.11466666666666665
0.104
0.10433333333333333
0.10333333333333333
0.10000000000000002
0.11533333333333333
0.108
0.082
0.11066666666666668
0.11933333333333333
0.119
0.10833333333333334
0.12333333333333334
0.12133333333333333
0.11566666666666665
0.105
0.09766666666666668
0.10633333333333334
0.11333333333333334
0.106
0.107
0.12133333333333333
0.11433333333333333
0.12033333333333333
0.11233333333333334
0.10433333333333333
0.10566666666666667
0.112
0.12466666666666666
0.118
0.12333333333333334
0.12
0.11399999999999999
0.127
0.114
0.11666666666666665
0.11766666666666666
0.124
0.11366666666666665
0.11566666666666665
0.105
0.11066666666666668
0.10933333333333334
0.10766666666666667
0.09900000000000002
0.103
0.11033333333333332
0.122
0.11833333333333333
0.12266666666666666
0.12166666666666666
0.11433333333333333
0.12066666666666666
0.119
0.11499999999999999
0.11866666666666666
0.12266666666666666
0.10733333333333334
0.13799999999999998
0.15733333333333335
0.146
0.121
0.12333333333333334
0.14766666666666667
0.126
0.13066666666666668
0.11133333333333334
0.11533333333333333
0.11566666666666665
0.10566666666666667
0.09066666666666667
0.09166666666666667
0.09633333333333334
0.09866666666666667
0.106
0.10033333333333334
0.08866666666666667
0.09200000000000001
0.09533333333333334
0.09266666666666667
0.09800000000000002
0.09466666666666668
0.09533333333333334
0.09666666666666668
0.09266666666666667
0.10166666666666668
0.10266666666666667
0.10366666666666667
0.10099999999999999
0.09966666666666668
0.09633333333333334
0.10366666666666667
0.09833333333333334
0.09533333333333333
0.08733333333333333
0.10166666666666667
0.081
0.11633333333333333
0.10533333333333333
0.11466666666666665
0.11566666666666665
0.11199999999999999
0.11666666666666665
0.12366666666666666
0.11333333333333334
0.11366666666666668
0.11866666666666666
0.11433333333333334
0.11233333333333334
0.11033333333333334
0.11133333333333334
0.108
0.10466666666666667
0.09600000000000002
0.10733333333333334
0.119
0.11633333333333333
0.107
0.10833333333333334
0.10033333333333333
0.11366666666666665
0.09800000000000002
0.11699999999999999
0.11833333333333333
0.09800000000000002
0.10966666666666668
0.09966666666666668
0.11066666666666665
0.10733333333333334
0.10266666666666667
0.09433333333333334
0.109
0.07533333333333332
0.09800000000000002
0.10033333333333334
0.10266666666666667
0.10200000000000002
0.09933333333333334
0.09733333333333334
0.09833333333333334
0.09933333333333334
0.10000000000000002
0.09500000000000001
0.10066666666666667
0.09700000000000002
0.09233333333333334
0.09500000000000001
0.10633333333333334
0.11299999999999999
0.10433333333333333
0.11266666666666665
0.14400000000000002
0.135
0.12633333333333333
0.11666666666666665
0.129
0.134
0.12866666666666668
0.13533333333333333
0.12
0.12166666666666666
0.126
0.12466666666666666
0.12233333333333334
0.122
0.12433333333333334
0.12233333333333334
0.126
0.112
0.11233333333333334
0.12533333333333332
0.13066666666666668
0.13266666666666668
0.129
0.12933333333333333
0.132
0.12166666666666666
0.126
0.13633333333333333
0.12
0.12266666666666666
0.12333333333333334
0.12333333333333334
0.12233333333333334
0.11533333333333333
0.11866666666666666
0.11699999999999999
0.11466666666666665
0.11166666666666668
0.11066666666666665
0.11466666666666665
0.11266666666666668
0.11466666666666665
0.11466666666666665
0.10766666666666667
0.11466666666666668
0.11566666666666665
0.11566666666666665
0.112
0.11233333333333334
0.11033333333333334
0.108
0.106
0.11266666666666668
0.111
0.10733333333333334
0.11166666666666668
0.104
0.10733333333333334
0.104
0.11066666666666668
0.10966666666666668
0.122
0.12566666666666668
0.121
0.12466666666666666
0.12
0.10733333333333334
0.10933333333333334
0.10566666666666667
0.111
0.11066666666666668
0.11033333333333334
0.11033333333333334
0.11133333333333334
0.112
0.10733333333333334
0.11266666666666668
0.108
0.10433333333333333
0.11066666666666668
0.109
0.102
0.10533333333333333
0.10533333333333333
0.10266666666666667
0.104
0.10333333333333333
0.10233333333333333
0.10133333333333334
0.104
0.104
0.10333333333333333
0.10100000000000002
0.102
0.09866666666666668
0.10233333333333333
0.12866666666666668
0.12666666666666668
0.105
0.10466666666666667
0.10433333333333335
0.11466666666666665
0.11666666666666665
0.10833333333333334
0.11033333333333334
0.109
0.10466666666666667
0.10566666666666667
0.103
0.10666666666666667
0.10533333333333333
0.10200000000000002
0.10066666666666668
0.10066666666666668
0.09900000000000002
0.09866666666666668
0.09633333333333334
0.09733333333333333
0.09700000000000002
0.09433333333333334
0.09566666666666668
0.10066666666666668
0.09400000000000001
0.09233333333333334
0.10200000000000002
0.09900000000000002
0.09866666666666668
0.11133333333333334
0.10000000000000002
0.10166666666666667
0.10633333333333334
0.10066666666666668
0.10033333333333334
0.09900000000000002
0.103
0.10466666666666667
0.10666666666666667
0.10333333333333333
0.10066666666666667
0.09533333333333334
0.10099999999999999
0.102
0.09933333333333334
0.09533333333333334
0.10033333333333334
0.10333333333333333
0.10566666666666667
0.10466666666666667
0.10100000000000002
0.103
0.09800000000000002
0.10166666666666667
0.10166666666666667
0.10066666666666668
0.104
0.10066666666666668
0.102
0.106
0.10100000000000002
0.10433333333333333
0.102
0.11
0.10233333333333333
0.103
0.104
0.09933333333333334
0.106
0.103
0.10033333333333333
0.09700000000000002
0.10000000000000002
0.10033333333333334
0.10633333333333334
0.09800000000000002
0.106
0.10033333333333334
0.10333333333333333
0.10566666666666667
0.102
0.08266666666666667
0.082
0.07666666666666666
0.07866666666666666
0.077
0.09633333333333334
0.09766666666666668
0.09600000000000002
0.09333333333333334
0.09166666666666667
0.10266666666666668
0.10033333333333334
0.09800000000000002
0.09966666666666668
0.09700000000000002
0.10366666666666667
0.103
0.105
0.10533333333333333
0.10133333333333334
0.10666666666666667
0.10333333333333333
0.10366666666666667
0.10100000000000002
0.10133333333333334
0.10833333333333334
0.10333333333333333
0.10533333333333333
0.104
0.10533333333333333
0.103
0.10433333333333335
0.09966666666666668
0.09600000000000002
0.09766666666666668
0.103
0.103
0.10433333333333333
0.09766666666666668
0.09833333333333334
0.10100000000000002
0.10100000000000002
0.10266666666666667
0.10066666666666668
0.09900000000000002
0.10333333333333333
0.09766666666666668
0.10166666666666667
0.105
0.10033333333333334
0.10166666666666667
0.103
0.09800000000000002
0.09700000000000002
0.09966666666666668
0.10066666666666668
0.10333333333333333
0.102
0.09866666666666668
0.10333333333333333
0.09766666666666668
0.09800000000000002
0.09700000000000002
0.09666666666666668
0.09500000000000001
