0.13466666666666666
0.09700000000000002
0.10866666666666668
0.08966666666666667
0.06733333333333334
0.09700000000000002
0.12966666666666668
0.07066666666666667
0.10599999999999998
0.11166666666666665
0.112
0.078
0.052
0.09266666666666667
0.104
0.11233333333333333
0.10833333333333334
0.09700000000000002
0.10233333333333333
0.10966666666666668
0.08666666666666667
0.09533333333333334
0.06366666666666666
0.132
0.10833333333333334
0.084
0.06766666666666667
0.11766666666666666
0.08933333333333333
0.10566666666666667
0.13266666666666668
0.08966666666666667
0.064
0.06533333333333334
0.07233333333333335
0.079
0.08600000000000001
0.09333333333333334
0.13533333333333333
0.10066666666666668
0.07
0.09300000000000001
0.09000000000000001
0.079
0.09666666666666668
0.10066666666666667
0.07033333333333334
0.076
0.08033333333333333
0.08800000000000001
0.08133333333333333
0.09999999999999999
0.08
0.09233333333333334
0.12033333333333333
0.07966666666666666
0.09800000000000002
0.067
0.069
0.06833333333333334
0.122
0.07633333333333332
0.09733333333333334
0.07333333333333333
0.13466666666666668
0.063
0.054
0.09366666666666668
0.09000000000000001
0.07533333333333332
0.115
0.07466666666666666
0.07133333333333332
0.08433333333333333
0.06566666666666666
0.07266666666666666
0.10666666666666667
0.134
0.09066666666666667
0.07533333333333332
0.13033333333333333
0.06166666666666667
0.10233333333333333
0.09800000000000002
0.073
0.067
0.083
0.08266666666666667
0.08233333333333333
0.08666666666666667
0.07966666666666666
0.083
0.11233333333333334
0.10366666666666667
0.11566666666666665
0.05733333333333334
0.11666666666666668
0.09533333333333334
0.09266666666666667
0.09766666666666668
0.08600000000000001
0.078
0.062
0.11399999999999999
0.09966666666666667
0.12466666666666666
0.07933333333333333
0.07666666666666666
0.07400000000000001
0.132
0.09300000000000001
0.07200000000000001
0.06666666666666667
0.11233333333333333
0.09000000000000001
0.07566666666666666
0.079
0.06533333333333334
0.109
0.07666666666666666
0.10766666666666667
0.052333333333333336
0.08733333333333333
0.08133333333333333
0.08833333333333333
0.08600000000000001
0.04900000000000001
0.06033333333333333
0.10666666666666667
0.07066666666666667
0.06766666666666667
0.08533333333333333
0.07066666666666667
0.068
0.08966666666666667
0.07133333333333333
0.08800000000000001
0.09600000000000002
0.09000000000000001
0.09733333333333334
0.07433333333333332
0.10966666666666668
0.08433333333333333
0.07400000000000001
0.107
0.08
0.08333333333333333
0.07100000000000001
0.078
0.08566666666666667
0.083
0.06533333333333334
0.053
0.134
0.07933333333333333
0.073
0.07166666666666667
0.10266666666666667
0.09833333333333334
0.09300000000000001
0.07533333333333332
0.10066666666666667
0.13633333333333333
0.057999999999999996
0.15333333333333332
0.11599999999999999
0.06966666666666667
0.12733333333333333
0.08800000000000001
0.06666666666666667
0.11133333333333334
0.10099999999999999
0.09700000000000002
0.09066666666666667
0.09166666666666667
0.09333333333333334
0.11366666666666668
0.11166666666666668
0.078
0.07766666666666666
0.09266666666666667
0.09566666666666668
0.082
0.09466666666666668
0.09466666666666668
0.07133333333333335
0.138
0.06466666666666666
0.11833333333333333
0.09400000000000001
0.11466666666666665
0.10733333333333334
0.15066666666666664
0.09833333333333334
0.08333333333333333
0.09633333333333334
0.08900000000000001
0.072
0.05666666666666667
0.09233333333333334
0.08766666666666667
0.12333333333333334
0.08633333333333333
0.07966666666666666
0.08533333333333333
0.05000000000000001
0.1386666666666667
0.08700000000000001
0.09000000000000001
0.08733333333333333
0.104
0.08766666666666667
0.09699999999999999
0.11966666666666666
0.08800000000000001
0.07833333333333332
0.09600000000000002
0.08366666666666667
0.15666666666666665
0.147
0.085
0.107
0.078
0.07866666666666666
0.078
0.08666666666666667
0.07766666666666666
0.1406666666666667
0.11333333333333334
0.10133333333333333
0.10566666666666667
0.065
0.09266666666666667
0.09766666666666668
0.082
0.138
0.08366666666666667
0.09766666666666668
0.10933333333333334
0.07766666666666666
0.10833333333333334
0.10733333333333334
0.09800000000000002
0.10166666666666667
0.112
0.08166666666666667
0.09333333333333334
0.09200000000000001
0.10066666666666668
0.056
0.11766666666666666
0.152
0.09933333333333334
0.05466666666666667
0.09066666666666667
0.11
0.112
0.09466666666666668
0.07233333333333333
0.076
0.06566666666666666
0.08700000000000001
0.08466666666666667
0.09400000000000001
0.07366666666666667
0.06766666666666667
0.12766666666666668
0.07300000000000001
0.06966666666666667
0.09733333333333334
0.134
0.08366666666666667
0.10466666666666667
0.059
0.08700000000000001
0.112
0.07433333333333335
0.07166666666666667
0.07433333333333332
0.08033333333333333
0.113
0.10566666666666667
0.06166666666666667
0.06566666666666666
0.07166666666666667
0.07133333333333335
0.08800000000000001
0.09066666666666667
0.08233333333333333
0.07466666666666666
0.067
0.065
0.08433333333333333
0.10100000000000002
0.09233333333333334
0.08666666666666667
0.076
0.10566666666666667
0.058666666666666666
0.079
0.10566666666666667
0.09466666666666668
0.083
0.11266666666666668
0.081
0.108
0.11966666666666666
0.08233333333333333
0.08066666666666666
0.08266666666666667
0.07466666666666666
0.08233333333333333
0.083
0.07933333333333333
0.09133333333333334
0.08233333333333333
0.08666666666666667
0.053
0.10000000000000002
0.06733333333333334
0.07266666666666667
0.11666666666666665
0.11499999999999999
0.105
0.08800000000000001
0.07866666666666666
0.08433333333333333
0.05933333333333333
0.10466666666666667
0.13366666666666668
0.09433333333333334
0.07266666666666666
0.122
0.084
0.11366666666666668
0.08933333333333333
0.11733333333333333
0.09033333333333333
0.06633333333333334
0.11633333333333333
0.06466666666666666
0.08966666666666667
0.09166666666666667
0.15266666666666664
0.09800000000000002
0.07433333333333332
0.08366666666666667
0.06366666666666666
0.14333333333333334
0.08966666666666667
0.09999999999999999
0.09233333333333334
0.08933333333333333
0.07366666666666666
0.11066666666666668
0.10166666666666667
0.13066666666666668
0.10166666666666668
0.08800000000000001
0.10433333333333333
0.08566666666666667
0.05833333333333333
0.06533333333333334
0.09800000000000002
0.06066666666666667
0.09733333333333333
0.09066666666666667
0.09966666666666667
0.10833333333333334
0.12933333333333333
0.083
0.08366666666666667
0.13033333333333333
0.074
0.08933333333333333
0.10100000000000002
0.06933333333333334
0.08766666666666667
0.08466666666666667
0.07500000000000001
0.08533333333333333
0.056
0.07933333333333333
0.06233333333333333
0.06633333333333334
0.08766666666666667
0.13333333333333333
0.13633333333333333
0.10200000000000002
0.08366666666666667
0.11766666666666666
0.07766666666666666
0.06133333333333333
0.07033333333333334
0.06666666666666667
0.168
0.07933333333333333
0.09100000000000001
0.10133333333333333
0.09600000000000002
0.108
0.08366666666666667
0.06
0.08
0.07566666666666666
0.09200000000000001
0.08800000000000001
0.07066666666666667
0.09233333333333334
0.09233333333333334
0.084
0.077
0.08366666666666667
0.111
0.08766666666666667
0.08733333333333333
0.12
0.083
0.09700000000000002
0.08866666666666667
0.073
0.08333333333333333
0.07733333333333332
0.083
0.10333333333333333
0.10833333333333334
0.082
0.08066666666666666
0.08666666666666667
0.06333333333333334
0.09566666666666668
0.06066666666666667
0.09866666666666668
0.06966666666666667
0.07566666666666666
0.11266666666666668
0.06566666666666666
0.09466666666666668
0.09366666666666668
0.07166666666666667
0.11599999999999999
0.135
0.11966666666666666
0.10133333333333333
0.059666666666666666
0.10666666666666667
0.08333333333333333
0.09300000000000001
0.07866666666666666
0.07833333333333332
0.08233333333333333
0.06866666666666667
0.08266666666666667
0.11833333333333333
0.10099999999999999
0.11266666666666665
0.10466666666666667
0.10000000000000002
0.07233333333333333
0.083
0.11
0.124
0.08600000000000001
0.09966666666666667
0.07166666666666667
0.08800000000000001
0.09566666666666668
0.082
0.07633333333333332
0.07566666666666666
0.12366666666666666
0.111
0.08600000000000001
0.07966666666666666
0.11699999999999999
0.12933333333333333
0.10666666666666667
0.09233333333333334
0.06666666666666667
0.082
0.05366666666666667
0.057666666666666665
0.11566666666666665
0.12566666666666668
0.069
0.12833333333333333
0.07066666666666667
0.06366666666666666
0.08433333333333333
0.07200000000000001
0.08666666666666667
0.08600000000000001
0.08866666666666667
0.069
0.10166666666666667
0.125
0.067
0.12566666666666668
0.09366666666666668
0.09400000000000001
0.06233333333333333
0.07566666666666666
0.08966666666666667
0.10733333333333334
0.07
0.06833333333333334
0.08966666666666667
0.08066666666666666
0.08033333333333333
0.07266666666666667
0.07366666666666666
0.078
0.07633333333333332
0.082
0.069
0.08133333333333333
0.114
0.09100000000000001
0.11533333333333333
0.141
0.09333333333333334
0.11233333333333333
0.11366666666666668
0.10466666666666667
0.08633333333333333
0.10166666666666668
0.11433333333333333
0.109
0.09866666666666668
0.08566666666666667
0.068
0.121
0.12833333333333333
0.07733333333333332
0.06633333333333334
0.07533333333333332
0.09800000000000002
0.08
0.056999999999999995
0.063
0.062
0.11066666666666668
0.08333333333333333
0.07366666666666666
0.07466666666666667
0.07266666666666666
0.08666666666666667
0.14666666666666664
0.075
0.128
0.08866666666666667
0.111
0.107
0.05333333333333334
0.11333333333333334
0.08766666666666667
0.06133333333333333
0.05466666666666667
0.102
0.10133333333333333
0.07066666666666667
0.08800000000000001
0.108
0.06566666666666666
0.08700000000000001
0.07933333333333333
0.09633333333333334
0.08966666666666667
0.07333333333333335
0.08033333333333333
0.055999999999999994
0.07866666666666666
0.11133333333333333
0.121
0.084
0.08833333333333333
0.07400000000000001
0.07033333333333334
0.09966666666666668
0.11166666666666668
0.09400000000000001
0.08600000000000001
0.09233333333333334
0.09233333333333334
0.07766666666666666
0.10066666666666667
0.07100000000000001
0.06866666666666667
0.10133333333333333
0.078
0.11633333333333333
0.106
0.13133333333333333
0.102
0.06266666666666666
0.08733333333333333
0.065
0.07133333333333333
0.06833333333333334
0.12633333333333333
0.11133333333333334
0.07066666666666667
0.11466666666666665
0.09000000000000001
0.09766666666666668
0.14100000000000001
0.08066666666666666
0.08900000000000001
0.08
0.07133333333333333
0.06433333333333334
0.10533333333333333
0.11233333333333334
0.09666666666666666
0.11299999999999999
0.11333333333333334
0.06733333333333334
0.066
0.11366666666666668
0.09000000000000001
0.08566666666666667
0.121
0.11399999999999999
0.06666666666666667
0.10066666666666667
0.09833333333333333
0.11033333333333334
0.09300000000000001
0.09133333333333334
0.07233333333333332
0.09833333333333334
0.06166666666666667
0.054
0.051
0.06533333333333334
0.11533333333333333
0.09100000000000001
0.09633333333333334
0.10866666666666668
0.10233333333333333
0.084
0.08733333333333333
0.065
0.11033333333333334
0.123
0.148
0.12366666666666666
0.06866666666666667
0.085
0.08433333333333333
0.126
0.09800000000000002
0.09233333333333334
0.09433333333333334
0.07933333333333333
0.08133333333333333
0.09566666666666668
0.09200000000000001
0.09566666666666668
0.102
0.07833333333333332
0.07066666666666667
0.107
0.06966666666666667
0.106
0.07866666666666666
0.07
0.09600000000000002
0.11233333333333334
0.07
0.07333333333333332
0.06766666666666667
0.10966666666666668
0.08866666666666667
0.08733333333333333
0.081
0.09800000000000002
0.09800000000000002
0.11766666666666666
0.13
0.09033333333333333
0.07533333333333332
0.08433333333333333
0.07766666666666666
0.066
0.07133333333333335
0.13066666666666668
0.06533333333333334
0.079
0.08133333333333333
0.09466666666666668
0.10833333333333334
0.11133333333333334
0.08
0.08866666666666667
0.062
0.09500000000000001
0.085
0.07666666666666667
0.059666666666666666
0.079
0.08033333333333333
0.068
0.08700000000000001
0.08266666666666667
0.04833333333333334
0.075
0.10033333333333333
0.08566666666666667
0.08066666666666666
0.09333333333333334
0.09100000000000001
0.10966666666666668
0.10066666666666668
0.10633333333333334
0.082
0.10733333333333334
0.08666666666666667
0.10166666666666668
0.06933333333333334
0.08800000000000001
0.153
0.08800000000000001
0.08600000000000001
0.119
0.08600000000000001
0.07366666666666666
0.07266666666666667
0.08166666666666667
0.07866666666666666
0.07133333333333335
0.07333333333333332
0.127
0.076
0.10133333333333334
0.08066666666666666
0.066
0.11166666666666668
0.068
0.12266666666666666
0.066
0.07733333333333332
0.10466666666666667
0.11166666666666668
0.09500000000000001
0.09033333333333333
0.10166666666666667
0.07166666666666667
0.07866666666666666
0.06733333333333334
0.082
0.09900000000000002
0.13033333333333333
0.09433333333333334
0.08
0.077
0.09666666666666668
0.076
0.07533333333333335
0.08666666666666667
0.08166666666666667
0.082
0.067
0.104
0.07200000000000001
0.09133333333333334
0.08333333333333333
0.09233333333333334
0.08066666666666666
0.11266666666666668
0.09200000000000001
0.13066666666666668
0.078
0.06266666666666666
0.08533333333333333
0.11333333333333333
0.09666666666666668
0.13366666666666668
0.11699999999999999
0.121
0.103
0.07766666666666666
0.08666666666666667
0.11499999999999999
0.076
0.07266666666666667
0.08433333333333333
0.08733333333333333
0.112
0.08466666666666667
0.08633333333333333
0.083
0.05466666666666667
0.072
0.074
0.09899999999999999
0.06033333333333333
0.06566666666666666
0.09700000000000002
0.07633333333333332
0.11933333333333333
0.068
0.13166666666666668
0.10733333333333334
0.09833333333333334
0.081
0.10266666666666667
0.11199999999999999
0.09800000000000002
0.10833333333333334
0.07766666666666666
0.07666666666666666
0.06133333333333333
0.11533333333333333
0.07200000000000001
0.11233333333333334
0.06866666666666667
0.10966666666666668
0.08933333333333333
0.09566666666666668
0.08333333333333333
0.09933333333333333
0.09833333333333333
0.08566666666666667
0.08733333333333333
0.09900000000000002
0.102
0.07966666666666666
0.04966666666666667
0.11666666666666665
0.10066666666666667
0.09833333333333334
0.09233333333333334
0.068
0.12966666666666668
0.09700000000000002
0.08366666666666667
0.08766666666666667
0.07366666666666666
0.104
0.11566666666666665
0.09066666666666667
0.06533333333333334
0.11
0.10066666666666668
0.09833333333333333
0.103
0.09333333333333334
0.07466666666666667
0.10066666666666668
0.132
0.10200000000000002
0.07433333333333332
0.13533333333333333
0.09766666666666668
0.07333333333333332
0.13633333333333333
0.08566666666666667
0.07333333333333333
0.078
0.07733333333333332
0.074
0.08
0.14
0.12066666666666666
0.07433333333333333
0.11233333333333334
0.07533333333333332
0.06366666666666666
0.135
0.08
0.075
0.09700000000000002
0.13533333333333333
0.07833333333333332
0.07033333333333333
0.09333333333333334
0.08066666666666666
0.07533333333333332
0.10000000000000002
0.07100000000000001
0.10333333333333333
0.08166666666666667
0.09833333333333334
0.10633333333333334
0.072
0.06966666666666667
0.07933333333333333
0.08433333333333333
0.07300000000000001
0.10366666666666667
0.07933333333333333
0.062
0.082
0.11866666666666666
0.07966666666666666
0.08066666666666666
0.09533333333333334
0.08733333333333333
0.11433333333333334
0.09566666666666668
0.08700000000000001
0.09100000000000001
0.09466666666666668
0.08533333333333333
0.08433333333333333
0.08600000000000001
0.10766666666666667
0.069
0.1406666666666667
0.11266666666666668
0.12933333333333333
0.085
0.07366666666666666
0.08133333333333333
0.113
0.06533333333333334
0.14933333333333335
0.11366666666666668
0.09666666666666668
0.08633333333333333
0.09766666666666668
0.09933333333333334
0.09433333333333334
0.103
0.09500000000000001
0.08366666666666667
0.15
0.11066666666666668
0.08833333333333333
0.11133333333333334
0.068
0.09533333333333334
0.08133333333333333
0.07733333333333332
0.067
0.06533333333333334
0.145
0.09433333333333334
0.11333333333333334
0.09933333333333334
0.11599999999999999
0.11166666666666665
0.06266666666666666
0.076
0.09333333333333334
0.05333333333333334
0.082
0.07033333333333333
0.09200000000000001
0.08666666666666667
0.07166666666666667
0.07500000000000001
0.07866666666666666
0.09166666666666667
0.050666666666666665
0.08800000000000001
0.11499999999999999
0.11266666666666668
0.08
0.07633333333333332
0.09466666666666668
0.10633333333333334
0.09266666666666667
0.068
0.08800000000000001
0.061
0.077
0.08033333333333333
0.08266666666666667
0.07233333333333335
0.06666666666666667
0.13233333333333333
0.108
0.07466666666666666
0.07433333333333332
0.08366666666666667
0.079
0.12533333333333332
0.07066666666666667
0.07666666666666667
0.11766666666666666
0.11966666666666666
0.10533333333333333
0.07766666666666666
0.08633333333333333
0.08266666666666667
0.07966666666666666
0.09900000000000002
0.10333333333333333
0.08333333333333333
0.09000000000000001
0.07366666666666667
0.09466666666666668
0.09400000000000001
0.08166666666666667
0.08333333333333333
0.06733333333333334
0.09766666666666668
0.10533333333333333
0.08266666666666667
0.09633333333333333
0.10466666666666667
0.08466666666666667
0.08266666666666667
0.15133333333333332
0.07166666666666667
0.115
0.115
0.08133333333333333
0.08700000000000001
0.09066666666666667
0.07533333333333332
0.11
0.11766666666666666
0.09466666666666668
0.082
0.121
0.082
0.14300000000000002
0.09866666666666667
0.08133333333333333
0.085
0.10333333333333333
0.08800000000000001
0.08233333333333333
0.06066666666666667
0.13633333333333333
0.08600000000000001
0.09000000000000001
0.09666666666666668
0.079
0.08633333333333333
0.09400000000000001
0.11299999999999999
0.06166666666666667
0.07166666666666667
0.10266666666666667
0.09500000000000001
0.078
0.08433333333333333
0.08266666666666667
0.09133333333333334
0.10333333333333333
0.078
0.11399999999999999
0.129
0.08800000000000001
0.058666666666666666
0.09566666666666668
0.06933333333333333
0.09033333333333333
0.07933333333333333
0.10666666666666667
0.07633333333333332
0.13833333333333334
0.10833333333333334
0.07533333333333332
0.10666666666666667
0.07433333333333333
0.08466666666666667
0.079
0.07233333333333332
0.10566666666666667
0.11533333333333333
0.07933333333333333
0.07633333333333332
0.108
0.11266666666666668
0.083
0.08466666666666667
0.075
0.074
0.08900000000000001
0.131
0.126
0.09766666666666668
0.06733333333333334
0.113
0.07233333333333335
0.07433333333333333
0.065
0.1366666666666667
0.11533333333333333
0.09333333333333334
0.08666666666666667
0.10766666666666667
0.09600000000000002
0.08566666666666667
0.07866666666666666
0.10333333333333333
0.07733333333333332
0.07166666666666667
0.08233333333333333
0.07400000000000001
0.11699999999999999
0.057999999999999996
0.10000000000000002
0.06066666666666667
0.07100000000000001
0.09033333333333333
0.08566666666666667
0.08
0.134
0.08166666666666667
0.07300000000000001
0.07633333333333332
0.073
0.127
0.085
0.07733333333333332
0.10099999999999999
0.08366666666666667
0.06033333333333333
0.074
0.07733333333333332
0.08766666666666667
0.09500000000000001
0.08600000000000001
0.08633333333333333
0.08633333333333333
0.11733333333333333
0.09733333333333333
0.09566666666666668
0.06333333333333334
0.08
0.09433333333333334
0.07766666666666666
0.084
0.07966666666666666
0.1396666666666667
0.07366666666666667
0.10866666666666668
0.078
0.08366666666666667
0.10133333333333333
0.09700000000000002
0.118
0.07933333333333333
0.076
0.06833333333333334
0.09433333333333334
0.07766666666666666
0.073
0.08566666666666667
0.07833333333333332
0.056999999999999995
0.07533333333333332
0.05666666666666667
0.077
0.07666666666666666
0.07266666666666667
0.07433333333333332
0.107
0.09666666666666668
0.055999999999999994
0.06733333333333334
0.067
0.09200000000000001
0.058666666666666666
0.08700000000000001
0.08333333333333333
0.07066666666666667
0.12733333333333333
0.08233333333333333
0.10099999999999999
0.10866666666666668
0.106
0.08133333333333333
0.07266666666666667
0.06
0.069
0.14733333333333332
0.13233333333333333
0.12866666666666668
0.08933333333333333
0.12533333333333332
0.08766666666666667
0.09300000000000001
0.08666666666666667
0.1416666666666667
0.11333333333333334
0.09833333333333334
0.07833333333333332
0.08833333333333333
0.07966666666666666
0.066
0.079
0.06266666666666666
0.08533333333333333
0.09033333333333333
0.08900000000000001
0.12566666666666668
0.05733333333333334
0.06133333333333333
0.08933333333333333
0.083
0.07
0.11533333333333334
0.07566666666666666
0.05566666666666667
0.13266666666666668
0.124
0.08733333333333333
0.09366666666666668
0.104
0.11033333333333332
0.06066666666666667
0.07533333333333332
0.08533333333333333
0.07333333333333332
0.10033333333333334
0.11433333333333334
0.10066666666666668
0.06666666666666667
0.109
0.10433333333333333
0.09699999999999999
0.08933333333333333
0.07466666666666667
0.06733333333333334
0.11366666666666668
0.08733333333333333
0.08133333333333333
0.10866666666666668
0.08966666666666667
0.08800000000000001
0.07833333333333332
0.077
0.05933333333333333
0.127
0.078
0.08133333333333333
0.08900000000000001
0.06966666666666667
0.102
0.06233333333333333
0.06366666666666666
0.08533333333333333
0.107
0.08700000000000001
0.11633333333333333
0.08600000000000001
0.084
0.08700000000000001
0.07300000000000001
0.07766666666666666
0.08933333333333333
0.10666666666666667
0.10333333333333333
0.12
0.09300000000000001
0.065
0.08366666666666667
0.13066666666666668
0.10133333333333334
0.10166666666666667
0.09233333333333334
0.084
0.063
0.06666666666666667
0.08533333333333333
0.09566666666666668
0.10166666666666667
0.08600000000000001
0.06566666666666666
0.12933333333333333
0.12833333333333333
0.09700000000000002
0.08533333333333333
0.08466666666666667
0.06966666666666667
0.11066666666666668
0.09266666666666667
0.13733333333333334
0.15
0.06866666666666667
0.07333333333333332
0.07833333333333332
0.11166666666666668
0.09333333333333334
0.09633333333333334
0.07466666666666666
0.08233333333333333
0.08433333333333333
0.10066666666666668
0.09933333333333334
0.07733333333333332
0.09200000000000001
0.078
0.06033333333333333
0.08800000000000001
0.073
0.11633333333333333
0.07833333333333332
0.09766666666666668
0.07300000000000001
0.108
0.109
0.07166666666666667
0.09233333333333334
0.09000000000000001
0.09100000000000001
0.08433333333333333
0.12
0.10566666666666667
0.09999999999999999
0.11
0.115
0.057999999999999996
0.09666666666666668
0.056666666666666664
0.08133333333333333
0.07733333333333332
0.10666666666666667
0.06633333333333334
0.126
0.09333333333333334
0.13
