0.16366666666666665
0.575
0.051666666666666666
0.05000000000000001
0.1423333333333333
0.38199999999999995
0.11533333333333333
0.11866666666666666
0.11533333333333333
0.17066666666666666
0.2913333333333333
0.293
0.10766666666666667
0.2823333333333333
0.29033333333333333
0.24866666666666667
0.257
0.07200000000000001
0.06
0.3313333333333333
0.1366666666666667
0.3506666666666667
0.18533333333333335
0.19333333333333336
0.06066666666666667
0.06833333333333334
0.1396666666666667
0.265
0.05666666666666667
0.051
0.304
0.3403333333333333
0.154
0.24333333333333332
0.139
0.073
0.3983333333333334
0.3383333333333333
0.2803333333333334
0.15166666666666667
0.19699999999999998
0.254
0.122
0.246
0.27466666666666667
0.12466666666666666
0.246
0.06066666666666667
0.133
0.054
0.32966666666666666
0.228
0.12966666666666668
0.12633333333333333
0.155
0.067
0.26166666666666666
0.3323333333333333
0.125
0.38133333333333336
0.261
0.27133333333333337
0.07366666666666666
0.2806666666666666
0.04966666666666667
0.059666666666666666
0.06066666666666667
0.135
0.336
0.3746666666666667
0.07433333333333332
0.05533333333333334
0.3403333333333333
0.35800000000000004
0.37166666666666665
0.24766666666666667
0.43566666666666665
0.12466666666666666
0.133
0.27099999999999996
0.06266666666666666
0.2836666666666667
0.27266666666666667
0.17200000000000001
0.065
0.22466666666666668
0.14866666666666664
0.132
0.35966666666666663
0.06133333333333333
0.14700000000000002
0.28633333333333333
0.04866666666666667
0.059
0.151
0.14066666666666666
0.056666666666666664
0.27133333333333337
0.31266666666666665
0.266
0.2993333333333333
0.17266666666666666
0.133
0.3353333333333333
0.244
0.321
0.3056666666666667
0.24833333333333332
0.131
0.14533333333333334
0.164
0.14666666666666667
0.11099999999999999
0.18666666666666668
0.156
0.15533333333333332
0.14600000000000002
0.17666666666666667
0.15733333333333333
0.395
0.138
0.15866666666666665
0.25766666666666665
0.05266666666666667
0.052
0.148
0.267
0.17533333333333334
0.258
0.17866666666666667
0.21033333333333334
0.1376666666666667
0.3833333333333333
0.2826666666666667
0.15366666666666665
0.307
0.29600000000000004
0.2976666666666667
0.043666666666666666
0.12566666666666668
0.06433333333333334
0.19099999999999998
0.13233333333333333
0.14133333333333334
0.05566666666666666
0.11766666666666666
0.3423333333333334
0.14533333333333331
0.24366666666666667
0.06033333333333333
0.1376666666666667
0.06433333333333334
0.13033333333333333
0.17233333333333334
0.14333333333333334
0.22566666666666668
0.057333333333333326
0.06233333333333333
0.3093333333333333
0.05366666666666667
0.15266666666666664
0.31833333333333336
0.246
0.15966666666666665
0.25333333333333335
0.27699999999999997
0.259
0.147
0.3363333333333334
0.18633333333333332
0.19800000000000004
0.12366666666666666
0.19400000000000003
0.16133333333333333
0.17766666666666664
0.06266666666666666
0.13366666666666668
0.04700000000000001
0.16133333333333333
0.14100000000000001
0.24833333333333332
0.36366666666666664
0.06333333333333334
0.204
0.17899999999999996
0.289
0.31633333333333336
0.050333333333333334
0.2866666666666666
0.071
0.11066666666666668
0.128
0.141
0.244
0.26966666666666667
0.2846666666666667
0.13366666666666668
0.17
0.11133333333333334
0.13533333333333333
0.26166666666666666
0.28
0.118
0.18766666666666665
0.159
0.17766666666666664
0.131
0.13566666666666669
0.169
0.15133333333333332
0.12
0.16166666666666665
0.15433333333333332
0.1426666666666667
0.146
0.075
0.313
0.249
0.15733333333333333
0.06233333333333333
0.057666666666666665
0.04566666666666667
0.068
0.04966666666666667
0.04666666666666667
0.25733333333333336
0.2846666666666667
0.243
0.248
0.059
0.13166666666666668
0.053
0.253
0.05366666666666667
0.121
0.3
0.31433333333333335
0.13766666666666666
0.12233333333333334
0.38000000000000006
0.29800000000000004
0.065
0.06366666666666666
0.14500000000000002
0.122
0.12833333333333333
0.36000000000000004
0.27
0.34733333333333327
0.059
0.123
0.137
0.26266666666666666
0.07833333333333332
0.3196666666666667
0.056
0.158
0.064
0.06433333333333334
0.32633333333333336
0.149
0.13533333333333333
0.171
0.04700000000000001
0.13733333333333334
0.07066666666666667
0.055
0.18400000000000002
0.051333333333333335
0.345
0.35966666666666663
0.06133333333333333
0.329
0.3473333333333333
0.14133333333333334
0.259
0.2006666666666667
0.119
0.16566666666666666
0.05499999999999999
0.05366666666666667
0.08366666666666667
0.36799999999999994
0.3173333333333333
0.05933333333333333
0.138
0.15966666666666665
0.3116666666666667
0.29033333333333333
0.30666666666666664
0.25066666666666665
0.3453333333333333
0.28300000000000003
0.11933333333333333
0.2173333333333333
0.11233333333333334
0.06133333333333333
0.15433333333333335
0.357
0.122
0.051333333333333335
0.389
0.06733333333333334
0.16933333333333334
0.15066666666666664
0.12266666666666666
0.3293333333333333
0.07133333333333335
0.057333333333333326
0.14866666666666664
0.28833333333333333
0.29866666666666664
0.17800000000000002
0.3413333333333333
0.444
0.17333333333333334
0.057999999999999996
0.38633333333333336
0.3413333333333333
0.14266666666666664
0.15066666666666664
0.067
0.357
0.146
0.408
0.147
0.06733333333333334
0.441
0.4303333333333333
0.15533333333333332
0.15366666666666665
0.04800000000000001
0.35600000000000004
0.119
0.14033333333333334
0.1743333333333333
0.269
0.18566666666666665
0.2896666666666667
0.149
0.42166666666666663
0.4003333333333334
0.16833333333333333
0.17333333333333334
0.294
0.40599999999999997
0.361
0.082
0.19933333333333336
0.18099999999999997
0.3233333333333333
0.18266666666666667
0.1433333333333333
0.15466666666666665
0.171
0.07533333333333332
0.08033333333333333
0.158
0.21933333333333335
0.15866666666666665
0.335
0.21133333333333335
0.083
0.4043333333333334
0.3456666666666666
0.3456666666666666
0.08066666666666666
0.08633333333333333
0.36633333333333334
0.18966666666666665
0.063
0.18766666666666665
0.17633333333333331
0.16866666666666666
0.208
0.07333333333333332
0.05933333333333333
0.509
0.07533333333333332
0.5073333333333333
0.16866666666666666
0.18533333333333335
0.20233333333333334
0.215
0.20033333333333334
0.48933333333333334
0.5013333333333333
0.06033333333333333
0.148
0.148
0.073
0.12733333333333333
0.19600000000000004
0.225
0.19933333333333336
0.19066666666666668
0.42333333333333334
0.24866666666666667
0.20233333333333334
0.235
0.08700000000000001
0.38233333333333336
0.09900000000000002
0.09333333333333334
0.5623333333333334
0.083
0.21433333333333335
0.074
0.23233333333333336
0.4053333333333334
0.06766666666666667
0.24133333333333332
0.5206666666666666
0.18733333333333335
0.06733333333333334
0.4709999999999999
0.072
0.49099999999999994
0.17266666666666666
0.25433333333333336
0.48933333333333334
0.38766666666666666
0.3456666666666666
0.19899999999999998
0.32066666666666666
0.061
0.18733333333333335
0.326
0.18833333333333332
0.16333333333333333
0.14533333333333331
0.165
0.21433333333333335
0.072
0.08233333333333333
0.06566666666666666
0.40199999999999997
0.23166666666666666
0.20833333333333334
0.3986666666666667
0.4703333333333333
0.08466666666666667
0.23266666666666666
0.225
0.079
0.47700000000000004
0.4503333333333333
0.25466666666666665
0.38866666666666666
0.07766666666666666
0.07233333333333332
0.19266666666666668
0.228
0.252
0.167
0.085
0.428
0.41533333333333333
0.42766666666666664
0.19566666666666666
0.07166666666666666
0.5013333333333333
0.534
0.20833333333333334
0.09266666666666667
0.5176666666666666
0.22433333333333336
0.21333333333333335
0.4073333333333333
0.19133333333333336
0.217
0.083
0.19000000000000003
0.231
0.21266666666666667
0.23133333333333336
0.08866666666666667
0.06866666666666667
0.5916666666666667
0.08033333333333333
0.207
0.5923333333333334
0.09600000000000002
0.20033333333333334
0.25266666666666665
0.257
0.45166666666666666
0.083
0.20333333333333334
0.492
0.5183333333333333
0.462
0.07666666666666666
0.466
0.17266666666666666
0.377
0.244
