0.021
0.04666666666666667
0.022000000000000002
0.006333333333333333
0.02033333333333333
0.010666666666666666
0.009666666666666665
0.007666666666666666
0.016666666666666666
0.005
0.006666666666666667
0.030333333333333334
0.027999999999999997
0.006666666666666667
0.008333333333333333
0.004666666666666667
0.051333333333333335
0.002
0.005
0.01
0.0030000000000000005
0.02733333333333333
0.02866666666666667
0.005666666666666667
0.02266666666666667
0.05433333333333334
0.0013333333333333333
0.009
0.04833333333333334
0.0033333333333333335
0.0036666666666666666
0.0026666666666666666
0.005
0.0023333333333333335
0.0023333333333333335
0.0033333333333333335
0.0013333333333333333
0.008666666666666666
0.0016666666666666668
0.008666666666666668
0.0016666666666666668
0.017333333333333336
0.0033333333333333335
0.002
0.0016666666666666668
0.005333333333333333
0.005666666666666667
0.007333333333333333
0.0023333333333333335
0.007333333333333333
0.052
0.034333333333333334
0.006333333333333333
0.04533333333333334
0.006333333333333334
0.059
0.008
0.003333333333333334
0.0016666666666666668
0.0023333333333333335
0.010666666666666666
0.012666666666666666
0.024000000000000004
0.0036666666666666666
0.0016666666666666668
0.0026666666666666666
0.012000000000000002
0.004
0.0013333333333333333
0.008
0.0030000000000000005
0.009333333333333332
0.008333333333333333
0.002
0.0033333333333333335
0.0016666666666666668
0.014333333333333332
0.0030000000000000005
0.0023333333333333335
0.08866666666666667
0.0036666666666666666
0.005
0.005333333333333333
0.015333333333333332
0.05033333333333334
0.01333333333333333
0.01
0.01
0.0030000000000000005
0.0030000000000000005
0.009666666666666667
0.0033333333333333335
0.0016666666666666668
0.0013333333333333333
0.004666666666666667
0.0030000000000000005
0.0013333333333333333
0.010333333333333333
0.006000000000000001
0.0036666666666666666
0.02033333333333333
0.010333333333333333
0.006666666666666667
0.001
0.0026666666666666666
0.002
0.0013333333333333333
0.0036666666666666666
0.0013333333333333333
0.01
0.002
0.0033333333333333335
0.006999999999999999
0.009666666666666665
0.004
0.009666666666666665
0.004333333333333334
0.004333333333333334
0.0013333333333333333
6.666666666666666E-4
0.0023333333333333335
0.0013333333333333333
0.006000000000000001
0.005666666666666667
0.01
0.004
0.0033333333333333335
0.009333333333333334
0.004666666666666667
0.007666666666666668
0.0036666666666666666
0.02266666666666667
0.005
0.006666666666666667
0.0036666666666666666
0.005333333333333333
0.004666666666666667
0.006333333333333333
0.057999999999999996
0.0030000000000000005
0.007666666666666666
0.005
0.006666666666666667
0.0016666666666666668
0.006333333333333334
0.005666666666666667
0.029666666666666664
0.03
0.009333333333333332
0.0033333333333333335
0.08433333333333333
0.008333333333333333
0.002
0.005
0.0023333333333333335
0.002
0.03966666666666666
0.006666666666666667
0.035666666666666666
0.004
0.008666666666666666
0.007333333333333333
0.0036666666666666666
0.0013333333333333333
0.007666666666666666
0.0013333333333333333
0.0013333333333333333
0.002
0.0016666666666666668
0.0030000000000000005
0.0030000000000000005
0.004333333333333334
0.0016666666666666668
0.007333333333333333
0.002
0.002
0.005
0.004333333333333334
0.008
0.0033333333333333335
0.006333333333333334
0.004
0.008666666666666666
0.003666666666666667
0.0013333333333333333
0.0016666666666666668
0.009
0.002
0.0013333333333333333
0.005
0.004333333333333334
0.026333333333333334
0.0026666666666666666
0.005666666666666667
0.0016666666666666668
0.027999999999999997
0.001
0.005999999999999999
0.0016666666666666668
0.012333333333333335
0.0030000000000000005
0.03933333333333333
0.012333333333333335
0.005333333333333333
0.013
0.008
0.018333333333333337
0.044000000000000004
0.0026666666666666666
0.006000000000000001
0.009666666666666665
0.0013333333333333333
0.0030000000000000005
0.001
0.0026666666666666666
0.0023333333333333335
0.004666666666666667
0.0013333333333333333
0.0016666666666666668
0.0026666666666666666
0.0030000000000000005
0.004
0.005
0.0026666666666666666
0.0033333333333333335
0.006000000000000001
0.0013333333333333333
0.011666666666666667
0.003666666666666667
0.0030000000000000005
0.0026666666666666666
0.001
0.0023333333333333335
6.666666666666666E-4
0.005
0.0023333333333333335
0.006000000000000001
0.005333333333333333
0.006999999999999999
0.038
0.003666666666666667
0.0016666666666666668
0.022333333333333334
0.005
0.0016666666666666668
0.007
0.010666666666666666
0.0016666666666666668
0.008
0.002
0.012666666666666666
0.0030000000000000005
0.005
0.028666666666666663
0.005
0.0016666666666666668
0.0013333333333333333
0.0013333333333333333
0.0013333333333333333
0.002
0.002
0.0016666666666666668
0.001
0.0016666666666666668
0.007333333333333333
0.009333333333333332
0.007333333333333333
0.002
0.002
0.01
0.0016666666666666668
0.009333333333333332
0.001
0.013
0.0026666666666666666
0.010666666666666666
0.004
0.008333333333333333
0.0016666666666666668
0.0016666666666666668
0.002
0.004666666666666667
0.019
0.003666666666666667
0.0030000000000000005
0.006666666666666667
0.0030000000000000005
0.05333333333333334
0.004333333333333334
0.017
0.0013333333333333333
0.0016666666666666668
0.0026666666666666666
0.04933333333333333
0.007666666666666666
0.004
0.013
6.666666666666666E-4
0.0036666666666666666
0.001
0.005
0.006333333333333333
0.0013333333333333333
0.0023333333333333335
0.0016666666666666668
0.0033333333333333335
0.007333333333333333
0.01
0.009333333333333332
0.002
0.0023333333333333335
0.006000000000000001
0.006000000000000001
0.0033333333333333335
0.009666666666666665
0.0023333333333333335
0.008333333333333333
0.0026666666666666666
0.014666666666666666
0.009000000000000001
0.002
0.008333333333333333
0.006333333333333333
0.011666666666666665
0.0033333333333333335
0.004333333333333334
0.016333333333333335
0.006333333333333334
0.0016666666666666668
0.001
0.004666666666666667
0.011000000000000001
0.008333333333333333
0.008333333333333333
0.0023333333333333335
0.006000000000000001
0.0033333333333333335
0.004
0.005666666666666667
0.005333333333333333
0.0016666666666666668
0.0016666666666666668
0.012666666666666666
0.009333333333333332
0.001
0.0036666666666666666
0.05299999999999999
0.013333333333333334
0.002
0.0013333333333333333
0.001
0.0026666666666666666
0.001
0.0016666666666666668
0.007333333333333333
0.004333333333333334
0.0026666666666666666
0.007333333333333333
0.0030000000000000005
0.008666666666666668
0.001
0.037
0.002
0.0016666666666666668
0.025333333333333333
0.004
0.0026666666666666666
0.007333333333333333
0.0016666666666666668
0.0023333333333333335
0.008
0.0030000000000000005
0.0013333333333333333
0.0013333333333333333
0.0036666666666666666
0.007
0.0030000000000000005
0.0016666666666666668
0.0036666666666666666
0.0033333333333333335
0.004
0.008
0.004666666666666667
0.005666666666666667
0.006666666666666667
0.012000000000000002
0.0026666666666666666
0.0023333333333333335
0.0016666666666666668
0.01
0.0030000000000000005
0.0016666666666666668
0.005666666666666667
0.004666666666666667
0.0013333333333333333
0.014333333333333332
0.004
0.004666666666666667
0.0013333333333333333
0.001
0.0016666666666666668
0.012000000000000002
0.001
0.007666666666666666
0.027
0.005
0.04633333333333334
0.005
0.0033333333333333335
0.004666666666666667
0.004
0.013666666666666666
0.009666666666666665
0.008
0.0013333333333333333
0.004
0.0030000000000000005
0.005
0.0013333333333333333
0.049666666666666665
0.004666666666666666
0.0023333333333333335
0.034
0.0016666666666666668
0.021666666666666667
0.016333333333333335
0.0013333333333333333
0.0026666666666666666
0.002
0.004333333333333334
0.0016666666666666668
0.004333333333333334
0.0023333333333333335
0.005
0.0026666666666666666
0.004666666666666667
0.004
0.0026666666666666666
6.666666666666666E-4
0.007333333333333333
0.004333333333333334
0.0013333333333333333
6.666666666666666E-4
0.012000000000000002
0.005333333333333333
0.005666666666666667
0.009
0.005666666666666667
0.009666666666666665
0.004666666666666667
0.0030000000000000005
0.012000000000000002
0.004
0.004666666666666667
0.0023333333333333335
0.008
0.0030000000000000005
0.005333333333333333
0.003666666666666667
0.0016666666666666668
0.005333333333333333
0.012000000000000002
0.002
0.0023333333333333335
0.005
0.006999999999999999
0.004
0.0016666666666666668
0.0033333333333333335
0.0033333333333333335
0.013
0.014333333333333332
0.007666666666666666
0.009
0.0016666666666666668
0.007333333333333333
0.04599999999999999
0.004
0.002
0.0023333333333333335
0.005
0.008666666666666668
0.0030000000000000005
0.0030000000000000005
0.0036666666666666666
0.013
0.005666666666666667
0.0033333333333333335
0.0026666666666666666
0.006666666666666667
0.0016666666666666668
0.007666666666666666
0.0036666666666666666
0.005333333333333333
0.008666666666666668
0.011000000000000001
0.0033333333333333335
0.004333333333333334
0.004333333333333334
0.0030000000000000005
0.0013333333333333333
0.0016666666666666668
0.0023333333333333335
0.015333333333333332
0.0030000000000000005
0.0030000000000000005
0.009333333333333334
0.005333333333333333
0.016
0.0026666666666666666
0.002
0.001
0.0016666666666666668
0.004
0.005666666666666667
0.063
0.0036666666666666666
0.0030000000000000005
0.0023333333333333335
0.03
0.001
0.006666666666666667
0.0013333333333333333
0.0033333333333333335
0.0013333333333333333
0.005666666666666667
0.002
0.002
0.008666666666666666
0.005999999999999999
0.004
0.0033333333333333335
0.007666666666666666
0.004666666666666667
0.0016666666666666668
0.0023333333333333335
0.005
0.011333333333333334
0.0023333333333333335
0.0016666666666666668
0.005
0.007333333333333333
0.0013333333333333333
0.012000000000000002
0.0033333333333333335
0.004
0.01333333333333333
0.004
0.004333333333333334
0.0013333333333333333
0.001
0.0026666666666666666
6.666666666666666E-4
0.006666666666666667
0.006000000000000001
0.033
0.0030000000000000005
0.06233333333333333
0.008
0.013
0.002
0.0013333333333333333
0.0023333333333333335
0.001
0.0036666666666666666
0.002
0.011000000000000001
0.0013333333333333333
0.004666666666666667
0.0033333333333333335
0.07466666666666667
0.002
0.01
0.006333333333333334
0.002
0.0026666666666666666
0.0016666666666666668
0.025333333333333336
0.006333333333333334
0.002
0.0023333333333333335
0.0016666666666666668
0.0016666666666666668
0.005333333333333333
0.0030000000000000005
0.001
0.001
0.007333333333333333
0.0026666666666666666
0.001
0.008
0.004333333333333334
0.011333333333333334
0.0026666666666666666
0.007666666666666666
0.006000000000000001
0.0036666666666666666
0.0026666666666666666
0.007333333333333333
0.009333333333333332
0.0023333333333333335
0.005999999999999999
0.0016666666666666668
0.009666666666666665
0.005
0.0033333333333333335
0.0026666666666666666
0.0013333333333333333
0.0016666666666666668
0.001
0.002
0.0030000000000000005
0.001
0.004
0.006000000000000001
0.006000000000000001
0.009666666666666665
0.004666666666666667
0.0036666666666666666
0.006000000000000001
0.002
0.008666666666666666
0.004666666666666666
0.0013333333333333333
0.0013333333333333333
0.004333333333333334
0.005333333333333333
0.009666666666666665
0.0030000000000000005
0.0016666666666666668
0.0016666666666666668
0.010666666666666666
0.011333333333333334
0.0033333333333333335
0.0013333333333333333
0.006000000000000001
0.0030000000000000005
0.0036666666666666666
0.002
0.001
0.008333333333333333
0.004
0.0030000000000000005
0.002
0.006000000000000001
0.0016666666666666668
0.03766666666666666
0.016
0.004333333333333334
0.019333333333333334
0.0023333333333333335
0.0013333333333333333
0.002
0.004
6.666666666666666E-4
0.0013333333333333333
0.009666666666666665
0.004666666666666666
0.001
0.04066666666666666
0.04466666666666667
0.020666666666666667
0.024333333333333335
0.0016666666666666668
0.0036666666666666666
0.013666666666666666
0.008666666666666666
0.0030000000000000005
0.007333333333333333
0.010333333333333333
0.004666666666666667
0.005666666666666667
0.002
0.0023333333333333335
0.012666666666666666
0.06133333333333333
0.0013333333333333333
0.0033333333333333335
0.004333333333333334
0.0030000000000000005
0.0026666666666666666
0.0036666666666666666
0.002
0.001
0.001
0.0033333333333333335
0.005333333333333333
0.0033333333333333335
0.002
0.0013333333333333333
0.008333333333333333
0.006000000000000001
0.0016666666666666668
0.0013333333333333333
0.004
0.001
0.0013333333333333333
0.0013333333333333333
0.005
0.008666666666666668
0.001
0.0036666666666666666
0.0036666666666666666
0.004
0.031
0.0023333333333333335
0.005666666666666667
0.0033333333333333335
0.0013333333333333333
0.010333333333333333
0.012666666666666666
0.004666666666666666
0.0026666666666666666
0.014333333333333332
0.05333333333333334
0.0013333333333333333
0.0023333333333333335
0.004333333333333334
0.008666666666666666
0.004333333333333334
0.004666666666666667
0.0030000000000000005
0.0036666666666666666
0.0033333333333333335
0.0026666666666666666
0.004
0.001
0.0016666666666666668
0.0013333333333333333
0.0030000000000000005
0.004333333333333334
0.0023333333333333335
0.006999999999999999
0.009333333333333334
0.0026666666666666666
0.0016666666666666668
0.007
0.016333333333333335
0.0030000000000000005
0.0016666666666666668
0.0030000000000000005
0.008
0.0026666666666666666
0.002
0.0013333333333333333
0.008666666666666668
0.009
0.0033333333333333335
0.0026666666666666666
0.014333333333333332
0.0036666666666666666
0.008
0.006999999999999999
0.0023333333333333335
0.057999999999999996
0.004
0.006999999999999999
0.0016666666666666668
0.0030000000000000005
0.02466666666666667
0.0033333333333333335
0.007333333333333333
0.014666666666666666
0.004333333333333334
0.002
0.0033333333333333335
0.005666666666666667
0.0016666666666666668
0.01333333333333333
0.0016666666666666668
0.012000000000000002
0.0016666666666666668
0.004333333333333334
0.001
0.013333333333333334
0.0026666666666666666
0.006666666666666667
0.008666666666666668
0.0023333333333333335
0.004333333333333334
0.006000000000000001
0.006333333333333334
0.004666666666666666
0.004
0.006000000000000001
0.001
0.006666666666666667
0.0036666666666666666
0.0026666666666666666
0.0023333333333333335
0.001
0.0013333333333333333
0.0013333333333333333
0.0030000000000000005
0.0026666666666666666
0.0026666666666666666
0.0013333333333333333
0.0036666666666666666
0.0033333333333333335
0.0013333333333333333
0.002
0.004333333333333334
0.005
0.006333333333333333
0.0016666666666666668
0.005666666666666667
0.008333333333333333
0.0016666666666666668
0.0016666666666666668
0.0023333333333333335
0.002
0.011666666666666667
0.0023333333333333335
0.006666666666666667
0.02
0.002
0.0030000000000000005
0.008
0.006333333333333334
0.0036666666666666666
0.013999999999999999
0.004
0.005666666666666667
0.0023333333333333335
0.0033333333333333335
0.0013333333333333333
0.0033333333333333335
0.0023333333333333335
0.002
0.006000000000000001
0.005333333333333333
0.03866666666666667
0.0033333333333333335
0.005
0.004
0.006000000000000001
0.017333333333333336
0.004333333333333334
0.03166666666666667
0.012000000000000002
0.0036666666666666666
0.002
0.007333333333333333
0.008333333333333333
0.02566666666666667
0.036666666666666674
0.004333333333333334
0.007
0.0023333333333333335
0.0013333333333333333
0.004
0.007666666666666666
0.0016666666666666668
0.004333333333333334
0.0016666666666666668
0.0013333333333333333
0.008666666666666666
0.002
0.002
0.001
0.0013333333333333333
0.0030000000000000005
0.0036666666666666666
0.0016666666666666668
0.002
0.0033333333333333335
0.001
0.0016666666666666668
0.004333333333333334
0.002
0.004333333333333334
0.008333333333333333
0.004666666666666667
0.0036666666666666666
0.008333333333333333
0.0033333333333333335
0.0016666666666666668
0.004666666666666667
0.001
0.007666666666666666
0.010333333333333333
0.011000000000000001
0.0013333333333333333
0.005
0.0016666666666666668
0.007
0.0036666666666666666
0.008666666666666668
0.013
0.0030000000000000005
0.0033333333333333335
0.005333333333333333
0.021
0.0026666666666666666
0.01
0.022333333333333334
0.007666666666666666
0.005
0.0030000000000000005
0.0026666666666666666
0.0013333333333333333
0.007666666666666666
0.0016666666666666668
0.08766666666666667
0.0030000000000000005
0.001
0.002
0.007
0.004666666666666667
0.002
0.0030000000000000005
0.001
0.0036666666666666666
0.001
0.004
0.0026666666666666666
0.001
0.004
0.005
0.005
0.0026666666666666666
0.09000000000000001
0.002
0.0016666666666666668
0.009333333333333332
0.005333333333333333
0.004666666666666667
0.004
0.0033333333333333335
0.001
0.006000000000000001
0.005333333333333333
0.0016666666666666668
0.005
0.0030000000000000005
6.666666666666666E-4
0.0013333333333333333
0.004666666666666667
0.022333333333333334
0.004
0.0016666666666666668
0.0016666666666666668
0.004333333333333334
0.0033333333333333335
0.011666666666666667
0.0016666666666666668
0.004
0.0036666666666666666
0.002
0.005333333333333333
0.004
0.0013333333333333333
0.0026666666666666666
0.0026666666666666666
6.666666666666666E-4
6.666666666666666E-4
3.333333333333333E-4
0.001
6.666666666666666E-4
0.008
0.0033333333333333335
0.014333333333333332
0.043333333333333335
0.011000000000000001
0.0023333333333333335
0.0016666666666666668
0.0016666666666666668
0.008
0.018333333333333337
0.0016666666666666668
0.004333333333333334
0.01
0.006333333333333334
0.0030000000000000005
0.004
0.002
0.0013333333333333333
0.008
0.018666666666666665
0.004333333333333334
0.005
0.013666666666666667
0.0026666666666666666
0.008333333333333333
0.009
0.008666666666666668
0.0013333333333333333
0.005666666666666667
0.007666666666666666
0.005
0.005666666666666667
0.006666666666666667
0.0016666666666666668
0.0013333333333333333
0.0013333333333333333
0.01
0.0013333333333333333
0.03266666666666667
0.004333333333333334
0.0036666666666666666
0.0033333333333333335
0.011333333333333334
0.007666666666666666
0.0026666666666666666
0.005
0.0023333333333333335
0.008
0.004
0.004333333333333334
0.005666666666666667
0.002
0.005333333333333333
0.0030000000000000005
0.005333333333333333
0.01
0.002
0.004
0.002
0.008
0.01
0.0016666666666666668
0.006999999999999999
0.002
0.012333333333333333
0.0036666666666666666
0.004
0.001
0.0026666666666666666
0.0030000000000000005
0.0023333333333333335
0.0016666666666666668
0.004333333333333334
0.0036666666666666666
0.007666666666666666
0.004666666666666667
0.0030000000000000005
0.0013333333333333333
0.005
0.0016666666666666668
0.0033333333333333335
0.0013333333333333333
0.03933333333333334
0.07466666666666666
0.0026666666666666666
0.008
0.017333333333333333
0.0030000000000000005
0.001
0.016333333333333335
0.004666666666666667
0.005
0.001
0.0023333333333333335
0.004333333333333334
0.002
0.013
0.0033333333333333335
0.004333333333333334
0.004666666666666667
0.005333333333333333
0.006333333333333333
0.002
0.010333333333333333
0.004
0.016333333333333335
0.01
0.021666666666666667
0.004
0.0023333333333333335
0.0013333333333333333
0.0036666666666666666
0.004666666666666667
0.0013333333333333333
0.0013333333333333333
0.001
0.005333333333333333
0.004666666666666667
0.008
0.0033333333333333335
0.0026666666666666666
0.0023333333333333335
0.0026666666666666666
0.004
0.0030000000000000005
0.009
0.03833333333333333
0.009333333333333334
0.0036666666666666666
0.01833333333333333
0.005666666666666667
0.0023333333333333335
0.007333333333333333
0.0033333333333333335
0.002
0.001
0.008
0.03766666666666667
0.0036666666666666666
0.015333333333333332
0.0026666666666666666
0.0030000000000000005
0.004
0.006333333333333334
0.0030000000000000005
0.009333333333333332
0.02666666666666667
0.0026666666666666666
0.0036666666666666666
0.010666666666666666
0.019333333333333334
0.0030000000000000005
0.037333333333333336
0.02
0.0030000000000000005
0.005
0.0016666666666666668
0.009666666666666665
0.0016666666666666668
0.009333333333333332
0.001
0.008
0.004
0.0036666666666666666
0.043000000000000003
0.002
0.0016666666666666668
0.0033333333333333335
0.011000000000000001
0.018
0.007666666666666666
0.0016666666666666668
0.005
0.01
0.0016666666666666668
0.0016666666666666668
0.017333333333333336
0.002
0.0033333333333333335
0.0013333333333333333
0.005
0.007666666666666666
0.009666666666666665
0.005666666666666667
0.0026666666666666666
0.002
6.666666666666666E-4
0.007666666666666666
0.008333333333333333
0.004
0.029333333333333333
0.0026666666666666666
0.0023333333333333335
0.03366666666666667
0.0013333333333333333
0.004333333333333334
0.009
0.050666666666666665
0.0016666666666666668
0.05766666666666667
0.008333333333333333
0.043666666666666666
0.0026666666666666666
0.007333333333333333
0.002
6.666666666666666E-4
0.0013333333333333333
0.0030000000000000005
0.0030000000000000005
0.0026666666666666666
0.0016666666666666668
0.0030000000000000005
0.011999999999999999
0.0036666666666666666
0.009333333333333332
0.0013333333333333333
0.006000000000000001
0.01
0.0033333333333333335
0.006666666666666667
0.0030000000000000005
0.005
0.004666666666666667
0.0030000000000000005
0.003666666666666667
0.008666666666666666
0.015666666666666666
0.012666666666666668
0.004333333333333334
0.0033333333333333335
0.0016666666666666668
0.005
0.002
0.0030000000000000005
0.0023333333333333335
0.002
0.005666666666666667
0.007333333333333333
0.007333333333333333
0.0026666666666666666
0.007
0.0013333333333333333
0.013333333333333334
0.005666666666666667
0.006333333333333334
0.010666666666666666
0.004
0.0023333333333333335
0.008666666666666668
0.002
0.041
0.014666666666666666
0.0030000000000000005
0.005666666666666667
0.015333333333333332
0.0030000000000000005
0.0036666666666666666
0.0033333333333333335
0.002
0.0036666666666666666
0.007666666666666666
0.001
0.04633333333333334
0.011333333333333334
0.0023333333333333335
0.005333333333333333
0.0036666666666666666
0.01
0.002
0.0033333333333333335
0.0013333333333333333
0.012666666666666666
0.006999999999999999
0.0030000000000000005
0.005666666666666667
0.0033333333333333335
0.004
0.0036666666666666666
0.002
0.004
0.013333333333333334
0.0026666666666666666
0.013333333333333334
0.0016666666666666668
6.666666666666666E-4
0.012666666666666666
0.001
6.666666666666666E-4
0.008666666666666666
0.002
0.0030000000000000005
0.004
0.024333333333333335
0.004
0.0023333333333333335
0.0026666666666666666
0.0036666666666666666
0.0030000000000000005
0.008333333333333333
0.007666666666666666
0.0016666666666666668
0.0016666666666666668
0.01933333333333333
0.014333333333333332
0.0023333333333333335
0.021666666666666667
0.005
0.0026666666666666666
0.005666666666666667
0.0016666666666666668
0.0013333333333333333
0.008
0.004
0.0026666666666666666
0.001
0.01933333333333333
0.007
0.001
0.001
0.0026666666666666666
0.012666666666666668
0.004333333333333334
0.017
0.004666666666666667
0.004333333333333334
0.0033333333333333335
0.028666666666666663
0.006000000000000001
0.0036666666666666666
0.004333333333333334
0.0016666666666666668
0.0036666666666666666
0.0013333333333333333
0.001
0.0016666666666666668
0.011333333333333334
0.015
0.008
0.004
0.0023333333333333335
0.0016666666666666668
0.051333333333333335
0.0036666666666666666
0.0026666666666666666
0.0023333333333333335
0.0033333333333333335
0.009333333333333334
0.008666666666666668
0.001
0.006333333333333334
0.0013333333333333333
0.039
0.007666666666666666
0.005
0.004
0.0016666666666666668
0.057
0.006333333333333334
0.004
0.068
0.0033333333333333335
0.010666666666666666
0.013
0.016666666666666666
0.006000000000000001
0.0033333333333333335
0.0013333333333333333
0.0016666666666666668
0.008
0.004
0.0030000000000000005
0.006333333333333333
0.006333333333333334
0.011000000000000001
0.004333333333333334
0.004666666666666667
0.013999999999999999
0.004666666666666667
0.0026666666666666666
0.0016666666666666668
0.004666666666666667
0.0030000000000000005
0.021333333333333333
0.018666666666666665
0.007666666666666666
0.002
0.0030000000000000005
0.0013333333333333333
0.004666666666666667
0.0013333333333333333
0.0036666666666666666
0.009333333333333334
0.021
0.005333333333333333
0.004666666666666667
0.0030000000000000005
0.0023333333333333335
0.0033333333333333335
0.0016666666666666668
0.011333333333333334
0.001
0.0026666666666666666
0.0016666666666666668
0.002
0.007
0.0036666666666666666
0.008666666666666666
0.0036666666666666666
0.015333333333333332
0.011666666666666665
0.0013333333333333333
0.0016666666666666668
0.006333333333333334
0.004666666666666666
0.002
0.0026666666666666666
0.020666666666666667
0.004666666666666667
0.002
0.0026666666666666666
0.002
0.012666666666666668
0.0013333333333333333
0.004
0.0033333333333333335
0.01
0.004
0.001
0.005333333333333333
0.017
0.012333333333333333
0.0013333333333333333
0.010666666666666666
0.012666666666666666
0.0036666666666666666
0.012666666666666666
0.006666666666666667
0.018666666666666668
0.0023333333333333335
0.028333333333333332
0.0023333333333333335
0.011000000000000001
0.0030000000000000005
0.02366666666666667
0.01
0.001
0.0026666666666666666
0.002
0.004
0.004
0.0030000000000000005
0.001
0.0013333333333333333
0.0016666666666666668
0.0013333333333333333
0.0023333333333333335
0.0026666666666666666
0.0023333333333333335
0.005333333333333333
0.05366666666666667
0.024333333333333335
0.0016666666666666668
0.0030000000000000005
0.0013333333333333333
0.004333333333333334
0.007
0.0036666666666666666
0.005666666666666667
0.005
0.0023333333333333335
0.013333333333333334
0.009666666666666665
0.0030000000000000005
0.012333333333333335
0.002
0.005333333333333333
0.008333333333333333
0.004666666666666667
0.0033333333333333335
0.0033333333333333335
0.0026666666666666666
0.0026666666666666666
0.0016666666666666668
0.001
0.0013333333333333333
0.0013333333333333333
0.0023333333333333335
0.0013333333333333333
0.004
0.004
0.0026666666666666666
0.04
0.004333333333333334
0.001
0.0023333333333333335
0.0033333333333333335
0.0013333333333333333
0.004666666666666667
0.0026666666666666666
0.0013333333333333333
0.009666666666666665
0.005
0.006666666666666667
0.028999999999999998
0.005333333333333333
0.001
0.002
0.0013333333333333333
0.0036666666666666666
0.0023333333333333335
0.004333333333333334
0.0016666666666666668
0.006333333333333333
0.02766666666666667
0.0030000000000000005
0.0013333333333333333
0.005
0.0036666666666666666
0.01933333333333333
0.0030000000000000005
0.057999999999999996
0.0036666666666666666
0.010333333333333333
0.0030000000000000005
0.0036666666666666666
0.002
6.666666666666666E-4
6.666666666666666E-4
0.007333333333333333
0.0026666666666666666
0.0013333333333333333
0.009333333333333332
0.006333333333333334
0.002
0.001
0.0016666666666666668
0.001
3.333333333333333E-4
0.03166666666666667
0.004
0.0030000000000000005
0.0023333333333333335
0.005666666666666667
0.0033333333333333335
0.0030000000000000005
0.01
0.029333333333333333
6.666666666666666E-4
0.0033333333333333335
0.04900000000000001
0.0026666666666666666
0.005333333333333333
0.0013333333333333333
0.0023333333333333335
0.035
0.0023333333333333335
0.006333333333333334
0.0036666666666666666
0.0033333333333333335
0.019
0.013666666666666666
0.004
0.018666666666666668
0.0026666666666666666
0.0023333333333333335
0.001
0.0036666666666666666
0.002
0.005666666666666667
0.007666666666666666
0.0016666666666666668
0.03466666666666667
0.008666666666666668
0.01
0.0026666666666666666
0.006000000000000001
0.0023333333333333335
0.0036666666666666666
0.0013333333333333333
0.001
6.666666666666666E-4
6.666666666666666E-4
0.004333333333333334
0.006666666666666667
0.0016666666666666668
6.666666666666666E-4
0.0033333333333333335
0.0016666666666666668
0.001
0.008
0.0030000000000000005
0.008333333333333333
0.002
0.0026666666666666666
0.0030000000000000005
0.01933333333333333
0.0016666666666666668
0.012666666666666666
0.0030000000000000005
0.0036666666666666666
0.0013333333333333333
0.002
0.007666666666666666
0.01
0.0013333333333333333
0.004333333333333334
0.004333333333333334
0.002
0.004
0.006333333333333334
0.005333333333333333
0.036
0.006333333333333334
0.0036666666666666666
0.010333333333333333
0.0026666666666666666
0.0033333333333333335
0.014333333333333332
0.005666666666666667
0.0026666666666666666
0.0036666666666666666
0.0026666666666666666
0.0013333333333333333
0.012666666666666666
0.0030000000000000005
0.006000000000000001
0.08366666666666667
0.0030000000000000005
0.0023333333333333335
0.028999999999999998
0.0023333333333333335
0.002
0.007
0.0016666666666666668
0.07
0.013999999999999999
0.0013333333333333333
0.0036666666666666666
0.0013333333333333333
0.055999999999999994
0.011333333333333334
0.0036666666666666666
0.004666666666666667
0.008
0.011666666666666665
0.0033333333333333335
0.012000000000000002
0.0013333333333333333
0.005999999999999999
0.004666666666666666
0.030666666666666665
0.0016666666666666668
0.0036666666666666666
0.006666666666666667
0.004
0.0036666666666666666
0.004333333333333334
0.0023333333333333335
0.002
0.01
0.0023333333333333335
0.0033333333333333335
0.006999999999999999
0.009666666666666665
0.017
0.001
0.005333333333333333
0.009666666666666665
0.0026666666666666666
0.09899999999999999
0.018000000000000002
0.0013333333333333333
0.006333333333333334
0.006333333333333333
0.004333333333333334
0.004
0.004333333333333334
0.007
0.0016666666666666668
0.0023333333333333335
6.666666666666666E-4
0.004
0.006999999999999999
0.001
0.006999999999999999
0.008
0.0016666666666666668
0.006666666666666667
0.004666666666666667
0.011333333333333334
0.0023333333333333335
0.005666666666666667
0.0033333333333333335
0.004333333333333334
0.005
0.002
0.068
0.006333333333333334
0.0016666666666666668
0.011333333333333334
0.0026666666666666666
0.0016666666666666668
0.001
0.008333333333333333
0.009333333333333334
0.0016666666666666668
0.0026666666666666666
0.0013333333333333333
0.001
0.017
0.011333333333333332
0.0023333333333333335
0.004666666666666667
0.012000000000000002
0.004
0.0026666666666666666
0.008333333333333333
0.004333333333333334
0.0023333333333333335
0.006000000000000001
0.002
0.0026666666666666666
0.0033333333333333335
0.002
0.0026666666666666666
0.0013333333333333333
0.03366666666666667
0.005666666666666667
0.016
0.0016666666666666668
0.005
0.005333333333333333
0.0036666666666666666
0.007666666666666666
0.0013333333333333333
0.001
0.0030000000000000005
0.0013333333333333333
0.001
0.0023333333333333335
0.0026666666666666666
6.666666666666666E-4
0.005
0.030666666666666665
0.018000000000000002
0.008
0.006000000000000001
0.002
0.005666666666666667
0.0036666666666666666
0.0013333333333333333
0.0030000000000000005
0.0016666666666666668
0.006000000000000001
0.0036666666666666666
0.006333333333333333
0.0030000000000000005
0.0016666666666666668
0.0013333333333333333
0.002
0.0026666666666666666
0.005
0.0036666666666666666
0.005
0.007333333333333333
0.0016666666666666668
0.002
0.004
0.0036666666666666666
0.0036666666666666666
0.008666666666666668
0.0016666666666666668
0.002
0.004
6.666666666666666E-4
6.666666666666666E-4
0.001
0.018666666666666668
0.0023333333333333335
0.002
0.021666666666666667
0.018666666666666668
0.021
0.01
0.004333333333333334
0.004
0.002
0.0030000000000000005
0.014333333333333332
0.002
0.006666666666666667
0.028666666666666663
0.0026666666666666666
0.004
0.001
0.021666666666666667
0.0016666666666666668
0.002
0.004
0.004666666666666666
0.025000000000000005
0.008
0.0030000000000000005
0.006999999999999999
0.011333333333333334
0.009333333333333332
0.001
0.0013333333333333333
0.0030000000000000005
0.002
0.0026666666666666666
0.004333333333333334
0.002
0.002
0.0036666666666666666
0.0036666666666666666
0.006333333333333334
0.006000000000000001
0.0016666666666666668
0.0013333333333333333
0.0016666666666666668
0.008333333333333333
0.0030000000000000005
0.005333333333333333
0.004666666666666667
0.005
0.0016666666666666668
0.009666666666666665
0.006333333333333334
0.0016666666666666668
0.0023333333333333335
0.0016666666666666668
0.023999999999999997
0.002
0.0016666666666666668
0.013666666666666667
0.009333333333333334
0.0033333333333333335
0.0033333333333333335
0.0013333333333333333
0.02
0.009666666666666667
0.015333333333333332
0.0036666666666666666
0.004333333333333334
0.0030000000000000005
0.009666666666666665
0.0026666666666666666
0.0026666666666666666
0.0026666666666666666
0.03666666666666666
0.007
0.005333333333333333
0.0016666666666666668
0.006000000000000001
0.0030000000000000005
0.002
0.006333333333333333
0.005333333333333333
0.006333333333333333
0.0030000000000000005
0.0023333333333333335
0.0016666666666666668
0.010333333333333333
0.0030000000000000005
0.01
0.0023333333333333335
0.014333333333333332
0.0013333333333333333
0.002
0.0033333333333333335
0.005
0.006333333333333334
0.0036666666666666666
0.036000000000000004
0.0013333333333333333
0.006333333333333333
0.008666666666666668
0.002
0.0026666666666666666
0.004666666666666667
0.002
0.0023333333333333335
0.0013333333333333333
0.004666666666666667
0.0036666666666666666
0.004333333333333334
0.0030000000000000005
0.0023333333333333335
0.0016666666666666668
0.0013333333333333333
0.001
0.0023333333333333335
0.0030000000000000005
0.013333333333333334
0.049666666666666665
0.006000000000000001
0.0016666666666666668
0.004333333333333334
0.0030000000000000005
0.002
0.0033333333333333335
0.0023333333333333335
0.004333333333333334
0.03333333333333333
0.002
0.0013333333333333333
0.0023333333333333335
0.0016666666666666668
0.0026666666666666666
0.0016666666666666668
0.0016666666666666668
0.006999999999999999
0.001
0.007666666666666666
0.0013333333333333333
0.0030000000000000005
0.0023333333333333335
0.002
0.004666666666666667
0.05333333333333334
0.016
0.0023333333333333335
0.0026666666666666666
0.03833333333333333
0.002
0.0033333333333333335
0.011000000000000001
0.001
0.001
0.001
0.006333333333333334
0.0023333333333333335
0.0026666666666666666
0.004333333333333334
0.0036666666666666666
0.008
0.04066666666666666
0.03266666666666667
0.008666666666666668
0.030333333333333334
0.006333333333333334
0.0016666666666666668
0.04133333333333333
0.0013333333333333333
0.0013333333333333333
0.0013333333333333333
0.013666666666666666
0.002
0.001
0.0030000000000000005
0.0036666666666666666
0.0030000000000000005
0.0030000000000000005
0.0016666666666666668
0.012000000000000002
0.002
0.012333333333333333
0.009666666666666667
0.007
0.005666666666666667
0.0013333333333333333
0.0030000000000000005
0.0030000000000000005
0.004333333333333334
0.0013333333333333333
0.009333333333333332
0.006666666666666667
0.008666666666666666
0.043666666666666666
0.002
0.004
0.010666666666666666
0.004666666666666667
0.0016666666666666668
0.001
0.0013333333333333333
0.002
0.0013333333333333333
0.0030000000000000005
0.004666666666666667
0.014333333333333332
0.004333333333333334
0.001
0.007666666666666666
0.004333333333333334
0.005333333333333333
0.009333333333333334
0.0026666666666666666
0.0036666666666666666
0.010666666666666666
0.012333333333333333
0.0033333333333333335
0.007666666666666666
0.001
0.001
0.053
0.0016666666666666668
0.021
0.014333333333333332
0.0013333333333333333
0.01
0.001
0.0013333333333333333
0.0023333333333333335
0.006666666666666667
0.006000000000000001
0.001
0.0026666666666666666
0.0026666666666666666
0.0033333333333333335
0.002
0.0036666666666666666
0.006000000000000001
0.011666666666666667
0.0013333333333333333
0.031
0.004
0.0026666666666666666
0.001
0.0016666666666666668
0.0036666666666666666
0.004333333333333334
0.0026666666666666666
0.05499999999999999
0.005
0.0016666666666666668
0.001
0.061
0.004333333333333334
0.006000000000000001
0.0033333333333333335
0.007666666666666666
0.0026666666666666666
0.002
0.0023333333333333335
0.0030000000000000005
0.007666666666666666
0.0036666666666666666
0.005666666666666667
0.007333333333333333
0.004
0.0023333333333333335
0.002
0.01
0.0033333333333333335
0.011333333333333334
0.01
0.002
0.0013333333333333333
0.0026666666666666666
0.0023333333333333335
0.002
0.004333333333333334
0.006999999999999999
0.0016666666666666668
0.0016666666666666668
0.007666666666666666
0.0013333333333333333
0.001
0.0016666666666666668
0.0013333333333333333
0.022000000000000002
0.007333333333333333
0.006333333333333333
0.011000000000000001
0.0026666666666666666
0.0026666666666666666
0.004333333333333334
0.01
0.03133333333333333
0.02
0.019666666666666666
0.0013333333333333333
0.025000000000000005
0.0023333333333333335
0.0036666666666666666
0.007333333333333333
0.0013333333333333333
0.004
0.009666666666666665
0.0036666666666666666
0.0023333333333333335
0.0033333333333333335
0.018333333333333333
0.0026666666666666666
0.0026666666666666666
0.009333333333333332
0.03166666666666667
0.002
0.002
0.007
0.01
0.016
0.005
0.006000000000000001
0.005666666666666667
0.0036666666666666666
0.011666666666666667
0.014333333333333332
0.0016666666666666668
0.002
0.003666666666666667
0.0016666666666666668
0.0030000000000000005
0.0016666666666666668
0.0013333333333333333
0.014666666666666666
0.009333333333333332
0.0023333333333333335
0.0016666666666666668
0.002
0.013333333333333334
0.0026666666666666666
0.011333333333333334
0.002
0.0023333333333333335
0.004
0.0013333333333333333
0.0030000000000000005
0.0026666666666666666
0.005666666666666667
0.015666666666666666
0.006666666666666667
0.007
0.005333333333333333
0.010666666666666666
0.0016666666666666668
0.0016666666666666668
0.009000000000000001
0.0013333333333333333
0.041666666666666664
0.0030000000000000005
0.05000000000000001
0.004333333333333334
0.011000000000000001
0.0023333333333333335
0.0030000000000000005
0.0030000000000000005
0.007
0.021333333333333333
0.002
0.004666666666666667
0.005
0.0030000000000000005
0.002
0.0016666666666666668
0.0036666666666666666
0.005
0.0013333333333333333
0.0023333333333333335
0.055333333333333325
0.002
0.009333333333333334
0.011666666666666667
0.010333333333333332
0.001
0.009
0.0036666666666666666
0.0036666666666666666
0.008
0.007
0.0013333333333333333
6.666666666666666E-4
0.001
0.004333333333333334
0.011999999999999999
0.05566666666666667
0.0036666666666666666
0.004
0.0016666666666666668
0.0033333333333333335
0.004
0.0026666666666666666
0.011000000000000001
0.06
0.007333333333333333
0.0030000000000000005
0.02
0.0023333333333333335
0.010333333333333333
0.0023333333333333335
0.005
0.007666666666666666
0.002
0.004666666666666667
0.002
0.006333333333333333
0.009
0.0023333333333333335
0.0023333333333333335
0.007333333333333333
0.0030000000000000005
0.009333333333333332
0.002
0.002
0.011666666666666667
0.004333333333333334
0.004
0.004
0.006999999999999999
0.006000000000000001
0.0026666666666666666
0.008666666666666668
0.0033333333333333335
0.005
0.019333333333333334
0.0030000000000000005
0.0023333333333333335
0.0036666666666666666
0.009000000000000001
0.0023333333333333335
0.024999999999999998
0.020666666666666667
0.005333333333333333
6.666666666666666E-4
0.007
0.004
0.0030000000000000005
0.016
0.0026666666666666666
0.0026666666666666666
0.007333333333333333
0.011000000000000001
0.011000000000000001
0.005333333333333333
0.0033333333333333335
0.0013333333333333333
0.002
0.010666666666666666
0.009333333333333332
0.0023333333333333335
0.0023333333333333335
0.0030000000000000005
0.004
0.0030000000000000005
0.018000000000000002
0.008333333333333333
0.0036666666666666666
0.004
0.005
0.002
0.005666666666666667
0.002
0.063
0.0030000000000000005
0.008333333333333333
0.0026666666666666666
0.020666666666666667
0.038666666666666676
0.0033333333333333335
0.006999999999999999
0.001
0.013666666666666667
0.0030000000000000005
0.001
0.008333333333333333
0.0013333333333333333
0.035
0.008333333333333333
0.0016666666666666668
0.0013333333333333333
0.011666666666666667
0.035
0.0013333333333333333
0.0033333333333333335
0.0036666666666666666
0.001
0.055333333333333325
0.0033333333333333335
0.014666666666666666
0.0026666666666666666
0.002
0.0026666666666666666
0.005666666666666667
0.0016666666666666668
0.02866666666666667
0.006333333333333334
0.0026666666666666666
0.0026666666666666666
0.0030000000000000005
0.002
0.0016666666666666668
0.008
0.0030000000000000005
0.042333333333333334
0.0023333333333333335
0.0036666666666666666
0.009666666666666665
0.006666666666666667
0.042333333333333334
0.0016666666666666668
0.001
0.001
0.004333333333333334
0.015
0.005
0.005333333333333333
0.0026666666666666666
0.0016666666666666668
0.0013333333333333333
0.004
0.0026666666666666666
0.018333333333333333
0.0016666666666666668
0.004333333333333334
0.0030000000000000005
0.002
0.004
0.002
0.008
0.002
0.0030000000000000005
0.0036666666666666666
0.0016666666666666668
0.004
0.009666666666666665
0.011000000000000001
0.004666666666666667
0.02033333333333333
0.0026666666666666666
0.02033333333333333
0.004333333333333334
0.028333333333333332
0.0030000000000000005
0.001
0.011333333333333334
0.015333333333333332
0.0030000000000000005
6.666666666666666E-4
0.0013333333333333333
6.666666666666666E-4
0.006000000000000001
0.002
0.006333333333333334
0.002
0.006999999999999999
0.03233333333333333
0.004333333333333334
0.028666666666666663
0.001
0.005
0.002
0.002
0.0026666666666666666
0.0023333333333333335
0.026
0.0033333333333333335
0.002
0.0013333333333333333
0.0033333333333333335
0.001
0.005
0.06033333333333333
0.0036666666666666666
0.004666666666666667
0.0023333333333333335
0.0013333333333333333
0.005
0.0026666666666666666
0.0023333333333333335
0.0026666666666666666
0.001
6.666666666666666E-4
0.02866666666666667
0.006333333333333334
0.0026666666666666666
0.004
0.042666666666666665
0.001
0.05000000000000001
0.015666666666666666
0.024000000000000004
0.0036666666666666666
0.007666666666666666
0.0013333333333333333
0.0026666666666666666
0.0013333333333333333
0.0013333333333333333
0.0030000000000000005
0.024000000000000004
0.018666666666666668
0.013333333333333334
0.01933333333333333
0.007333333333333333
0.007333333333333333
0.02
0.020666666666666667
0.0030000000000000005
0.0023333333333333335
0.0023333333333333335
0.0030000000000000005
0.0036666666666666666
0.0016666666666666668
0.017
6.666666666666666E-4
0.0033333333333333335
0.002
0.0013333333333333333
0.0013333333333333333
0.006333333333333334
0.001
0.0013333333333333333
0.006000000000000001
0.005
0.007666666666666666
0.018333333333333333
0.0023333333333333335
0.0026666666666666666
0.006666666666666667
0.001
0.009333333333333332
0.0013333333333333333
0.0026666666666666666
0.004666666666666667
0.0016666666666666668
0.0030000000000000005
0.0013333333333333333
0.009000000000000001
0.011000000000000001
0.005333333333333333
0.005333333333333333
0.005
0.021
0.0016666666666666668
0.0016666666666666668
0.002
0.001
0.0023333333333333335
0.0016666666666666668
0.004666666666666666
0.011000000000000001
0.002
0.005
0.0026666666666666666
0.011666666666666667
0.0023333333333333335
0.007333333333333333
0.01
0.009333333333333332
0.001
0.0030000000000000005
0.04833333333333333
0.006000000000000001
0.007333333333333333
0.0036666666666666666
0.013
0.0023333333333333335
0.010666666666666666
0.011000000000000001
0.019666666666666666
0.0026666666666666666
0.006000000000000001
0.061
0.0016666666666666668
0.007333333333333333
0.0036666666666666666
0.002
0.001
0.0030000000000000005
0.004333333333333334
0.005666666666666667
0.0033333333333333335
0.0013333333333333333
0.0030000000000000005
0.007666666666666666
0.0023333333333333335
0.0033333333333333335
0.009333333333333332
0.0016666666666666668
0.0023333333333333335
0.0013333333333333333
6.666666666666666E-4
0.011333333333333334
0.0033333333333333335
0.0026666666666666666
0.001
0.06666666666666667
0.0016666666666666668
0.0030000000000000005
0.014333333333333332
0.004666666666666667
0.0033333333333333335
0.011999999999999999
0.01
0.0036666666666666666
0.010666666666666666
0.04633333333333333
0.008666666666666666
0.004666666666666667
0.0036666666666666666
0.004
0.0013333333333333333
0.0036666666666666666
0.0013333333333333333
0.0013333333333333333
0.004
0.001
0.0023333333333333335
0.011000000000000001
0.042333333333333334
0.03133333333333333
0.008
0.005
0.005
0.002
0.0033333333333333335
0.0013333333333333333
0.0016666666666666668
0.001
0.010333333333333333
0.011666666666666665
0.0016666666666666668
0.006333333333333333
0.004333333333333334
0.0016666666666666668
0.005333333333333333
0.005
0.006666666666666667
0.017
0.0030000000000000005
0.0030000000000000005
0.0023333333333333335
0.005333333333333333
0.007666666666666666
0.006666666666666667
0.004333333333333334
0.0023333333333333335
0.002
0.039
0.0023333333333333335
0.026333333333333337
0.0033333333333333335
0.007666666666666666
0.017333333333333336
0.0013333333333333333
0.015
0.003666666666666667
0.0013333333333333333
0.0013333333333333333
0.004
0.003666666666666667
0.001
0.008333333333333333
0.0016666666666666668
0.0016666666666666668
0.002
0.010333333333333333
0.0013333333333333333
0.061
0.0030000000000000005
0.0036666666666666666
0.004
0.0026666666666666666
0.004333333333333334
0.0023333333333333335
0.001
0.001
0.03566666666666667
0.002
0.008
0.0013333333333333333
0.0026666666666666666
0.004666666666666667
0.0036666666666666666
0.0030000000000000005
0.01
0.018666666666666665
0.0023333333333333335
0.005333333333333333
0.007666666666666666
0.0023333333333333335
0.005666666666666667
0.013666666666666667
0.010333333333333333
0.004333333333333334
0.004666666666666667
0.005666666666666667
0.004333333333333334
0.002
0.0023333333333333335
0.001
0.0030000000000000005
0.001
0.006666666666666667
0.0013333333333333333
0.008
0.006333333333333334
0.0033333333333333335
0.018333333333333337
0.0023333333333333335
0.007333333333333333
0.0036666666666666666
6.666666666666666E-4
0.0023333333333333335
0.005333333333333333
0.001
0.004
0.002
0.021
0.0026666666666666666
0.0026666666666666666
0.005333333333333333
0.0026666666666666666
0.005666666666666667
0.006000000000000001
0.0033333333333333335
0.0036666666666666666
0.0026666666666666666
0.004666666666666667
0.0016666666666666668
0.013
0.0016666666666666668
0.005
0.0013333333333333333
0.010666666666666666
0.0033333333333333335
0.001
0.0026666666666666666
0.024666666666666667
0.005
0.007666666666666666
0.02
0.007333333333333333
0.0030000000000000005
0.006666666666666667
0.0023333333333333335
0.043666666666666666
0.004
0.001
0.001
0.006000000000000001
0.010333333333333333
0.0026666666666666666
0.005
0.002
0.0033333333333333335
0.0016666666666666668
0.006333333333333333
0.004333333333333334
0.012666666666666666
0.008333333333333333
0.034333333333333334
0.010333333333333333
0.0016666666666666668
0.0013333333333333333
0.004
0.0026666666666666666
0.0026666666666666666
6.666666666666666E-4
6.666666666666666E-4
0.0013333333333333333
0.019666666666666666
0.0030000000000000005
6.666666666666666E-4
0.005666666666666667
0.0016666666666666668
0.0013333333333333333
0.013666666666666667
0.002
0.0013333333333333333
0.005
0.015333333333333332
0.004333333333333334
0.018666666666666665
0.002
0.010333333333333333
0.002
0.005999999999999999
0.0023333333333333335
0.0013333333333333333
0.02766666666666667
0.005
0.005
0.0026666666666666666
0.051
0.05566666666666667
0.018000000000000002
0.004666666666666667
0.0033333333333333335
0.0030000000000000005
0.0013333333333333333
0.0030000000000000005
0.01
0.0013333333333333333
0.009
0.0016666666666666668
0.0023333333333333335
0.002
0.0033333333333333335
0.006333333333333334
0.006000000000000001
0.0013333333333333333
0.034
0.005
0.007666666666666666
0.002
0.010333333333333333
0.0013333333333333333
0.0033333333333333335
0.0013333333333333333
0.0033333333333333335
0.0023333333333333335
0.0030000000000000005
0.0033333333333333335
0.0026666666666666666
6.666666666666666E-4
0.0016666666666666668
0.005
0.0030000000000000005
0.004666666666666667
0.002
0.0013333333333333333
0.001
0.0026666666666666666
0.0030000000000000005
0.0036666666666666666
0.0030000000000000005
0.004
0.0013333333333333333
0.0033333333333333335
0.005
0.013333333333333334
0.0036666666666666666
0.006333333333333334
0.0016666666666666668
0.010333333333333333
0.004333333333333334
0.04
0.0016666666666666668
0.004333333333333334
0.005
0.0016666666666666668
0.007666666666666666
0.0030000000000000005
0.0013333333333333333
0.004666666666666667
0.0033333333333333335
0.0016666666666666668
0.005
0.0036666666666666666
0.007333333333333333
0.006333333333333333
6.666666666666666E-4
0.005666666666666667
0.04833333333333334
0.002
0.002
0.0026666666666666666
0.001
0.0026666666666666666
0.0023333333333333335
0.004333333333333334
0.007
0.0036666666666666666
0.03133333333333333
0.0036666666666666666
0.017666666666666667
0.0030000000000000005
0.006666666666666667
0.0023333333333333335
0.0033333333333333335
0.0013333333333333333
0.0033333333333333335
0.005666666666666667
0.009333333333333332
0.008333333333333333
0.0016666666666666668
0.004
0.0033333333333333335
0.009333333333333332
0.0033333333333333335
0.010666666666666666
0.0023333333333333335
0.006000000000000001
0.021
0.007333333333333333
0.0033333333333333335
0.0013333333333333333
0.002
0.001
3.333333333333333E-4
0.0026666666666666666
0.001
0.001
0.004666666666666667
6.666666666666666E-4
0.05466666666666667
0.0030000000000000005
0.002
0.005333333333333333
0.0036666666666666666
0.0023333333333333335
0.0013333333333333333
0.0033333333333333335
0.0023333333333333335
0.0033333333333333335
0.0036666666666666666
0.0030000000000000005
0.0023333333333333335
0.004333333333333334
0.007666666666666666
0.0033333333333333335
0.0033333333333333335
0.007666666666666666
0.002
0.001
0.0016666666666666668
0.004
0.004
0.005333333333333333
0.0036666666666666666
0.0033333333333333335
0.0036666666666666666
0.0016666666666666668
0.007333333333333333
0.002
0.0016666666666666668
0.011666666666666665
0.0033333333333333335
0.002
0.0036666666666666666
0.007333333333333333
0.0023333333333333335
0.0016666666666666668
0.023000000000000003
0.0030000000000000005
0.0033333333333333335
0.001
0.005666666666666667
0.0036666666666666666
0.0033333333333333335
0.006000000000000001
0.0016666666666666668
0.005
0.001
0.0026666666666666666
0.0030000000000000005
0.001
0.002
0.0026666666666666666
0.011333333333333334
0.03233333333333333
0.011000000000000001
0.004666666666666667
0.0036666666666666666
0.0030000000000000005
0.0026666666666666666
0.002
0.015666666666666666
0.011333333333333334
6.666666666666666E-4
0.0030000000000000005
0.0033333333333333335
0.0036666666666666666
0.002
0.018333333333333337
0.010666666666666666
0.004333333333333334
0.003666666666666667
0.001
0.0030000000000000005
0.008666666666666666
0.006333333333333333
0.0016666666666666668
0.0016666666666666668
0.008
0.0030000000000000005
0.002
0.0026666666666666666
0.011000000000000001
0.01
0.005
0.01
0.0033333333333333335
0.04133333333333333
0.006333333333333333
0.01
0.013333333333333334
0.014666666666666666
0.004
0.004333333333333334
0.0030000000000000005
0.0013333333333333333
0.018333333333333337
0.0013333333333333333
0.008666666666666668
0.0016666666666666668
0.0016666666666666668
0.0016666666666666668
0.0026666666666666666
0.0023333333333333335
0.005333333333333333
0.014333333333333332
0.002
0.0026666666666666666
0.001
0.0013333333333333333
6.666666666666666E-4
0.0016666666666666668
0.06933333333333334
0.0013333333333333333
0.0016666666666666668
0.002
6.666666666666666E-4
0.005333333333333333
0.0013333333333333333
0.004333333333333334
0.0033333333333333335
0.009000000000000001
0.022333333333333334
0.0013333333333333333
0.0033333333333333335
0.001
0.022000000000000002
0.010333333333333333
0.0030000000000000005
0.0033333333333333335
0.006333333333333333
0.0016666666666666668
0.0026666666666666666
0.002
0.004
0.0033333333333333335
0.004333333333333334
0.002
0.0016666666666666668
0.001
0.0016666666666666668
0.0033333333333333335
0.007
0.005666666666666667
0.0026666666666666666
0.016
0.0030000000000000005
0.008666666666666666
0.006000000000000001
0.006666666666666667
0.0016666666666666668
0.004
0.001
0.001
0.005666666666666667
0.0013333333333333333
0.0033333333333333335
0.001
0.012000000000000002
0.002
0.0033333333333333335
0.0026666666666666666
0.005666666666666667
0.004
0.017
0.0033333333333333335
0.0026666666666666666
0.004
0.004666666666666667
0.004666666666666666
0.0026666666666666666
0.018000000000000002
0.004666666666666667
0.0023333333333333335
0.0016666666666666668
0.0013333333333333333
0.03233333333333333
0.0013333333333333333
0.0036666666666666666
0.0016666666666666668
0.0013333333333333333
0.0023333333333333335
0.005333333333333333
0.0026666666666666666
0.0013333333333333333
0.0030000000000000005
0.004666666666666667
0.005333333333333333
0.0023333333333333335
0.0026666666666666666
0.0026666666666666666
0.008333333333333333
0.006999999999999999
0.007666666666666666
0.0016666666666666668
0.001
0.0033333333333333335
0.06933333333333334
0.005
0.008666666666666666
0.001
0.0036666666666666666
0.004
0.0030000000000000005
0.05933333333333333
0.009666666666666665
0.006000000000000001
0.002
0.0013333333333333333
0.0033333333333333335
0.001
0.03233333333333333
0.009666666666666665
0.005666666666666667
0.002
0.0016666666666666668
0.0030000000000000005
0.0030000000000000005
0.015333333333333332
0.004
0.008
0.0013333333333333333
0.0030000000000000005
0.001
0.011333333333333334
0.043333333333333335
0.0023333333333333335
0.0013333333333333333
0.004333333333333334
6.666666666666666E-4
0.004666666666666667
0.007
0.041666666666666664
0.012666666666666666
0.045000000000000005
0.001
0.005666666666666667
0.004666666666666666
0.009666666666666665
0.0033333333333333335
0.009666666666666665
0.0030000000000000005
0.004333333333333334
0.0026666666666666666
0.002
0.007666666666666666
0.0016666666666666668
0.0036666666666666666
0.0026666666666666666
0.005333333333333333
0.011666666666666667
0.0016666666666666668
0.011333333333333334
0.0026666666666666666
0.012000000000000002
0.006333333333333333
0.0033333333333333335
0.0026666666666666666
0.0016666666666666668
0.002
0.027333333333333334
0.0023333333333333335
0.001
0.007333333333333333
0.005333333333333333
0.017666666666666667
0.051333333333333335
0.002
0.0013333333333333333
0.0016666666666666668
0.0013333333333333333
0.001
0.004333333333333334
0.009666666666666667
0.006333333333333334
0.005666666666666667
0.021666666666666667
0.0013333333333333333
0.002
0.0013333333333333333
0.004666666666666667
0.005333333333333333
0.0013333333333333333
0.0026666666666666666
0.0016666666666666668
0.008
0.004666666666666667
0.009666666666666665
0.025333333333333333
0.0016666666666666668
0.004666666666666667
0.0016666666666666668
0.002
0.001
0.001
6.666666666666666E-4
0.005
0.0030000000000000005
0.002
0.0013333333333333333
0.014333333333333332
0.0016666666666666668
0.004666666666666667
0.0023333333333333335
0.004666666666666667
0.0016666666666666668
0.005
0.0016666666666666668
0.001
0.02033333333333333
0.006333333333333333
0.004
0.0036666666666666666
0.0026666666666666666
0.004
0.02
0.009666666666666665
0.004333333333333334
0.004666666666666667
0.001
0.007666666666666666
0.0036666666666666666
0.006666666666666667
0.0033333333333333335
0.006666666666666667
0.013
0.0023333333333333335
0.0026666666666666666
0.016
0.004333333333333334
0.019
0.008666666666666668
0.04533333333333334
0.007666666666666666
0.002
0.005666666666666667
0.004
0.0016666666666666668
0.0023333333333333335
0.001
0.006000000000000001
0.005333333333333333
0.02266666666666667
0.0013333333333333333
0.0016666666666666668
0.005666666666666667
0.004666666666666667
0.0036666666666666666
0.002
0.0026666666666666666
0.017
0.03266666666666667
0.007333333333333333
0.009666666666666665
0.0023333333333333335
0.009
0.0033333333333333335
0.0036666666666666666
0.0013333333333333333
0.021
0.006666666666666667
0.002
0.0016666666666666668
0.0016666666666666668
0.001
0.0023333333333333335
0.0013333333333333333
0.0030000000000000005
0.0023333333333333335
0.016
0.007
0.0016666666666666668
0.005666666666666667
0.0023333333333333335
0.004333333333333334
0.0023333333333333335
0.0026666666666666666
0.019
0.0023333333333333335
0.007666666666666666
0.042
0.0023333333333333335
0.0030000000000000005
0.002
0.019
0.005
0.03933333333333333
0.0013333333333333333
0.009
0.005
0.001
0.013999999999999999
0.0016666666666666668
6.666666666666666E-4
0.002
6.666666666666666E-4
0.0016666666666666668
0.007666666666666666
0.001
0.0030000000000000005
0.0013333333333333333
0.008
0.0013333333333333333
0.004333333333333334
0.0030000000000000005
0.0023333333333333335
0.006666666666666667
0.0023333333333333335
0.010666666666666666
0.0023333333333333335
0.021
0.004
0.008
0.0013333333333333333
0.001
0.0013333333333333333
0.017
0.002
0.004333333333333334
0.0030000000000000005
0.0013333333333333333
0.0016666666666666668
0.0023333333333333335
0.006000000000000001
0.014
0.001
0.005
0.0030000000000000005
0.0033333333333333335
0.0016666666666666668
0.0013333333333333333
0.0013333333333333333
0.0033333333333333335
0.0013333333333333333
0.004666666666666667
0.0013333333333333333
0.007333333333333333
0.028333333333333332
0.0033333333333333335
0.008
0.0016666666666666668
0.0033333333333333335
0.001
0.0023333333333333335
0.007333333333333333
0.011333333333333334
0.001
0.0016666666666666668
0.002
0.006000000000000001
0.0026666666666666666
0.008
0.07766666666666666
0.0023333333333333335
0.0023333333333333335
0.0023333333333333335
0.012000000000000002
0.001
0.004666666666666667
0.004
0.002
0.001
0.0016666666666666668
0.0016666666666666668
0.006666666666666667
6.666666666666666E-4
0.002
0.001
0.011666666666666667
0.004333333333333334
0.0026666666666666666
0.0030000000000000005
0.0016666666666666668
0.005333333333333333
0.005666666666666667
0.0030000000000000005
0.0033333333333333335
0.0033333333333333335
0.005666666666666667
0.0026666666666666666
0.002
0.005333333333333333
0.006666666666666667
0.042
0.012000000000000002
0.008333333333333333
0.0016666666666666668
0.0023333333333333335
0.001
0.012333333333333333
0.0026666666666666666
0.004
0.0016666666666666668
0.002
0.0023333333333333335
0.005666666666666667
0.014333333333333332
0.0016666666666666668
0.015
0.004666666666666667
0.010666666666666666
0.0023333333333333335
0.03366666666666667
0.006999999999999999
0.007
0.006000000000000001
0.0033333333333333335
0.0016666666666666668
0.0016666666666666668
0.0033333333333333335
0.005333333333333333
0.0013333333333333333
0.0033333333333333335
0.0026666666666666666
0.049999999999999996
0.002
0.006000000000000001
0.004666666666666666
0.002
0.0033333333333333335
0.016
0.0023333333333333335
0.011999999999999999
0.005
0.0033333333333333335
0.0013333333333333333
0.0030000000000000005
0.0013333333333333333
0.009
0.04733333333333334
0.009666666666666665
0.0013333333333333333
0.0030000000000000005
0.0030000000000000005
0.0023333333333333335
0.004333333333333334
0.007666666666666666
0.006000000000000001
0.0013333333333333333
0.006000000000000001
0.0036666666666666666
0.012000000000000002
0.0013333333333333333
0.005999999999999999
0.014333333333333332
0.0030000000000000005
0.0026666666666666666
0.0023333333333333335
0.0016666666666666668
0.0013333333333333333
0.0023333333333333335
0.0013333333333333333
0.0023333333333333335
0.018666666666666668
0.004
0.0033333333333333335
0.0033333333333333335
0.0016666666666666668
0.004666666666666667
0.0030000000000000005
0.0033333333333333335
0.029333333333333333
0.007
0.0026666666666666666
0.007333333333333333
0.007333333333333333
0.004
0.004333333333333334
0.025333333333333333
0.0013333333333333333
0.005
0.0036666666666666666
0.0023333333333333335
0.002
0.008666666666666668
0.0030000000000000005
0.0030000000000000005
0.016333333333333335
0.007333333333333333
0.005666666666666667
0.0026666666666666666
0.005333333333333333
0.0013333333333333333
0.006666666666666667
0.017666666666666667
0.002
0.004333333333333334
0.03666666666666667
0.03166666666666667
0.006000000000000001
0.0030000000000000005
0.0023333333333333335
0.004
0.005666666666666667
0.004666666666666667
0.0036666666666666666
0.009666666666666665
0.006000000000000001
0.004666666666666667
0.0013333333333333333
0.001
0.0013333333333333333
0.005
0.007333333333333333
0.0023333333333333335
0.006333333333333334
0.007666666666666666
0.004666666666666667
0.005333333333333333
0.0013333333333333333
0.013333333333333334
0.030333333333333334
0.0013333333333333333
0.002
0.004333333333333334
0.011666666666666667
0.038
0.007666666666666666
0.006333333333333334
0.012000000000000002
0.008333333333333333
0.008
0.004
0.005333333333333333
0.007666666666666666
0.0016666666666666668
0.0036666666666666666
0.008666666666666668
0.0036666666666666666
0.004333333333333334
0.006000000000000001
0.0036666666666666666
0.0030000000000000005
0.0023333333333333335
0.009333333333333332
0.0026666666666666666
0.0016666666666666668
0.004
0.004666666666666667
0.004666666666666666
0.0016666666666666668
0.004
0.0013333333333333333
0.005666666666666667
0.0013333333333333333
0.004333333333333334
0.0023333333333333335
0.002
0.0016666666666666668
0.0016666666666666668
0.059666666666666666
0.011000000000000001
0.0030000000000000005
0.004
0.001
0.0033333333333333335
0.004
0.002
0.0033333333333333335
0.001
0.08
0.004333333333333334
0.009333333333333334
0.004
0.0016666666666666668
0.0026666666666666666
0.002
0.0023333333333333335
0.002
0.0023333333333333335
0.0036666666666666666
0.008
0.0036666666666666666
0.007
0.0030000000000000005
0.008666666666666666
6.666666666666666E-4
0.0013333333333333333
0.0030000000000000005
0.002
0.0036666666666666666
0.0030000000000000005
0.013333333333333334
0.002
0.005
0.0016666666666666668
0.012666666666666666
0.0016666666666666668
0.0016666666666666668
0.001
0.002
0.004333333333333334
0.005666666666666667
0.005999999999999999
0.01833333333333333
0.0026666666666666666
0.0036666666666666666
0.002
0.0023333333333333335
0.006000000000000001
0.0036666666666666666
0.0026666666666666666
0.0016666666666666668
0.004666666666666667
0.005666666666666667
0.0026666666666666666
0.006666666666666667
0.0013333333333333333
0.006000000000000001
0.0023333333333333335
0.0026666666666666666
0.021
0.009666666666666665
0.0036666666666666666
0.0023333333333333335
0.006000000000000001
0.006000000000000001
0.014
0.008333333333333333
0.022000000000000002
0.0033333333333333335
0.006333333333333333
0.0016666666666666668
0.0013333333333333333
0.004666666666666667
0.006999999999999999
0.002
0.0036666666666666666
0.011333333333333334
0.0036666666666666666
0.0013333333333333333
0.0026666666666666666
0.02
0.004
0.005
0.017666666666666667
0.004666666666666667
0.005333333333333333
0.0030000000000000005
0.004
0.005666666666666667
0.0013333333333333333
0.002
0.0033333333333333335
0.005333333333333333
0.0016666666666666668
0.0036666666666666666
0.0026666666666666666
0.0013333333333333333
0.0030000000000000005
0.021333333333333333
0.006333333333333334
0.01
0.013
0.0016666666666666668
0.0026666666666666666
0.02366666666666667
0.002
0.0013333333333333333
0.0026666666666666666
0.041666666666666664
0.005333333333333333
0.0030000000000000005
0.010333333333333333
0.017333333333333336
0.0026666666666666666
0.0013333333333333333
0.0033333333333333335
0.0023333333333333335
0.0016666666666666668
0.0013333333333333333
0.004666666666666667
0.002
0.001
0.001
0.0016666666666666668
0.0013333333333333333
0.005666666666666667
0.0036666666666666666
0.0030000000000000005
0.0030000000000000005
0.0030000000000000005
0.005666666666666667
0.005
0.0023333333333333335
0.002
0.0036666666666666666
0.0023333333333333335
0.004
0.0033333333333333335
0.011333333333333334
0.0013333333333333333
0.0023333333333333335
0.002
0.007333333333333333
0.006000000000000001
0.0023333333333333335
0.005999999999999999
0.004666666666666667
0.001
0.005333333333333333
0.010333333333333333
0.005
0.0026666666666666666
0.006000000000000001
0.007666666666666666
0.004333333333333334
0.005333333333333333
0.01
0.0023333333333333335
0.0016666666666666668
0.017333333333333336
0.001
0.010666666666666666
0.0030000000000000005
0.0030000000000000005
0.0023333333333333335
0.0030000000000000005
0.0026666666666666666
6.666666666666666E-4
0.001
0.0023333333333333335
0.0023333333333333335
0.0036666666666666666
0.0026666666666666666
0.0030000000000000005
0.0036666666666666666
0.0023333333333333335
0.0026666666666666666
0.0023333333333333335
0.0026666666666666666
0.011666666666666667
0.007333333333333333
0.036
0.006666666666666667
0.0013333333333333333
0.002
0.015333333333333332
0.009
0.0030000000000000005
0.006000000000000001
0.07033333333333334
0.001
0.007333333333333333
0.0016666666666666668
0.0013333333333333333
0.001
0.0026666666666666666
0.004333333333333334
0.005
0.004666666666666667
0.012666666666666666
0.004
0.002
0.0033333333333333335
0.036000000000000004
0.005
0.043666666666666666
0.001
0.0036666666666666666
0.0023333333333333335
0.005333333333333333
0.0036666666666666666
0.0026666666666666666
0.006666666666666667
0.013999999999999999
0.004666666666666667
0.002
0.005
0.0026666666666666666
0.0036666666666666666
0.0036666666666666666
0.007
0.0013333333333333333
0.0026666666666666666
0.007333333333333333
0.0016666666666666668
0.007666666666666666
0.001
0.0016666666666666668
0.002
0.006666666666666667
0.0023333333333333335
0.007666666666666666
0.0023333333333333335
0.0033333333333333335
0.011333333333333334
0.008
0.0013333333333333333
0.004
0.004
0.0026666666666666666
0.007333333333333333
0.005333333333333333
0.004
0.005666666666666667
0.004
0.004
0.005666666666666667
0.009666666666666665
0.007
0.004333333333333334
0.006333333333333334
0.013
0.010333333333333333
0.004333333333333334
0.005333333333333333
0.005333333333333333
0.004
0.006666666666666665
0.0026666666666666666
0.0036666666666666666
0.0026666666666666666
0.011666666666666667
0.0030000000000000005
0.002
0.0033333333333333335
0.002
0.0016666666666666668
0.007666666666666666
0.007666666666666666
0.006000000000000001
0.005
0.006000000000000001
0.007333333333333333
0.0033333333333333335
0.006666666666666667
0.0026666666666666666
0.05433333333333334
0.007333333333333333
0.006000000000000001
0.0016666666666666668
0.008333333333333333
0.002
0.002
0.03833333333333333
0.0016666666666666668
0.0023333333333333335
0.005
0.005666666666666667
0.0026666666666666666
0.004333333333333334
0.0023333333333333335
0.004
0.009666666666666665
0.023000000000000003
0.004666666666666667
0.0016666666666666668
0.0016666666666666668
0.004333333333333334
0.0030000000000000005
0.011666666666666667
0.004666666666666667
0.011666666666666665
0.012000000000000002
0.0023333333333333335
0.006666666666666667
0.037
0.0016666666666666668
0.0016666666666666668
0.009333333333333334
0.009
0.0016666666666666668
0.0033333333333333335
0.004
0.005333333333333333
0.002
0.0033333333333333335
0.0030000000000000005
0.0016666666666666668
0.0013333333333333333
0.0023333333333333335
0.0016666666666666668
0.001
0.001
0.0033333333333333335
0.008333333333333333
0.001
0.004
0.0033333333333333335
0.004666666666666667
0.0030000000000000005
0.0030000000000000005
0.008666666666666668
0.004666666666666666
0.042666666666666665
0.0013333333333333333
0.009
0.004
0.007333333333333333
0.004666666666666667
0.004333333333333334
0.0023333333333333335
0.0036666666666666666
0.0030000000000000005
0.04
0.0033333333333333335
0.024000000000000004
0.0030000000000000005
0.002
0.036666666666666674
0.004666666666666666
0.001
0.004
0.0026666666666666666
0.0026666666666666666
0.0016666666666666668
0.0030000000000000005
0.008666666666666666
0.0016666666666666668
0.0013333333333333333
0.005
0.008666666666666668
0.0013333333333333333
0.015
0.0036666666666666666
0.001
0.001
0.0023333333333333335
0.004333333333333334
0.005333333333333333
0.002
0.0026666666666666666
0.0016666666666666668
0.021
0.002
0.006666666666666667
0.0016666666666666668
0.007333333333333333
0.001
0.0016666666666666668
0.0016666666666666668
0.0030000000000000005
0.0013333333333333333
0.004666666666666667
0.0030000000000000005
0.008333333333333333
0.002
0.004333333333333334
0.002
0.010666666666666666
0.0033333333333333335
0.005666666666666667
0.007
0.0016666666666666668
0.004333333333333334
0.0023333333333333335
0.001
0.010666666666666666
0.006999999999999999
0.028333333333333335
0.005666666666666667
0.009000000000000001
0.0030000000000000005
0.002
0.002
0.005333333333333333
0.0026666666666666666
0.0036666666666666666
0.010666666666666666
0.03
0.004
0.004666666666666667
0.013666666666666667
0.0030000000000000005
0.07333333333333332
0.006333333333333333
0.001
0.004333333333333334
0.0016666666666666668
0.005666666666666667
0.005666666666666667
0.0023333333333333335
0.006666666666666667
0.002
0.0033333333333333335
0.0030000000000000005
0.005666666666666667
0.009666666666666665
0.02266666666666667
0.004666666666666667
0.006333333333333334
0.034
0.02366666666666667
0.007666666666666666
0.0023333333333333335
0.007666666666666666
0.0013333333333333333
0.004
0.001
0.0023333333333333335
0.0033333333333333335
0.013333333333333334
0.006666666666666667
0.001
0.025333333333333333
0.0030000000000000005
0.005
0.007333333333333333
0.0036666666666666666
0.005666666666666667
0.012333333333333333
0.0036666666666666666
0.004666666666666666
0.010666666666666666
0.002
0.002
0.001
0.001
0.0016666666666666668
0.020666666666666667
0.0016666666666666668
0.0026666666666666666
0.062
0.015
0.0036666666666666666
0.009666666666666665
6.666666666666666E-4
0.0036666666666666666
0.057666666666666665
0.0013333333333333333
0.0013333333333333333
0.007666666666666666
0.011666666666666665
0.0026666666666666666
0.0016666666666666668
0.004
0.0013333333333333333
0.0033333333333333335
0.0023333333333333335
0.001
0.004
0.006000000000000001
0.0023333333333333335
0.0016666666666666668
0.0016666666666666668
0.0033333333333333335
0.004666666666666667
6.666666666666666E-4
0.0023333333333333335
0.007
0.0023333333333333335
0.0016666666666666668
0.0023333333333333335
0.007333333333333333
0.004666666666666667
0.007666666666666666
0.009
0.0013333333333333333
0.004666666666666667
0.005666666666666667
0.017
0.005
0.010333333333333333
0.005333333333333333
0.0013333333333333333
0.005333333333333333
0.021
0.02266666666666667
0.004333333333333334
0.011333333333333334
0.0036666666666666666
0.006000000000000001
0.002
0.021
0.011666666666666667
0.017666666666666667
0.008666666666666666
0.02
0.0033333333333333335
0.0036666666666666666
0.006333333333333334
0.037333333333333336
0.009
0.0013333333333333333
0.019
0.002
0.037000000000000005
0.008
0.0013333333333333333
0.009
0.0016666666666666668
0.0033333333333333335
0.0023333333333333335
0.004
0.0030000000000000005
0.001
0.0013333333333333333
0.007333333333333333
0.007
0.0013333333333333333
0.008333333333333333
0.008
0.0016666666666666668
0.0013333333333333333
0.0030000000000000005
0.0016666666666666668
0.004666666666666667
0.0030000000000000005
0.004
0.005333333333333333
0.0016666666666666668
0.0030000000000000005
0.0023333333333333335
0.0036666666666666666
0.016
0.0013333333333333333
0.04933333333333333
0.002
0.0016666666666666668
0.0013333333333333333
0.005333333333333333
0.0016666666666666668
0.005
0.011000000000000001
0.002
0.0033333333333333335
0.0016666666666666668
0.002
0.0036666666666666666
0.001
0.0016666666666666668
0.013999999999999999
0.007666666666666666
6.666666666666666E-4
0.002
0.0026666666666666666
0.008333333333333333
0.0033333333333333335
0.002
0.0013333333333333333
0.0026666666666666666
0.002
0.008
0.0033333333333333335
0.004333333333333334
0.0030000000000000005
0.0016666666666666668
0.050666666666666665
0.004
0.011000000000000001
0.004
0.011999999999999999
0.007
0.009000000000000001
0.0036666666666666666
0.0026666666666666666
0.002
0.029666666666666664
0.0023333333333333335
0.0026666666666666666
0.002
0.002
0.002
0.015333333333333332
0.004
0.0036666666666666666
0.004666666666666667
0.0030000000000000005
0.004
0.006333333333333333
0.0030000000000000005
0.0023333333333333335
0.0026666666666666666
0.0016666666666666668
0.053
0.006333333333333334
0.0013333333333333333
0.004666666666666667
0.005333333333333333
0.007666666666666666
0.0013333333333333333
0.0030000000000000005
0.012666666666666666
0.005
0.001
0.001
0.0013333333333333333
0.0026666666666666666
0.0026666666666666666
0.007666666666666666
0.009333333333333332
0.004
0.0033333333333333335
0.006000000000000001
0.01
0.0026666666666666666
0.006000000000000001
0.002
0.002
0.001
0.001
0.007666666666666666
0.0016666666666666668
0.004
0.022333333333333334
0.015333333333333332
0.0033333333333333335
0.0033333333333333335
0.0016666666666666668
0.007
0.0030000000000000005
0.004333333333333334
0.0026666666666666666
0.008666666666666666
0.0036666666666666666
0.0013333333333333333
0.0030000000000000005
0.012000000000000002
0.0013333333333333333
0.006333333333333334
0.004666666666666666
0.002
0.0023333333333333335
0.010333333333333333
0.013
0.0023333333333333335
0.001
0.005333333333333333
0.004333333333333334
0.0016666666666666668
0.0023333333333333335
0.0026666666666666666
0.005666666666666667
0.024333333333333335
0.0026666666666666666
0.012666666666666666
0.0026666666666666666
0.0023333333333333335
0.011666666666666667
0.004
0.006666666666666667
0.001
0.006000000000000001
0.002
0.004
0.01
0.005666666666666667
0.008
0.0026666666666666666
0.006000000000000001
0.006999999999999999
0.001
0.006666666666666667
0.004666666666666667
0.0036666666666666666
0.0013333333333333333
0.0026666666666666666
