0.6193333333333334
0.22899999999999998
0.25233333333333335
0.18099999999999997
0.16
0.07500000000000001
0.253
0.3666666666666667
0.09133333333333334
0.3933333333333333
0.07766666666666668
0.157
0.09166666666666667
0.13066666666666668
0.13533333333333333
0.13166666666666668
0.23966666666666667
0.161
0.2373333333333333
0.14933333333333332
0.35800000000000004
0.09866666666666668
0.08666666666666667
0.29433333333333334
0.17400000000000002
0.08
0.09033333333333333
0.15866666666666665
0.14466666666666664
0.24766666666666667
0.09366666666666668
0.27
0.162
0.15866666666666665
0.2833333333333334
0.154
0.11433333333333334
0.32633333333333336
0.10966666666666665
0.241
0.13833333333333334
0.248
0.16566666666666666
0.19666666666666668
0.09333333333333334
0.246
0.09266666666666667
0.3273333333333333
0.29900000000000004
0.17466666666666666
0.07533333333333332
0.08700000000000001
0.08933333333333333
0.43966666666666665
0.07166666666666667
0.272
0.26166666666666666
0.25333333333333335
0.21766666666666667
0.2383333333333333
0.24166666666666667
0.168
0.06733333333333334
0.06933333333333334
0.09233333333333334
0.06733333333333334
0.09066666666666667
0.06733333333333334
0.09366666666666668
0.14633333333333334
0.164
0.249
0.418
0.13733333333333334
0.16633333333333333
0.30233333333333334
0.10566666666666667
0.244
0.26266666666666666
0.24733333333333332
0.15933333333333333
0.06666666666666667
0.30233333333333334
0.16333333333333333
0.09500000000000001
0.4343333333333333
0.231
0.17800000000000002
0.38266666666666665
0.18133333333333335
0.07466666666666666
0.06733333333333334
0.23399999999999999
0.08233333333333333
0.15366666666666665
0.301
0.17166666666666666
0.08600000000000001
0.07733333333333332
0.321
0.33699999999999997
0.304
0.14833333333333334
0.16733333333333333
0.19166666666666665
0.38799999999999996
0.10666666666666667
0.14866666666666667
0.08466666666666667
0.08733333333333333
0.16166666666666665
0.13733333333333334
0.13899999999999998
0.083
0.14400000000000002
0.31266666666666665
0.15733333333333335
0.2836666666666667
0.299
0.09633333333333334
0.269
0.09133333333333334
0.09733333333333334
0.08933333333333333
0.065
0.12
0.08700000000000001
0.20333333333333334
0.14933333333333332
0.31833333333333336
0.256
0.23966666666666667
0.07433333333333335
0.129
0.07300000000000001
0.15666666666666665
0.07666666666666666
0.28
0.17133333333333334
0.06999999999999999
0.16733333333333333
0.157
0.166
0.2313333333333333
0.16966666666666666
0.07866666666666666
0.09500000000000001
0.09033333333333333
0.07200000000000001
0.08566666666666667
0.2336666666666667
0.06633333333333334
0.24133333333333332
0.25433333333333336
0.21999999999999997
0.27133333333333337
0.08466666666666667
0.083
0.135
0.14033333333333334
0.1396666666666667
0.08933333333333333
0.2933333333333333
0.16033333333333333
0.06966666666666667
0.159
0.08900000000000001
0.227
0.08800000000000001
0.14766666666666664
0.4266666666666666
0.2806666666666666
0.09233333333333334
0.1366666666666667
0.13633333333333333
0.226
0.16266666666666665
0.171
0.07333333333333332
0.268
0.03833333333333333
0.106
0.291
0.284
0.26033333333333336
0.16766666666666666
0.20866666666666667
0.164
0.15933333333333333
0.069
0.2836666666666667
0.145
0.13466666666666668
0.16266666666666665
0.132
0.08633333333333333
0.29633333333333334
0.121
0.109
0.059
0.08933333333333333
0.102
0.27233333333333337
0.154
0.14733333333333332
0.069
0.06733333333333334
0.07633333333333332
0.30833333333333335
0.151
0.066
0.083
0.4126666666666667
0.09266666666666667
0.09133333333333334
0.08833333333333333
0.075
0.21166666666666667
0.2026666666666667
0.26099999999999995
0.28733333333333333
0.08900000000000001
0.22466666666666668
0.05933333333333333
0.12133333333333333
0.082
0.238
0.18233333333333335
0.08266666666666667
0.1376666666666667
0.14400000000000002
0.272
0.09666666666666666
0.15633333333333332
0.136
0.2796666666666667
0.27133333333333337
0.10066666666666668
0.25433333333333336
0.16233333333333333
0.17033333333333334
0.10566666666666667
0.26366666666666666
0.07966666666666668
0.22766666666666668
0.14766666666666664
0.14800000000000002
0.24133333333333332
0.152
0.206
0.07266666666666667
0.22633333333333336
0.3136666666666667
0.37233333333333335
0.08033333333333333
0.06666666666666667
0.07366666666666667
0.15533333333333332
0.08433333333333333
0.06266666666666666
0.07
0.15333333333333332
0.16833333333333333
0.069
0.22233333333333336
0.06433333333333334
0.06866666666666667
0.14
0.07400000000000001
0.13133333333333333
0.08333333333333333
0.08933333333333333
0.2283333333333333
0.057333333333333326
0.4403333333333333
0.3546666666666667
0.104
0.09733333333333333
0.321
0.15133333333333335
0.08900000000000001
0.08033333333333333
0.09200000000000001
0.08866666666666667
0.18400000000000002
0.19333333333333336
0.07033333333333334
0.31433333333333335
0.331
0.2896666666666667
0.19733333333333336
0.09899999999999999
0.20299999999999999
0.08766666666666667
0.3033333333333333
0.259
0.32233333333333336
0.19433333333333333
0.299
0.334
0.11266666666666665
0.3933333333333333
0.4633333333333334
0.36166666666666664
0.18200000000000002
0.09633333333333334
0.18100000000000002
0.30633333333333335
0.32699999999999996
0.43333333333333335
0.3153333333333333
0.22133333333333335
0.18299999999999997
0.3133333333333333
0.10933333333333334
0.25233333333333335
0.24166666666666667
0.07066666666666667
0.15666666666666665
0.25933333333333336
0.16566666666666666
0.245
0.15466666666666665
0.153
0.06933333333333334
0.09933333333333333
0.26933333333333337
0.37366666666666665
0.17033333333333334
0.303
0.281
0.335
0.10433333333333333
0.24466666666666667
0.3473333333333333
0.10366666666666667
0.09066666666666667
0.3593333333333333
0.09900000000000002
0.07866666666666666
0.16266666666666665
0.169
0.17499999999999996
0.1723333333333333
0.09966666666666668
0.09733333333333334
0.08733333333333333
0.456
0.103
0.09633333333333334
0.155
0.082
0.065
0.09100000000000001
0.17033333333333334
0.161
0.153
0.08866666666666667
0.08900000000000001
0.1413333333333333
0.136
0.125
0.2996666666666667
0.09999999999999999
0.16733333333333333
0.37133333333333335
0.2343333333333333
0.2826666666666666
0.3133333333333333
0.26599999999999996
0.22699999999999998
0.07266666666666666
0.07066666666666667
0.238
0.09000000000000001
0.08166666666666667
0.32966666666666666
0.09166666666666667
0.42300000000000004
0.2916666666666667
0.102
0.09666666666666666
0.07300000000000001
0.17600000000000002
0.2816666666666667
0.15933333333333333
0.07266666666666666
0.16833333333333333
0.19233333333333333
0.33266666666666667
0.17766666666666667
0.09000000000000001
0.38133333333333336
0.083
0.08433333333333333
0.14533333333333331
0.09200000000000001
0.08533333333333333
0.08666666666666667
0.07766666666666666
0.3933333333333333
0.2643333333333333
0.254
0.24433333333333332
0.14933333333333335
0.12333333333333334
0.15
0.08866666666666667
0.145
0.123
0.14566666666666664
0.07466666666666666
0.23566666666666666
0.457
0.09833333333333333
0.07
0.291
0.09233333333333334
0.08733333333333333
0.16233333333333333
0.08333333333333333
0.169
0.08766666666666667
0.07866666666666666
0.08933333333333333
0.2903333333333334
0.25433333333333336
0.09233333333333334
0.136
0.155
0.16333333333333333
0.20533333333333334
0.15466666666666665
0.08366666666666667
0.1376666666666667
0.36599999999999994
0.10233333333333335
0.15433333333333332
0.08800000000000001
0.07533333333333334
0.12133333333333333
0.16733333333333333
0.06633333333333334
0.153
0.14333333333333334
0.39166666666666666
0.15566666666666665
0.09200000000000001
0.08066666666666666
0.09533333333333334
0.31833333333333336
0.19933333333333336
0.17033333333333334
0.312
0.42366666666666664
0.2956666666666667
0.2603333333333333
0.30833333333333335
0.455
0.3553333333333333
0.23199999999999998
0.24733333333333332
0.09633333333333334
0.16666666666666666
0.08900000000000001
0.2846666666666666
0.09233333333333334
0.16866666666666666
0.09000000000000001
0.14233333333333334
0.2763333333333333
0.258
0.09299999999999999
0.09566666666666668
0.25733333333333336
0.32033333333333336
0.11166666666666665
0.26933333333333337
0.26566666666666666
0.27799999999999997
0.29800000000000004
0.10166666666666667
0.22966666666666666
0.42366666666666664
0.19566666666666666
0.23566666666666666
0.238
0.05933333333333333
0.2876666666666667
0.3076666666666667
0.307
0.3056666666666667
0.13633333333333333
0.06866666666666667
0.157
0.162
0.282
0.10133333333333334
0.25166666666666665
0.43533333333333335
0.09233333333333334
0.08533333333333333
0.40900000000000003
0.251
0.14766666666666667
0.1386666666666667
0.23933333333333331
0.15433333333333332
0.06866666666666667
0.289
0.3
0.10100000000000002
0.06733333333333334
0.144
0.08633333333333333
0.19966666666666666
0.07033333333333334
0.14666666666666664
0.289
0.25233333333333335
0.15633333333333332
0.292
0.16166666666666665
0.09200000000000001
0.3623333333333334
0.17800000000000002
0.43533333333333335
0.29066666666666663
0.25466666666666665
0.08933333333333332
0.15566666666666665
0.4463333333333333
0.29033333333333333
0.167
0.07566666666666667
0.223
0.078
0.35766666666666663
0.17533333333333334
0.23133333333333336
0.15266666666666664
0.4036666666666667
0.16833333333333333
0.3273333333333333
0.19733333333333333
0.32
0.299
0.4486666666666667
0.073
0.327
0.16133333333333333
0.2843333333333334
0.41133333333333333
0.3336666666666667
0.11033333333333334
0.07133333333333335
0.24033333333333332
0.245
0.246
0.08166666666666667
0.262
0.3296666666666667
0.26666666666666666
0.24866666666666667
0.09200000000000001
0.138
0.235
0.06166666666666667
0.14666666666666664
0.07200000000000001
0.14533333333333334
0.06066666666666667
0.222
0.15433333333333332
0.073
0.07500000000000001
0.07866666666666666
0.25266666666666665
0.24933333333333332
0.25866666666666666
0.09100000000000001
0.23566666666666666
0.078
0.16133333333333333
0.08066666666666666
0.27066666666666667
0.214
0.264
0.17033333333333334
0.08800000000000001
0.08833333333333333
0.42700000000000005
0.08333333333333333
0.10533333333333333
0.16533333333333333
0.166
0.17266666666666666
0.21933333333333335
0.056666666666666664
0.4166666666666667
0.23299999999999998
0.08800000000000001
0.134
0.2916666666666667
0.16533333333333333
0.08166666666666667
0.20000000000000004
0.085
0.28633333333333333
0.25733333333333336
0.11399999999999999
0.21366666666666667
0.2816666666666667
0.107
0.24066666666666667
0.2363333333333333
0.33899999999999997
0.2273333333333333
0.24666666666666667
0.239
0.20600000000000004
0.07166666666666667
0.4026666666666667
0.19533333333333336
0.08166666666666667
0.14033333333333334
0.16
0.08866666666666667
0.2816666666666667
0.2953333333333333
0.17666666666666667
0.07033333333333334
0.12633333333333333
0.165
0.05933333333333333
0.23666666666666666
0.11133333333333333
0.09000000000000001
0.07833333333333332
0.2836666666666667
0.28733333333333333
0.09200000000000001
0.27899999999999997
0.2826666666666667
0.26766666666666666
0.09166666666666666
0.17200000000000001
0.24233333333333332
0.082
0.155
0.137
0.1396666666666667
0.07733333333333332
0.07100000000000001
0.084
0.08466666666666667
0.11866666666666666
0.1396666666666667
0.217
0.3666666666666667
0.09899999999999999
0.35700000000000004
0.16866666666666666
0.36833333333333335
0.10100000000000002
0.37466666666666665
0.35766666666666663
0.10033333333333333
0.08900000000000001
0.2876666666666667
0.22266666666666665
0.24133333333333332
0.211
0.2996666666666667
0.107
0.14966666666666664
0.139
0.17400000000000002
0.16
0.16533333333333333
0.256
0.16066666666666665
0.22066666666666668
0.09466666666666666
0.07666666666666666
0.06833333333333334
0.33899999999999997
0.10099999999999999
0.07633333333333332
0.16233333333333333
0.15933333333333333
0.26866666666666666
0.16633333333333333
0.39366666666666666
0.297
0.2543333333333333
0.09166666666666667
0.27666666666666667
0.4376666666666667
0.282
0.16333333333333333
0.07066666666666667
0.08633333333333333
0.22933333333333336
0.07200000000000001
0.078
0.158
0.403
0.16133333333333333
0.07966666666666666
0.06333333333333334
0.345
0.328
0.107
0.2823333333333333
0.09466666666666668
0.085
0.19200000000000003
0.16366666666666665
0.07366666666666666
0.2856666666666667
0.15166666666666667
0.17
0.134
0.07733333333333332
0.08366666666666667
0.08666666666666667
0.08966666666666667
0.07233333333333333
0.08766666666666667
0.156
0.08600000000000001
0.36333333333333334
0.454
0.36966666666666664
0.4166666666666667
0.325
0.37000000000000005
0.16133333333333333
0.17099999999999996
0.14833333333333332
0.22666666666666668
0.27266666666666667
0.24933333333333332
0.29833333333333334
0.27299999999999996
0.09366666666666668
0.09033333333333333
0.066
0.27366666666666667
0.2673333333333333
0.244
0.2836666666666667
0.3466666666666667
0.22066666666666668
0.21866666666666668
0.08233333333333333
0.22799999999999998
0.14266666666666664
0.06266666666666666
0.064
0.08733333333333333
0.29066666666666663
0.26466666666666666
0.163
0.15033333333333332
0.152
0.4046666666666667
0.44799999999999995
0.155
0.09000000000000001
0.3293333333333333
0.20833333333333334
0.302
0.17933333333333334
0.07166666666666667
0.085
0.21966666666666668
0.19166666666666665
0.22266666666666668
0.31
0.2976666666666667
0.278
0.17300000000000001
0.317
0.19333333333333336
0.2753333333333333
0.251
0.2363333333333333
0.18166666666666667
0.15066666666666664
0.069
0.146
0.29233333333333333
0.17166666666666666
0.06766666666666667
0.09333333333333334
0.08700000000000001
0.18800000000000003
0.084
0.069
0.36133333333333334
0.15433333333333332
0.24633333333333332
0.22366666666666668
0.16666666666666666
0.288
0.10866666666666668
0.29000000000000004
0.09899999999999999
0.09100000000000001
0.14333333333333334
0.2813333333333333
0.18000000000000002
0.20299999999999999
0.14433333333333334
0.077
0.09666666666666668
0.08533333333333333
0.4323333333333333
0.06766666666666667
0.4376666666666667
0.1386666666666667
0.1416666666666667
0.14400000000000002
0.077
0.07033333333333334
0.301
0.10566666666666667
0.2896666666666667
0.10899999999999999
0.15633333333333332
0.07733333333333334
0.17266666666666666
0.17800000000000002
0.17800000000000002
0.078
0.41933333333333334
0.07966666666666666
0.4376666666666667
0.438
0.453
0.09933333333333334
0.09966666666666667
0.06533333333333334
0.08933333333333333
0.15033333333333332
0.22366666666666668
0.08366666666666667
0.06433333333333334
0.08866666666666667
0.07566666666666667
0.08966666666666667
0.19166666666666665
0.07333333333333335
0.09033333333333333
0.08733333333333333
0.38566666666666666
0.47900000000000004
0.06533333333333334
0.068
0.075
0.09233333333333334
0.307
0.103
0.08666666666666667
0.09666666666666668
0.09266666666666667
0.08766666666666667
0.32066666666666666
0.3423333333333334
0.21
0.3446666666666666
0.109
0.17233333333333334
0.13833333333333334
0.27666666666666667
0.441
0.08366666666666667
0.07966666666666666
0.241
0.2906666666666667
0.27599999999999997
0.29433333333333334
0.39399999999999996
0.084
0.08600000000000001
0.171
0.1376666666666667
0.08633333333333333
0.14966666666666664
0.08933333333333333
0.14033333333333334
0.2816666666666667
0.2613333333333333
0.2223333333333333
0.08933333333333333
0.09033333333333333
0.17899999999999996
0.09799999999999999
0.29433333333333334
0.168
0.07533333333333332
0.219
0.08766666666666667
0.24866666666666667
0.15
0.14266666666666666
0.065
0.09400000000000001
0.1506666666666667
0.30666666666666664
0.2283333333333333
0.297
0.16833333333333333
0.33666666666666667
0.102
0.14933333333333332
0.3216666666666667
0.36933333333333335
0.25233333333333335
0.13833333333333334
0.15366666666666665
0.15666666666666665
0.07066666666666667
0.15633333333333332
0.17
0.15933333333333333
0.07500000000000001
0.4296666666666667
0.15433333333333332
0.422
0.07666666666666667
0.15366666666666665
0.18266666666666667
0.3196666666666667
0.10733333333333332
0.14266666666666666
0.24266666666666667
0.08966666666666667
0.236
0.08
0.19066666666666668
0.13966666666666666
