0.0026666666666666666
0.001
0.015666666666666666
0.02866666666666667
0.001
0.007
0.001
0.0013333333333333333
6.666666666666666E-4
0.0013333333333333333
0.0013333333333333333
0.004
0.006000000000000001
0.001
0.001
0.008
0.005
0.010666666666666666
0.004
0.0013333333333333333
0.001
0.0033333333333333335
3.333333333333333E-4
6.666666666666666E-4
0.004666666666666667
6.666666666666666E-4
3.333333333333333E-4
0.004666666666666667
6.666666666666666E-4
6.666666666666666E-4
6.666666666666666E-4
0.037666666666666675
0.005
0.005666666666666667
0.030333333333333334
6.666666666666666E-4
0.04800000000000001
0.002
3.333333333333333E-4
0.002
3.333333333333333E-4
0.016333333333333335
0.038
0.0016666666666666668
0.0033333333333333335
0.0033333333333333335
0.0016666666666666668
0.005
0.0013333333333333333
3.333333333333333E-4
0.010666666666666666
0.0036666666666666666
0.0033333333333333335
6.666666666666666E-4
3.333333333333333E-4
0.015
0.010666666666666666
0.036666666666666674
0.0013333333333333333
0.001
3.333333333333333E-4
0.0023333333333333335
0.002
3.333333333333333E-4
0.005
0.04633333333333334
0.04466666666666667
3.333333333333333E-4
0.006666666666666667
0.036
0.06866666666666667
0.005666666666666667
0.016333333333333335
0.009333333333333332
0.012333333333333333
0.0
0.012333333333333333
6.666666666666666E-4
6.666666666666666E-4
0.005333333333333333
0.001
3.333333333333333E-4
6.666666666666666E-4
3.333333333333333E-4
6.666666666666666E-4
3.333333333333333E-4
0.004333333333333334
0.010666666666666666
3.333333333333333E-4
0.005666666666666667
0.008
6.666666666666666E-4
3.333333333333333E-4
6.666666666666666E-4
0.0033333333333333335
0.0016666666666666668
0.005666666666666667
0.005666666666666667
0.0013333333333333333
0.01833333333333333
0.0016666666666666668
0.005333333333333333
0.021666666666666667
0.008
3.333333333333333E-4
0.006000000000000001
3.333333333333333E-4
6.666666666666666E-4
0.0023333333333333335
0.008
3.333333333333333E-4
3.333333333333333E-4
0.03766666666666666
3.333333333333333E-4
6.666666666666666E-4
0.043333333333333335
0.011666666666666667
3.333333333333333E-4
0.01333333333333333
0.008666666666666666
0.006333333333333334
0.004333333333333334
0.008666666666666668
0.0026666666666666666
3.333333333333333E-4
3.333333333333333E-4
0.007
0.001
3.333333333333333E-4
0.008666666666666668
0.018
0.0016666666666666668
3.333333333333333E-4
0.0013333333333333333
6.666666666666666E-4
0.004666666666666667
0.0026666666666666666
0.020666666666666667
0.0030000000000000005
3.333333333333333E-4
3.333333333333333E-4
3.333333333333333E-4
3.333333333333333E-4
3.333333333333333E-4
0.008666666666666666
3.333333333333333E-4
0.007666666666666666
0.0013333333333333333
0.009666666666666665
6.666666666666666E-4
3.333333333333333E-4
0.006666666666666667
6.666666666666666E-4
3.333333333333333E-4
0.002
0.02
3.333333333333333E-4
3.333333333333333E-4
3.333333333333333E-4
3.333333333333333E-4
0.0023333333333333335
0.006000000000000001
3.333333333333333E-4
0.09333333333333334
3.333333333333333E-4
0.011333333333333334
0.0016666666666666668
0.002
3.333333333333333E-4
0.001
3.333333333333333E-4
0.005
3.333333333333333E-4
0.002
0.024333333333333335
3.333333333333333E-4
3.333333333333333E-4
3.333333333333333E-4
0.0
0.004333333333333334
3.333333333333333E-4
0.008
0.0030000000000000005
3.333333333333333E-4
3.333333333333333E-4
3.333333333333333E-4
6.666666666666666E-4
0.03266666666666667
0.026333333333333334
3.333333333333333E-4
6.666666666666666E-4
3.333333333333333E-4
0.007
0.0033333333333333335
0.09100000000000001
0.009333333333333332
3.333333333333333E-4
0.023333333333333334
0.050666666666666665
0.04733333333333334
0.010666666666666666
3.333333333333333E-4
0.052
6.666666666666666E-4
0.015666666666666666
6.666666666666666E-4
0.006000000000000001
0.0026666666666666666
3.333333333333333E-4
6.666666666666666E-4
0.010666666666666666
0.0026666666666666666
3.333333333333333E-4
3.333333333333333E-4
6.666666666666666E-4
3.333333333333333E-4
6.666666666666666E-4
0.06333333333333334
3.333333333333333E-4
0.04533333333333334
6.666666666666666E-4
3.333333333333333E-4
0.005666666666666667
0.005333333333333333
0.020666666666666667
0.007333333333333333
0.015333333333333332
0.005666666666666667
0.006333333333333334
3.333333333333333E-4
0.0030000000000000005
3.333333333333333E-4
3.333333333333333E-4
3.333333333333333E-4
0.043000000000000003
6.666666666666666E-4
0.006000000000000001
3.333333333333333E-4
0.005333333333333333
0.0036666666666666666
3.333333333333333E-4
0.0036666666666666666
0.04966666666666667
6.666666666666666E-4
0.004333333333333334
6.666666666666666E-4
0.005666666666666667
0.004666666666666667
0.06766666666666667
0.010333333333333333
0.001
6.666666666666666E-4
0.004333333333333334
0.030666666666666665
3.333333333333333E-4
3.333333333333333E-4
0.010666666666666666
0.028999999999999998
0.0026666666666666666
0.021333333333333333
0.054
0.015666666666666666
0.02
0.019
0.0013333333333333333
0.014
3.333333333333333E-4
0.005666666666666667
0.0026666666666666666
0.0026666666666666666
0.009666666666666665
0.057666666666666665
3.333333333333333E-4
0.0013333333333333333
0.0030000000000000005
0.005
0.002
0.006333333333333333
0.002
3.333333333333333E-4
6.666666666666666E-4
0.0036666666666666666
0.024999999999999998
0.02266666666666667
0.015333333333333332
0.006333333333333334
6.666666666666666E-4
0.006000000000000001
0.025666666666666667
0.0033333333333333335
6.666666666666666E-4
3.333333333333333E-4
6.666666666666666E-4
6.666666666666666E-4
6.666666666666666E-4
3.333333333333333E-4
0.025000000000000005
0.004666666666666667
0.03733333333333333
0.0016666666666666668
6.666666666666666E-4
0.0026666666666666666
3.333333333333333E-4
0.016
0.02266666666666667
0.005666666666666667
6.666666666666666E-4
0.004333333333333334
6.666666666666666E-4
0.007333333333333333
0.004333333333333334
0.031
0.001
3.333333333333333E-4
3.333333333333333E-4
3.333333333333333E-4
6.666666666666666E-4
0.04633333333333334
0.0026666666666666666
0.0026666666666666666
0.005333333333333333
6.666666666666666E-4
3.333333333333333E-4
0.005
0.0026666666666666666
6.666666666666666E-4
0.002
0.021
6.666666666666666E-4
3.333333333333333E-4
3.333333333333333E-4
0.0013333333333333333
3.333333333333333E-4
0.002
0.0026666666666666666
3.333333333333333E-4
3.333333333333333E-4
6.666666666666666E-4
0.015666666666666666
6.666666666666666E-4
0.0016666666666666668
0.03333333333333333
0.008
3.333333333333333E-4
0.001
0.04900000000000001
6.666666666666666E-4
3.333333333333333E-4
6.666666666666666E-4
3.333333333333333E-4
0.063
0.001
3.333333333333333E-4
0.02466666666666667
6.666666666666666E-4
3.333333333333333E-4
0.006333333333333333
3.333333333333333E-4
0.037
0.009
0.009666666666666665
6.666666666666666E-4
3.333333333333333E-4
0.006000000000000001
0.007666666666666666
6.666666666666666E-4
3.333333333333333E-4
0.021
0.014333333333333332
3.333333333333333E-4
0.026
3.333333333333333E-4
0.004333333333333334
0.013666666666666666
6.666666666666666E-4
0.015
0.025333333333333336
0.008666666666666668
0.006333333333333334
0.02466666666666667
0.07666666666666666
0.021666666666666667
3.333333333333333E-4
0.0013333333333333333
0.06766666666666667
6.666666666666666E-4
6.666666666666666E-4
0.05766666666666667
3.333333333333333E-4
3.333333333333333E-4
3.333333333333333E-4
0.009333333333333334
0.021333333333333333
0.08166666666666667
0.0033333333333333335
6.666666666666666E-4
0.10033333333333334
0.0030000000000000005
0.008333333333333333
3.333333333333333E-4
0.0033333333333333335
0.007666666666666666
0.023000000000000003
0.007333333333333333
3.333333333333333E-4
6.666666666666666E-4
0.0033333333333333335
6.666666666666666E-4
3.333333333333333E-4
3.333333333333333E-4
0.007333333333333333
0.004
3.333333333333333E-4
3.333333333333333E-4
6.666666666666666E-4
3.333333333333333E-4
3.333333333333333E-4
0.009
0.014
0.0030000000000000005
0.0016666666666666668
0.0030000000000000005
0.02366666666666667
0.004666666666666667
3.333333333333333E-4
0.006333333333333333
3.333333333333333E-4
0.009333333333333332
6.666666666666666E-4
3.333333333333333E-4
0.0030000000000000005
0.0026666666666666666
0.0026666666666666666
0.006333333333333334
3.333333333333333E-4
6.666666666666666E-4
0.019
6.666666666666666E-4
3.333333333333333E-4
6.666666666666666E-4
0.010333333333333333
6.666666666666666E-4
0.023000000000000003
0.004
0.07633333333333332
3.333333333333333E-4
6.666666666666666E-4
3.333333333333333E-4
6.666666666666666E-4
3.333333333333333E-4
0.008
0.004666666666666667
0.016333333333333335
3.333333333333333E-4
0.064
0.013
3.333333333333333E-4
6.666666666666666E-4
0.007
0.03166666666666667
0.007
0.013666666666666667
3.333333333333333E-4
6.666666666666666E-4
0.027333333333333334
3.333333333333333E-4
0.02366666666666667
0.01
3.333333333333333E-4
0.0016666666666666668
0.008666666666666666
0.0036666666666666666
0.016
6.666666666666666E-4
0.0026666666666666666
6.666666666666666E-4
3.333333333333333E-4
0.009666666666666665
0.018666666666666665
0.002
0.013333333333333334
0.005
0.01833333333333333
0.008666666666666666
0.026
6.666666666666666E-4
0.016666666666666666
0.015
6.666666666666666E-4
0.005
0.004333333333333334
0.025000000000000005
0.006000000000000001
0.042333333333333334
0.014333333333333332
0.0036666666666666666
6.666666666666666E-4
3.333333333333333E-4
0.002
0.0033333333333333335
0.017
3.333333333333333E-4
6.666666666666666E-4
0.006000000000000001
3.333333333333333E-4
3.333333333333333E-4
3.333333333333333E-4
3.333333333333333E-4
0.0030000000000000005
0.017666666666666667
0.0026666666666666666
0.015666666666666666
6.666666666666666E-4
0.013333333333333334
0.06566666666666666
0.004333333333333334
6.666666666666666E-4
6.666666666666666E-4
0.012333333333333333
3.333333333333333E-4
0.005
3.333333333333333E-4
0.006000000000000001
3.333333333333333E-4
0.028
0.01833333333333333
6.666666666666666E-4
6.666666666666666E-4
0.013
0.006000000000000001
0.0023333333333333335
3.333333333333333E-4
6.666666666666666E-4
3.333333333333333E-4
0.0036666666666666666
0.021333333333333333
6.666666666666666E-4
0.07666666666666666
0.0023333333333333335
6.666666666666666E-4
3.333333333333333E-4
6.666666666666666E-4
3.333333333333333E-4
6.666666666666666E-4
0.002
0.05733333333333334
3.333333333333333E-4
6.666666666666666E-4
3.333333333333333E-4
6.666666666666666E-4
3.333333333333333E-4
6.666666666666666E-4
0.027333333333333334
0.001
6.666666666666666E-4
6.666666666666666E-4
0.0026666666666666666
0.002
6.666666666666666E-4
3.333333333333333E-4
0.001
6.666666666666666E-4
3.333333333333333E-4
6.666666666666666E-4
3.333333333333333E-4
0.06
0.029333333333333333
0.034333333333333334
0.005
3.333333333333333E-4
0.002
0.085
6.666666666666666E-4
0.017333333333333336
0.0026666666666666666
0.013666666666666667
6.666666666666666E-4
3.333333333333333E-4
0.0033333333333333335
6.666666666666666E-4
0.0026666666666666666
0.0036666666666666666
0.015666666666666666
0.0013333333333333333
0.002
0.007
0.016666666666666666
0.0013333333333333333
0.002
0.001
0.002
6.666666666666666E-4
6.666666666666666E-4
6.666666666666666E-4
3.333333333333333E-4
3.333333333333333E-4
0.002
0.004666666666666667
0.0016666666666666668
0.005333333333333333
3.333333333333333E-4
0.006333333333333334
6.666666666666666E-4
0.005333333333333333
3.333333333333333E-4
3.333333333333333E-4
0.010333333333333332
0.013333333333333334
3.333333333333333E-4
6.666666666666666E-4
6.666666666666666E-4
0.063
3.333333333333333E-4
6.666666666666666E-4
3.333333333333333E-4
0.002
0.0036666666666666666
0.06966666666666667
3.333333333333333E-4
0.05633333333333334
0.0030000000000000005
0.0030000000000000005
3.333333333333333E-4
3.333333333333333E-4
0.025666666666666667
6.666666666666666E-4
0.0030000000000000005
0.021
0.019
3.333333333333333E-4
0.01
0.06
6.666666666666666E-4
0.0016666666666666668
0.022000000000000002
6.666666666666666E-4
0.005333333333333333
6.666666666666666E-4
0.013333333333333334
6.666666666666666E-4
0.008333333333333333
0.007666666666666666
0.001
6.666666666666666E-4
3.333333333333333E-4
6.666666666666666E-4
6.666666666666666E-4
0.0036666666666666666
6.666666666666666E-4
6.666666666666666E-4
3.333333333333333E-4
0.005666666666666667
6.666666666666666E-4
6.666666666666666E-4
0.0026666666666666666
0.01
6.666666666666666E-4
3.333333333333333E-4
6.666666666666666E-4
0.002
0.0016666666666666668
0.056
0.0033333333333333335
0.0026666666666666666
6.666666666666666E-4
0.001
0.026333333333333334
6.666666666666666E-4
0.022000000000000002
0.0036666666666666666
6.666666666666666E-4
0.007333333333333333
6.666666666666666E-4
6.666666666666666E-4
0.006666666666666667
0.009
6.666666666666666E-4
0.006000000000000001
3.333333333333333E-4
6.666666666666666E-4
6.666666666666666E-4
0.005666666666666667
0.0036666666666666666
0.0016666666666666668
0.0036666666666666666
0.0030000000000000005
3.333333333333333E-4
0.014333333333333332
0.006666666666666667
0.006666666666666667
6.666666666666666E-4
0.004333333333333334
0.005
0.002
6.666666666666666E-4
3.333333333333333E-4
0.029666666666666664
0.02
6.666666666666666E-4
0.018666666666666665
6.666666666666666E-4
0.018666666666666665
0.067
0.04733333333333334
0.057999999999999996
6.666666666666666E-4
3.333333333333333E-4
3.333333333333333E-4
0.006000000000000001
0.008333333333333333
6.666666666666666E-4
3.333333333333333E-4
6.666666666666666E-4
3.333333333333333E-4
6.666666666666666E-4
0.13066666666666668
6.666666666666666E-4
3.333333333333333E-4
6.666666666666666E-4
0.005333333333333333
6.666666666666666E-4
0.001
3.333333333333333E-4
0.001
3.333333333333333E-4
0.03833333333333333
6.666666666666666E-4
6.666666666666666E-4
0.010666666666666666
0.005666666666666667
0.004333333333333334
0.009000000000000001
6.666666666666666E-4
0.004666666666666667
0.009333333333333332
6.666666666666666E-4
0.029333333333333333
6.666666666666666E-4
6.666666666666666E-4
0.005333333333333333
0.0026666666666666666
0.0030000000000000005
0.001
0.009
6.666666666666666E-4
0.19033333333333333
0.004666666666666667
0.006333333333333334
0.004333333333333334
0.032
0.0030000000000000005
0.029333333333333333
6.666666666666666E-4
0.005666666666666667
0.009
0.004
6.666666666666666E-4
0.008333333333333333
6.666666666666666E-4
3.333333333333333E-4
0.008
0.018
6.666666666666666E-4
6.666666666666666E-4
0.0033333333333333335
6.666666666666666E-4
6.666666666666666E-4
0.022333333333333334
0.011666666666666667
0.011333333333333334
0.013666666666666666
0.006666666666666667
0.11699999999999999
0.018666666666666668
0.12033333333333333
0.13733333333333334
0.013333333333333334
0.013333333333333334
0.0023333333333333335
0.02033333333333333
3.333333333333333E-4
0.11866666666666666
0.005
0.01
6.666666666666666E-4
0.011000000000000001
0.01833333333333333
0.019
0.018666666666666665
0.01933333333333333
0.020666666666666667
0.0016666666666666668
0.0033333333333333335
0.001
6.666666666666666E-4
0.0013333333333333333
0.004666666666666667
0.004333333333333334
6.666666666666666E-4
0.001
0.004666666666666667
0.014333333333333332
0.006333333333333333
0.0013333333333333333
0.001
0.005333333333333333
0.001
0.001
0.06266666666666666
6.666666666666666E-4
0.005666666666666667
0.05466666666666667
6.666666666666666E-4
6.666666666666666E-4
0.0013333333333333333
6.666666666666666E-4
0.004666666666666667
0.001
0.07133333333333333
6.666666666666666E-4
6.666666666666666E-4
6.666666666666666E-4
0.006333333333333334
0.01
0.06666666666666667
0.051666666666666666
0.007666666666666666
0.001
0.001
0.001
6.666666666666666E-4
0.004333333333333334
0.011333333333333334
0.001
3.333333333333333E-4
0.0013333333333333333
0.001
0.0026666666666666666
0.024000000000000004
0.015
6.666666666666666E-4
0.001
6.666666666666666E-4
6.666666666666666E-4
0.008333333333333333
6.666666666666666E-4
0.008666666666666668
0.004666666666666667
3.333333333333333E-4
0.006666666666666667
6.666666666666666E-4
3.333333333333333E-4
0.001
6.666666666666666E-4
0.001
0.0026666666666666666
0.001
6.666666666666666E-4
0.013333333333333334
0.001
0.012666666666666666
0.009666666666666665
6.666666666666666E-4
6.666666666666666E-4
6.666666666666666E-4
0.005666666666666667
6.666666666666666E-4
0.0023333333333333335
0.039
0.001
6.666666666666666E-4
0.007666666666666666
6.666666666666666E-4
6.666666666666666E-4
0.005333333333333333
6.666666666666666E-4
6.666666666666666E-4
6.666666666666666E-4
0.015
0.02466666666666667
0.008
0.001
0.038
0.04633333333333334
0.0023333333333333335
0.035
6.666666666666666E-4
0.04766666666666667
0.018
0.009666666666666665
0.005333333333333333
0.001
6.666666666666666E-4
0.029666666666666664
6.666666666666666E-4
0.015333333333333332
0.002
0.015333333333333332
6.666666666666666E-4
6.666666666666666E-4
0.006000000000000001
6.666666666666666E-4
0.0030000000000000005
0.004
0.001
0.008
0.001
0.001
0.018666666666666665
0.005333333333333333
0.004666666666666667
6.666666666666666E-4
0.0036666666666666666
0.061
0.014
0.012666666666666666
0.001
6.666666666666666E-4
6.666666666666666E-4
0.007666666666666666
0.009333333333333332
6.666666666666666E-4
0.04766666666666667
0.001
0.007
0.001
3.333333333333333E-4
0.021666666666666667
6.666666666666666E-4
6.666666666666666E-4
0.001
0.015333333333333332
0.006666666666666667
0.004
6.666666666666666E-4
0.007
0.016666666666666666
0.001
0.052
0.008333333333333333
0.005
6.666666666666666E-4
0.051666666666666666
6.666666666666666E-4
0.013666666666666667
6.666666666666666E-4
0.0030000000000000005
0.0026666666666666666
0.0033333333333333335
6.666666666666666E-4
6.666666666666666E-4
0.0023333333333333335
0.13233333333333333
6.666666666666666E-4
6.666666666666666E-4
0.012666666666666666
0.001
0.001
0.005333333333333333
0.08700000000000001
0.007
0.03233333333333333
6.666666666666666E-4
0.0033333333333333335
0.0023333333333333335
0.07433333333333332
0.051
0.008333333333333333
0.001
0.017
0.04933333333333334
0.015333333333333332
6.666666666666666E-4
6.666666666666666E-4
6.666666666666666E-4
0.024333333333333335
0.001
0.03233333333333333
0.008333333333333333
0.034
0.012333333333333335
0.056666666666666664
0.001
0.001
0.0030000000000000005
6.666666666666666E-4
0.0036666666666666666
6.666666666666666E-4
0.007333333333333333
0.010333333333333333
0.021333333333333333
6.666666666666666E-4
3.333333333333333E-4
0.011333333333333334
6.666666666666666E-4
0.004333333333333334
0.004
0.001
0.001
0.04566666666666667
0.001
0.006000000000000001
0.001
0.0026666666666666666
0.017666666666666667
6.666666666666666E-4
0.005333333333333333
0.004333333333333334
6.666666666666666E-4
0.1413333333333333
0.012333333333333335
0.001
0.001
0.006333333333333334
0.001
0.021666666666666667
0.004666666666666667
6.666666666666666E-4
0.001
0.001
0.008333333333333333
0.015666666666666666
0.005
0.007666666666666666
0.001
0.001
0.03
6.666666666666666E-4
0.001
0.011000000000000001
6.666666666666666E-4
0.0033333333333333335
0.001
0.022333333333333334
0.006000000000000001
0.14966666666666664
0.001
6.666666666666666E-4
0.010333333333333333
0.001
3.333333333333333E-4
0.004333333333333334
6.666666666666666E-4
6.666666666666666E-4
0.008
0.001
3.333333333333333E-4
6.666666666666666E-4
0.019666666666666666
0.04866666666666667
0.034
0.001
6.666666666666666E-4
6.666666666666666E-4
0.006000000000000001
0.001
0.010333333333333333
0.0033333333333333335
6.666666666666666E-4
0.0023333333333333335
0.0023333333333333335
6.666666666666666E-4
0.038
0.08366666666666667
0.006000000000000001
0.001
0.008
0.008
0.025666666666666667
6.666666666666666E-4
0.0023333333333333335
0.004666666666666667
0.007
0.04866666666666667
0.001
0.0023333333333333335
6.666666666666666E-4
0.020666666666666667
0.001
0.022333333333333334
0.08266666666666667
0.063
0.001
0.06666666666666667
6.666666666666666E-4
0.013666666666666667
6.666666666666666E-4
0.054
0.001
0.0023333333333333335
0.004333333333333334
0.002
0.026333333333333334
0.006000000000000001
0.0036666666666666666
6.666666666666666E-4
0.001
0.021
0.08700000000000001
6.666666666666666E-4
3.333333333333333E-4
0.004333333333333334
0.007666666666666666
0.001
0.0023333333333333335
6.666666666666666E-4
0.024999999999999998
0.021
0.0016666666666666668
0.018000000000000002
0.03866666666666666
0.0026666666666666666
0.016
0.0026666666666666666
0.058666666666666666
0.004
0.001
6.666666666666666E-4
0.007
0.0013333333333333333
6.666666666666666E-4
6.666666666666666E-4
0.001
0.016333333333333335
0.09000000000000001
6.666666666666666E-4
6.666666666666666E-4
6.666666666666666E-4
0.006333333333333334
6.666666666666666E-4
6.666666666666666E-4
0.001
6.666666666666666E-4
0.006666666666666667
0.013999999999999999
0.02666666666666667
0.020666666666666667
0.001
0.007333333333333333
0.009333333333333332
0.028
6.666666666666666E-4
0.014666666666666666
6.666666666666666E-4
0.004333333333333334
0.042
0.001
0.001
0.008666666666666668
0.014333333333333332
0.006666666666666667
0.001
0.005
0.015333333333333332
0.009666666666666665
0.13166666666666668
0.04566666666666667
0.001
6.666666666666666E-4
0.005
6.666666666666666E-4
6.666666666666666E-4
6.666666666666666E-4
0.001
6.666666666666666E-4
0.001
0.006000000000000001
6.666666666666666E-4
6.666666666666666E-4
6.666666666666666E-4
0.015333333333333332
0.19333333333333336
6.666666666666666E-4
6.666666666666666E-4
6.666666666666666E-4
6.666666666666666E-4
0.006000000000000001
0.008333333333333333
6.666666666666666E-4
3.333333333333333E-4
0.001
0.004
0.004333333333333334
6.666666666666666E-4
6.666666666666666E-4
0.11733333333333333
0.08800000000000001
0.001
0.19966666666666666
6.666666666666666E-4
0.01833333333333333
0.009666666666666665
0.004333333333333334
0.004666666666666667
6.666666666666666E-4
6.666666666666666E-4
0.09566666666666668
0.064
6.666666666666666E-4
6.666666666666666E-4
3.333333333333333E-4
6.666666666666666E-4
0.001
0.007666666666666666
6.666666666666666E-4
0.001
0.006000000000000001
0.04066666666666666
0.016333333333333335
0.007333333333333333
6.666666666666666E-4
6.666666666666666E-4
0.001
0.0030000000000000005
0.0030000000000000005
0.001
6.666666666666666E-4
0.09933333333333334
0.004333333333333334
6.666666666666666E-4
0.02766666666666667
0.0033333333333333335
6.666666666666666E-4
0.001
0.0013333333333333333
0.001
3.333333333333333E-4
6.666666666666666E-4
0.0026666666666666666
0.012666666666666666
0.055
0.020666666666666667
0.02033333333333333
0.001
0.0016666666666666668
6.666666666666666E-4
0.0016666666666666668
0.014333333333333332
0.006000000000000001
6.666666666666666E-4
0.0016666666666666668
6.666666666666666E-4
6.666666666666666E-4
0.005
0.017333333333333336
0.001
0.023000000000000003
0.013
0.0016666666666666668
6.666666666666666E-4
6.666666666666666E-4
3.333333333333333E-4
0.04666666666666667
0.007666666666666666
6.666666666666666E-4
0.007333333333333333
6.666666666666666E-4
6.666666666666666E-4
6.666666666666666E-4
6.666666666666666E-4
0.0016666666666666668
0.012000000000000002
0.004
6.666666666666666E-4
0.008
0.0033333333333333335
0.001
6.666666666666666E-4
0.011000000000000001
0.03233333333333333
0.03733333333333333
6.666666666666666E-4
6.666666666666666E-4
0.050666666666666665
0.001
6.666666666666666E-4
0.016
6.666666666666666E-4
0.009666666666666665
6.666666666666666E-4
0.006666666666666667
6.666666666666666E-4
0.005
0.004666666666666667
0.011333333333333334
0.03466666666666667
0.01
6.666666666666666E-4
6.666666666666666E-4
0.0026666666666666666
0.05666666666666667
0.001
0.050666666666666665
0.04800000000000001
0.0036666666666666666
0.024333333333333332
0.027
0.008333333333333333
0.011333333333333334
0.001
0.016
0.012000000000000002
0.018666666666666665
0.006000000000000001
0.007333333333333333
0.007666666666666666
6.666666666666666E-4
0.02266666666666667
0.007
0.008333333333333333
0.03166666666666667
0.013
0.022000000000000002
6.666666666666666E-4
3.333333333333333E-4
0.005666666666666667
6.666666666666666E-4
0.004333333333333334
0.0036666666666666666
