0.3153333333333333
0.3193333333333333
0.224
0.213
0.21933333333333335
0.21
0.21566666666666667
0.26266666666666666
0.21366666666666667
0.24533333333333332
0.223
0.22966666666666669
0.24766666666666667
0.293
0.227
0.20133333333333336
0.19966666666666666
0.20233333333333334
0.20533333333333334
0.2283333333333333
0.2006666666666667
0.20166666666666666
0.23299999999999998
0.20266666666666666
0.21
0.2896666666666667
0.297
0.306
0.3056666666666667
0.30233333333333334
0.44166666666666665
0.322
0.478
0.42933333333333334
0.455
0.2806666666666667
0.2893333333333333
0.2973333333333333
0.303
0.31466666666666665
0.31233333333333335
0.2993333333333333
0.308
0.3046666666666667
0.2863333333333334
0.314
0.3196666666666667
0.375
0.3096666666666667
0.295
0.32
0.3066666666666667
0.29066666666666663
0.2843333333333334
0.27999999999999997
0.2816666666666667
0.2846666666666667
0.2893333333333334
0.2856666666666667
0.28933333333333333
0.36000000000000004
0.36566666666666664
0.338
0.40399999999999997
0.355
0.2783333333333333
0.28400000000000003
0.283
0.282
0.2913333333333333
0.3673333333333333
0.361
0.416
0.38633333333333336
0.3216666666666667
0.36366666666666664
0.37399999999999994
0.34966666666666674
0.324
0.3116666666666667
0.31033333333333335
0.3133333333333333
0.3606666666666667
0.3096666666666667
0.3053333333333333
0.519
0.5283333333333333
0.47500000000000003
0.551
0.4243333333333334
0.5383333333333333
0.5316666666666667
0.5133333333333333
0.41033333333333327
0.4996666666666667
0.3406666666666667
0.3173333333333333
0.309
0.305
0.30866666666666664
0.27266666666666667
0.324
0.28633333333333333
0.28400000000000003
0.283
0.3283333333333333
0.2816666666666667
0.302
0.3013333333333333
0.33866666666666667
0.33233333333333337
0.3256666666666667
0.287
0.273
0.275
0.317
0.27299999999999996
0.26833333333333337
0.277
0.26666666666666666
0.33433333333333337
0.34800000000000003
0.37166666666666676
0.3473333333333333
0.28833333333333333
0.27566666666666667
0.2763333333333334
0.2723333333333333
0.2773333333333334
0.27099999999999996
0.26433333333333336
0.2733333333333334
0.28099999999999997
0.267
0.26466666666666666
0.37233333333333335
0.3426666666666667
0.3136666666666667
0.4003333333333334
0.33966666666666673
0.27
0.2723333333333333
0.269
0.2703333333333333
0.26233333333333336
0.273
0.26633333333333337
0.26366666666666666
0.27099999999999996
0.27366666666666667
0.3033333333333333
0.30466666666666664
0.29666666666666663
0.3086666666666667
0.29833333333333334
0.2976666666666667
0.3
0.3033333333333333
0.3096666666666667
0.3096666666666667
0.30033333333333334
0.3
0.29866666666666664
0.296
0.3073333333333333
0.3033333333333333
0.3033333333333333
0.30633333333333335
0.3053333333333333
0.309
0.3033333333333333
0.3013333333333333
0.302
0.309
0.30066666666666664
0.44133333333333336
0.444
0.4263333333333333
0.435
0.42933333333333334
0.32
0.34
0.3403333333333334
0.36366666666666664
0.36200000000000004
0.5026666666666667
0.451
0.4693333333333333
0.5483333333333333
0.4996666666666667
0.4423333333333333
0.42966666666666664
0.4203333333333334
0.424
0.4243333333333333
0.4873333333333334
0.447
0.5463333333333333
0.4876666666666667
0.4486666666666667
0.277
0.2856666666666667
0.323
0.2873333333333334
0.291
0.29033333333333333
0.2936666666666667
0.28800000000000003
0.2976666666666667
0.29666666666666663
0.291
0.2866666666666667
0.2853333333333334
0.2986666666666667
0.298
0.29
0.29466666666666663
0.2873333333333334
0.2956666666666667
0.2926666666666667
0.2973333333333333
0.2906666666666667
0.3076666666666667
0.2956666666666667
0.2866666666666667
0.291
0.2856666666666667
0.2833333333333333
0.2826666666666667
0.2906666666666667
0.30733333333333335
0.2853333333333334
0.28633333333333333
0.28700000000000003
0.2866666666666667
0.2946666666666667
0.2966666666666667
0.27366666666666667
0.2806666666666667
0.2763333333333333
0.27566666666666667
0.26933333333333337
0.26966666666666667
0.27066666666666667
0.27566666666666667
0.26933333333333337
0.266
0.2816666666666667
0.26866666666666666
0.27566666666666667
0.2823333333333333
0.2846666666666667
0.287
0.2813333333333333
0.2803333333333333
0.2873333333333333
0.28099999999999997
0.2793333333333334
0.28099999999999997
0.27566666666666667
0.3156666666666667
0.28933333333333333
0.29
0.2893333333333333
0.2806666666666667
0.286
0.2873333333333334
0.28600000000000003
0.287
0.2833333333333333
0.27466666666666667
0.2823333333333333
0.2753333333333333
0.2886666666666667
0.282
0.26999999999999996
0.26833333333333337
0.26733333333333337
0.26933333333333337
0.26666666666666666
0.27399999999999997
0.276
0.27499999999999997
0.27799999999999997
0.27233333333333337
0.268
0.27266666666666667
0.275
0.27066666666666667
0.26766666666666666
0.26833333333333337
0.2723333333333333
0.27
0.26966666666666667
0.27133333333333337
0.2683333333333333
0.27066666666666667
0.26866666666666666
0.26999999999999996
0.272
0.2733333333333334
0.2763333333333333
0.273
0.27
0.272
0.27233333333333337
0.27266666666666667
0.2753333333333333
0.27366666666666667
0.2843333333333333
0.285
0.2823333333333333
0.2803333333333333
0.28800000000000003
0.2796666666666667
0.2853333333333333
0.285
0.282
0.2826666666666667
0.28500000000000003
0.28300000000000003
0.281
0.28400000000000003
0.284
0.29033333333333333
0.35233333333333333
0.38566666666666666
0.35333333333333333
0.3593333333333333
0.36966666666666664
0.35433333333333333
0.35566666666666674
0.36000000000000004
0.36000000000000004
0.3593333333333333
0.36199999999999993
0.35233333333333333
0.32266666666666666
0.35633333333333334
0.35733333333333334
0.4053333333333333
0.4036666666666667
0.38166666666666665
0.36433333333333334
0.44533333333333336
0.35200000000000004
0.35766666666666663
0.351
0.3673333333333333
0.3486666666666666
0.26999999999999996
0.27166666666666667
0.2836666666666667
0.275
0.27166666666666667
0.26966666666666667
0.27366666666666667
0.2786666666666667
0.2733333333333333
0.27566666666666667
0.274
0.2773333333333334
0.29133333333333333
0.28333333333333327
0.29433333333333334
0.3196666666666667
0.33466666666666667
0.2953333333333333
0.2856666666666667
0.3056666666666667
0.313
0.317
0.32033333333333336
0.3356666666666666
0.30033333333333334
0.39366666666666666
0.4096666666666667
0.37766666666666665
0.37333333333333335
0.36599999999999994
0.501
0.41566666666666663
0.461
0.412
0.5043333333333333
0.5046666666666667
0.488
0.48700000000000004
0.548
0.40099999999999997
0.3506666666666667
0.39699999999999996
0.39366666666666666
0.371
0.371
0.3036666666666667
0.3193333333333333
0.35933333333333334
0.34900000000000003
0.3336666666666667
0.36600000000000005
0.3606666666666667
0.331
0.3176666666666667
0.3153333333333333
0.32066666666666666
0.3096666666666667
0.32866666666666666
0.336
0.3233333333333333
0.329
0.31899999999999995
0.323
0.3296666666666667
0.35800000000000004
0.333
0.3333333333333333
0.3626666666666667
0.31666666666666665
0.37666666666666665
0.3443333333333333
0.359
0.31833333333333336
0.3256666666666667
0.312
0.32433333333333336
0.31633333333333336
0.31833333333333336
0.3403333333333334
0.36366666666666664
0.31433333333333335
0.31866666666666665
0.3473333333333333
0.32033333333333336
0.35600000000000004
0.3443333333333333
0.3296666666666666
0.33666666666666667
0.32833333333333337
0.3406666666666667
0.3313333333333333
0.328
0.332
0.32666666666666666
0.3156666666666667
0.35600000000000004
0.304
0.3056666666666667
0.298
0.3
0.4243333333333334
0.4126666666666667
0.39799999999999996
0.4063333333333334
0.4003333333333334
0.4143333333333334
0.41100000000000003
0.39999999999999997
0.401
0.412
0.436
0.44166666666666665
0.39466666666666667
0.4043333333333334
0.414
0.517
0.5933333333333334
0.6236666666666667
0.6256666666666667
0.4796666666666667
0.42766666666666664
0.41900000000000004
0.4176666666666667
0.4056666666666666
0.4156666666666667
0.4603333333333333
0.4453333333333333
0.4693333333333333
0.49766666666666665
0.437
0.527
0.4696666666666667
0.4943333333333333
0.4243333333333334
0.43700000000000006
0.5126666666666667
0.4536666666666666
0.48266666666666663
0.46900000000000003
0.4533333333333333
0.35733333333333334
0.444
0.353
0.3593333333333333
0.33433333333333337
0.5696666666666667
0.5193333333333333
0.569
0.5426666666666667
0.5093333333333333
0.34
0.30266666666666664
0.3373333333333333
0.3456666666666666
0.3373333333333333
0.3336666666666667
0.38866666666666666
0.3413333333333333
0.3786666666666667
0.3406666666666667
0.3213333333333333
0.305
0.379
0.371
0.36366666666666664
0.39666666666666667
0.40700000000000003
0.361
0.3413333333333333
0.339
0.32233333333333336
0.3666666666666667
0.4503333333333333
0.43133333333333335
0.37566666666666665
0.40399999999999997
0.3363333333333333
0.33866666666666667
0.34600000000000003
0.387
0.302
0.3373333333333333
0.369
0.3486666666666667
0.298
0.2776666666666667
0.2873333333333334
0.295
0.272
0.27
0.27066666666666667
0.26533333333333337
0.26933333333333337
0.2773333333333334
0.2876666666666667
0.2826666666666667
0.276
0.3143333333333333
0.30033333333333334
0.361
0.3173333333333333
0.27366666666666667
0.2973333333333333
0.3336666666666666
0.3336666666666666
0.33666666666666667
0.397
0.325
0.2976666666666667
0.2886666666666667
0.2953333333333334
0.31833333333333336
0.3253333333333333
0.2913333333333334
0.3053333333333333
0.2743333333333334
0.291
0.3213333333333333
0.28533333333333327
0.2793333333333333
0.26666666666666666
0.264
0.293
0.3293333333333333
0.312
0.294
0.3016666666666667
0.307
0.2996666666666667
0.283
0.3426666666666667
0.316
0.304
0.3053333333333333
0.295
0.2793333333333333
0.36200000000000004
0.35666666666666663
0.3153333333333333
0.3076666666666667
0.305
0.287
0.336
0.34099999999999997
0.30133333333333334
0.2816666666666667
0.307
0.3073333333333333
0.2913333333333334
0.3033333333333334
0.307
0.30266666666666664
0.3076666666666667
0.3243333333333333
0.298
0.2786666666666667
0.272
0.27899999999999997
0.29633333333333334
0.2806666666666667
0.2896666666666667
0.2826666666666666
0.2936666666666667
0.29633333333333334
0.2966666666666667
0.3383333333333334
0.2846666666666667
0.2806666666666667
0.28099999999999997
0.295
0.319
0.325
0.27999999999999997
0.29333333333333333
0.282
0.36133333333333334
0.36533333333333334
0.38833333333333336
0.3826666666666667
0.422
0.39866666666666667
0.3746666666666667
0.36933333333333335
0.35233333333333333
0.38800000000000007
0.3413333333333333
0.37666666666666665
0.38133333333333336
0.35200000000000004
0.377
0.34900000000000003
0.36766666666666664
0.3566666666666667
0.3453333333333333
0.34833333333333333
0.30833333333333335
0.35666666666666663
0.3376666666666666
0.3363333333333334
0.351
0.31066666666666665
0.32066666666666666
0.367
0.35566666666666663
0.33899999999999997
0.298
0.294
0.317
0.3423333333333333
0.3196666666666667
0.33966666666666673
0.31633333333333336
0.2896666666666667
0.2933333333333334
0.3263333333333333
0.357
0.3216666666666667
0.27899999999999997
0.29633333333333334
0.2823333333333333
0.27066666666666667
0.26466666666666666
0.276
0.27033333333333337
0.2866666666666666
0.3096666666666667
0.277
0.27066666666666667
0.263
0.3033333333333333
0.26533333333333337
0.26866666666666666
0.269
0.2683333333333333
0.26233333333333336
0.267
0.267
0.26733333333333337
0.25933333333333336
0.26166666666666666
0.25566666666666665
0.25899999999999995
0.25766666666666665
0.25933333333333336
0.25333333333333335
0.264
0.26166666666666666
0.261
0.24966666666666668
0.25233333333333335
0.33
0.327
0.3273333333333333
0.3406666666666667
0.33099999999999996
0.33233333333333337
0.3303333333333333
0.3416666666666666
0.342
0.3516666666666666
0.302
0.31266666666666665
0.291
0.3053333333333333
0.309
0.38599999999999995
0.37799999999999995
0.34833333333333333
0.35633333333333334
0.39266666666666666
0.34800000000000003
0.35766666666666663
0.3433333333333333
0.3526666666666667
0.33699999999999997
0.2743333333333333
0.27033333333333337
0.27066666666666667
0.26433333333333336
0.26033333333333336
0.26966666666666667
0.2663333333333333
0.265
0.26733333333333337
0.27133333333333337
0.26266666666666666
0.26633333333333337
0.26766666666666666
0.2796666666666667
0.27033333333333337
0.26766666666666666
0.269
0.266
0.27
0.272
0.26866666666666666
0.26
0.263
0.27266666666666667
0.27166666666666667
0.26666666666666666
0.27133333333333337
0.26433333333333336
0.265
0.2816666666666667
0.27899999999999997
0.273
0.27799999999999997
0.2753333333333334
0.27133333333333337
0.2703333333333333
0.268
0.26866666666666666
0.27599999999999997
0.275
0.267
0.26533333333333337
0.271
0.273
0.26566666666666666
0.2743333333333333
0.273
0.26733333333333337
0.27366666666666667
0.266
0.3013333333333333
0.30233333333333334
0.3016666666666667
0.3093333333333333
0.30433333333333334
0.3056666666666667
0.29666666666666663
0.3
0.3056666666666667
0.301
0.305
0.30266666666666664
0.30266666666666664
0.301
0.2973333333333333
0.31
0.301
0.30466666666666664
0.29433333333333334
0.30066666666666664
0.3016666666666667
0.2993333333333333
0.303
0.295
0.3
0.30066666666666664
0.30466666666666664
0.2996666666666667
0.3073333333333333
0.311
0.30266666666666664
0.3156666666666667
0.31
0.31
0.305
0.31033333333333335
0.3013333333333333
0.31266666666666665
0.308
0.3056666666666667
0.306
0.31833333333333336
0.306
0.31266666666666665
0.305
0.3073333333333333
0.3296666666666667
0.303
0.31066666666666665
0.3033333333333333
0.30633333333333335
0.3056666666666667
0.3053333333333333
0.3016666666666667
0.30466666666666664
0.309
0.3033333333333333
0.2996666666666667
0.30666666666666664
0.30266666666666664
0.302
0.30033333333333334
0.3033333333333333
0.3
0.3
0.305
0.32699999999999996
0.315
0.298
0.2993333333333333
0.303
0.30833333333333335
0.30433333333333334
0.3016666666666667
0.3353333333333333
0.301
0.30466666666666664
0.303
0.31866666666666665
0.3073333333333333
0.2833333333333334
0.3033333333333333
0.29233333333333333
0.2936666666666667
0.3173333333333333
0.3423333333333333
0.3356666666666667
0.2913333333333333
0.355
0.35733333333333334
0.318
0.293
0.309
0.314
0.311
0.31833333333333336
0.309
0.32833333333333337
0.3253333333333333
0.332
0.36833333333333335
0.36800000000000005
0.316
0.379
0.34833333333333333
0.3233333333333333
0.322
0.3393333333333333
0.369
0.3496666666666666
0.32066666666666666
0.34099999999999997
0.3253333333333333
0.33433333333333337
0.33099999999999996
0.3276666666666667
0.347
0.32433333333333336
0.353
0.32666666666666666
0.33233333333333337
0.36100000000000004
0.31633333333333336
0.31466666666666665
0.3296666666666666
0.46599999999999997
0.4656666666666667
0.45933333333333337
0.4633333333333334
0.4546666666666666
0.44366666666666665
0.4203333333333333
0.4363333333333333
0.418
0.42
0.42
0.42
0.442
0.452
0.4546666666666666
0.4303333333333333
0.43933333333333335
0.43166666666666664
0.43733333333333335
0.44933333333333336
0.45766666666666667
0.437
0.4563333333333333
0.45199999999999996
0.435
0.31833333333333336
0.342
0.3393333333333333
0.35600000000000004
0.3383333333333334
0.33033333333333337
0.3336666666666666
0.343
0.34166666666666673
0.33666666666666667
0.34
0.3496666666666666
0.33233333333333337
0.3376666666666666
0.3443333333333333
0.3356666666666666
0.338
0.3476666666666666
0.3706666666666667
0.351
0.34400000000000003
0.3406666666666667
0.35800000000000004
0.3396666666666666
0.35733333333333334
0.518
0.5253333333333333
0.5293333333333333
0.5316666666666667
0.525
0.4876666666666667
0.48533333333333334
0.48900000000000005
0.49333333333333335
0.48933333333333334
0.5176666666666667
0.5083333333333333
0.5006666666666667
0.5326666666666667
0.5299999999999999
0.5736666666666667
0.5373333333333333
0.5473333333333333
0.5393333333333333
0.64
0.534
0.524
0.513
0.498
0.523
0.4243333333333333
0.4266666666666667
0.4566666666666667
0.49866666666666665
0.4696666666666667
0.4656666666666667
0.492
0.45933333333333337
0.48533333333333334
0.5066666666666667
0.5183333333333334
0.458
0.4776666666666667
0.48066666666666663
0.46166666666666667
0.504
0.4706666666666666
0.4623333333333333
0.46366666666666667
0.47766666666666663
0.4503333333333333
0.47933333333333333
0.466
0.501
0.4486666666666667
0.533
0.5253333333333333
0.5743333333333333
0.5506666666666667
0.5266666666666667
0.5466666666666667
0.523
0.4956666666666667
0.47900000000000004
0.454
0.5533333333333333
0.5216666666666666
0.5213333333333333
0.607
0.5413333333333333
0.48566666666666664
0.4803333333333333
0.48033333333333333
0.48500000000000004
0.48500000000000004
0.4413333333333333
0.4453333333333333
0.4453333333333333
0.442
0.4506666666666666
0.28633333333333333
0.29
0.2896666666666667
0.286
0.2856666666666667
0.298
0.309
0.291
0.2873333333333334
0.2913333333333333
0.29433333333333334
0.2926666666666667
0.2846666666666667
0.28600000000000003
0.2896666666666667
0.2976666666666667
0.29133333333333333
0.31666666666666665
0.3196666666666667
0.30266666666666664
0.30666666666666664
0.297
0.315
0.3176666666666667
0.3133333333333333
0.3133333333333333
0.308
0.31233333333333335
0.3016666666666667
0.311
0.314
0.308
0.30633333333333335
0.2946666666666667
0.307
0.3036666666666667
0.31266666666666665
0.302
0.307
0.31433333333333335
0.309
0.3056666666666667
0.3006666666666667
0.3096666666666667
0.307
0.3
0.30866666666666664
0.29833333333333334
0.305
0.304
0.30833333333333335
0.31833333333333336
0.307
0.2796666666666667
0.29433333333333334
0.305
0.289
0.289
0.2876666666666667
0.306
0.32
0.314
0.30833333333333335
0.2906666666666667
0.30266666666666664
0.3196666666666667
0.315
0.304
0.31
0.28833333333333333
0.3
0.31866666666666665
0.295
0.2916666666666667
0.3426666666666667
0.3706666666666667
0.31866666666666665
0.31266666666666665
0.293
0.2823333333333333
0.2793333333333333
0.3016666666666667
0.29066666666666663
0.28833333333333333
0.2793333333333333
0.296
0.30033333333333334
0.27666666666666667
0.2893333333333333
0.314
0.28600000000000003
0.2973333333333333
0.3296666666666667
0.32033333333333336
0.31833333333333336
0.3076666666666667
0.30833333333333335
0.3093333333333333
0.315
0.3153333333333333
0.288
0.318
0.31433333333333335
0.32833333333333337
0.303
0.36433333333333334
0.308
0.3053333333333333
0.3116666666666667
0.31433333333333335
0.3116666666666667
0.297
0.2823333333333333
0.2803333333333333
0.2763333333333333
0.281
0.294
0.3076666666666667
0.3056666666666667
0.313
0.2833333333333334
0.29933333333333334
0.30033333333333334
0.298
0.27233333333333337
0.27199999999999996
0.2973333333333333
0.30866666666666664
0.2913333333333333
0.30533333333333335
0.2886666666666667
0.2743333333333334
0.26766666666666666
0.2823333333333333
0.27133333333333337
0.27033333333333337
0.274
0.273
0.27233333333333337
0.268
0.26933333333333337
0.274
0.2773333333333334
0.27466666666666667
0.272
0.26866666666666666
0.27066666666666667
0.27066666666666667
0.27166666666666667
0.26833333333333337
0.26966666666666667
0.26966666666666667
0.26966666666666667
0.269
0.27366666666666667
0.27399999999999997
0.27366666666666667
0.2846666666666667
0.27499999999999997
0.275
0.26899999999999996
0.27299999999999996
0.268
0.27
0.27366666666666667
0.275
0.2723333333333333
0.26866666666666666
0.27666666666666667
0.2826666666666666
0.2853333333333333
0.2733333333333333
0.27266666666666667
0.27066666666666667
0.26933333333333337
0.26966666666666667
0.27099999999999996
0.27066666666666667
0.26999999999999996
0.26633333333333337
0.2733333333333333
0.27233333333333337
0.2703333333333333
0.27399999999999997
0.2776666666666667
0.27366666666666667
0.2783333333333333
0.2886666666666667
0.2753333333333334
0.27166666666666667
0.27366666666666667
0.267
0.27133333333333337
0.27066666666666667
0.27566666666666667
0.27899999999999997
0.2763333333333334
0.29466666666666663
0.304
0.3156666666666666
0.2866666666666667
0.26633333333333337
0.26766666666666666
0.26533333333333337
0.267
0.27
0.27133333333333337
0.27233333333333337
0.269
0.26766666666666666
0.27033333333333337
0.27466666666666667
0.267
0.26633333333333337
0.267
0.26766666666666666
0.26266666666666666
0.267
0.26433333333333336
0.26633333333333337
0.26666666666666666
0.26533333333333337
0.26166666666666666
0.267
0.26733333333333337
0.26333333333333336
0.26733333333333337
0.265
0.26566666666666666
0.267
0.265
0.26766666666666666
0.26533333333333337
0.267
0.27
0.27066666666666667
0.268
0.269
0.269
0.26333333333333336
0.26866666666666666
0.265
0.26666666666666666
0.26666666666666666
0.265
0.26666666666666666
0.26433333333333336
0.26566666666666666
0.27066666666666667
0.26733333333333337
0.275
0.2743333333333334
0.2793333333333334
0.27399999999999997
0.2753333333333334
0.27266666666666667
0.2796666666666667
0.2773333333333333
0.27166666666666667
0.2773333333333333
0.2776666666666667
0.27566666666666667
0.27466666666666667
0.2803333333333333
0.2733333333333334
0.27366666666666667
0.2786666666666667
0.27699999999999997
0.26933333333333337
0.2803333333333333
0.27133333333333337
0.2733333333333334
0.27466666666666667
0.27999999999999997
0.278
0.303
0.27566666666666667
0.27266666666666667
0.27066666666666667
0.2763333333333333
0.27366666666666667
0.274
0.276
0.276
0.273
0.27366666666666667
0.27666666666666667
0.27933333333333327
0.27566666666666667
0.2753333333333333
0.274
0.2773333333333333
0.273
0.2743333333333334
0.2773333333333333
0.2773333333333333
0.278
0.27699999999999997
0.27366666666666667
0.274
0.28733333333333333
0.28633333333333333
0.2833333333333333
0.28833333333333333
0.30466666666666664
0.3116666666666667
0.32233333333333336
0.306
0.31466666666666665
0.3136666666666667
0.30233333333333334
0.2976666666666667
0.2933333333333333
0.2933333333333333
0.2913333333333333
0.298
0.30066666666666664
0.299
0.30033333333333334
0.29833333333333334
0.30066666666666664
0.30066666666666664
0.29666666666666663
0.2996666666666667
0.328
0.3076666666666667
0.31833333333333336
0.33033333333333337
0.31666666666666665
0.3076666666666667
0.305
0.30833333333333335
0.2906666666666667
0.3093333333333333
0.29266666666666663
0.29833333333333334
0.315
0.28833333333333333
0.2843333333333333
0.309
0.2976666666666667
0.3076666666666667
0.302
0.2873333333333334
0.28833333333333333
0.2933333333333333
0.29466666666666663
0.294
0.3096666666666667
0.311
0.294
0.294
0.2996666666666667
0.291
0.2813333333333333
0.2773333333333333
0.282
0.284
0.2876666666666667
0.27666666666666667
0.286
0.294
0.307
0.30066666666666664
0.303
0.2993333333333333
0.303
0.29466666666666663
0.30433333333333334
0.2916666666666667
0.301
0.2783333333333333
0.288
0.2826666666666667
0.2826666666666667
0.2823333333333333
0.274
0.284
0.276
0.2733333333333334
0.2873333333333333
0.2886666666666666
0.29
0.28833333333333333
0.30066666666666664
0.288
0.2843333333333333
0.28
0.2803333333333333
0.2876666666666667
0.292
0.27499999999999997
0.2743333333333334
0.27466666666666667
0.2813333333333333
0.27666666666666667
0.27899999999999997
0.2793333333333334
0.27899999999999997
0.2786666666666667
0.2796666666666667
0.2776666666666667
0.2773333333333334
0.2776666666666667
0.27666666666666667
0.2886666666666667
0.27566666666666667
0.2776666666666667
0.2783333333333333
0.2733333333333333
0.2753333333333333
0.284
0.28600000000000003
0.2886666666666667
0.2816666666666667
0.2753333333333334
0.2796666666666667
0.282
0.2806666666666667
0.29000000000000004
0.2843333333333333
0.2776666666666667
0.273
0.28200000000000003
0.29066666666666663
0.288
0.27599999999999997
0.2783333333333334
0.28099999999999997
0.2816666666666667
0.276
0.27899999999999997
0.2773333333333333
0.277
0.27166666666666667
0.2753333333333334
0.27466666666666667
0.278
0.27133333333333337
0.279
0.2743333333333334
0.2813333333333334
0.27466666666666667
0.2733333333333334
0.2763333333333333
0.27999999999999997
0.2763333333333334
0.27466666666666667
0.269
0.26233333333333336
0.26633333333333337
0.26133333333333336
0.26233333333333336
0.26366666666666666
0.26899999999999996
0.261
0.26333333333333336
0.26666666666666666
0.26133333333333336
0.26533333333333337
0.26166666666666666
0.26933333333333337
0.26266666666666666
0.26166666666666666
0.26266666666666666
0.26066666666666666
0.26433333333333336
0.26266666666666666
0.26766666666666666
0.26833333333333337
0.26033333333333336
0.265
0.265
0.26333333333333336
0.26033333333333336
0.26366666666666666
0.269
0.264
0.26
0.267
0.263
0.26333333333333336
0.26566666666666666
0.26633333333333337
0.26166666666666666
0.26266666666666666
0.264
0.26233333333333336
0.26466666666666666
0.26333333333333336
0.26233333333333336
0.26166666666666666
0.265
0.26433333333333336
0.267
0.26166666666666666
0.26366666666666666
0.27166666666666667
0.26266666666666666
0.26466666666666666
0.26633333333333337
0.26366666666666666
0.268
0.2703333333333333
0.268
0.26733333333333337
0.27199999999999996
0.26533333333333337
0.267
0.26566666666666666
0.26466666666666666
0.26433333333333336
0.26533333333333337
0.26633333333333337
0.265
0.268
0.287
0.26533333333333337
0.26166666666666666
0.268
0.264
0.26233333333333336
0.27166666666666667
0.27166666666666667
0.266
0.267
0.26466666666666666
0.267
0.2733333333333334
0.26933333333333337
0.26833333333333337
0.268
0.26433333333333336
0.26666666666666666
0.26533333333333337
0.26966666666666667
0.26833333333333337
0.26666666666666666
0.26333333333333336
0.263
0.26766666666666666
0.269
0.27033333333333337
0.26766666666666666
0.267
0.267
0.26833333333333337
0.26666666666666666
0.26766666666666666
0.26566666666666666
0.26933333333333337
0.26733333333333337
0.26433333333333336
0.267
0.2783333333333333
0.268
0.26733333333333337
0.27266666666666667
0.27133333333333337
0.26766666666666666
0.268
0.26733333333333337
0.26366666666666666
0.26733333333333337
0.27066666666666667
0.267
0.26766666666666666
0.27133333333333337
0.26566666666666666
0.268
0.26666666666666666
0.26766666666666666
0.26766666666666666
0.26833333333333337
0.26433333333333336
0.26366666666666666
0.26366666666666666
0.26666666666666666
0.26666666666666666
0.264
0.265
0.26533333333333337
0.26833333333333337
0.26866666666666666
0.26633333333333337
0.26333333333333336
0.26833333333333337
0.26933333333333337
0.27233333333333337
0.26733333333333337
0.26366666666666666
0.26533333333333337
0.267
0.26866666666666666
0.266
0.266
0.2803333333333333
0.28099999999999997
0.2763333333333334
0.279
0.2823333333333333
0.27899999999999997
0.2793333333333334
0.2763333333333333
0.27
0.2773333333333333
0.2806666666666667
0.2826666666666667
0.2786666666666667
0.279
0.28200000000000003
0.27666666666666667
0.2743333333333334
0.2893333333333333
0.2816666666666667
0.2743333333333333
0.2783333333333334
0.2823333333333334
0.2793333333333333
0.27366666666666667
0.27999999999999997
0.27799999999999997
0.2763333333333334
0.27466666666666667
0.2796666666666667
0.3476666666666666
0.3446666666666667
0.35366666666666663
0.34400000000000003
0.34366666666666673
0.35233333333333333
0.3459999999999999
0.3473333333333333
0.35266666666666663
0.34500000000000003
0.3546666666666667
0.3486666666666666
0.33666666666666667
0.34833333333333333
0.34366666666666673
0.347
0.3466666666666667
0.34600000000000003
0.34766666666666673
0.34400000000000003
0.34366666666666673
0.3526666666666667
0.3446666666666667
0.3459999999999999
0.3413333333333333
0.3516666666666666
0.3473333333333333
0.35766666666666663
0.359
0.3553333333333333
0.35366666666666663
0.35766666666666663
0.3459999999999999
0.3443333333333333
0.3456666666666666
0.3499999999999999
0.345
0.3526666666666667
0.35266666666666663
0.3466666666666667
0.35566666666666663
0.3506666666666667
0.3466666666666667
0.34900000000000003
0.3546666666666667
0.35266666666666663
0.36000000000000004
0.3553333333333333
0.3456666666666666
0.35000000000000003
0.336
0.3373333333333333
0.332
0.3353333333333333
0.3333333333333333
0.33866666666666667
0.33866666666666667
0.3413333333333333
0.3433333333333333
0.3353333333333333
0.32066666666666666
0.3113333333333333
0.306
0.32066666666666666
0.32033333333333336
0.36066666666666664
0.3713333333333333
0.34766666666666673
0.35300000000000004
0.373
0.3336666666666667
0.3376666666666666
0.341
0.333
0.3423333333333334
0.401
0.399
0.39566666666666667
0.3913333333333333
0.3866666666666667
0.39266666666666666
0.39799999999999996
0.38966666666666666
0.389
0.3973333333333333
0.36000000000000004
0.37166666666666665
0.377
0.36633333333333334
0.365
0.36633333333333334
0.36033333333333334
0.35033333333333333
0.34933333333333333
0.353
0.43166666666666664
0.4206666666666667
0.40099999999999997
0.401
0.4053333333333333
0.33033333333333337
0.33066666666666666
0.336
0.3383333333333334
0.332
0.32866666666666666
0.35300000000000004
0.3583333333333334
0.3566666666666667
0.33466666666666667
0.3406666666666667
0.3376666666666666
0.329
0.3503333333333334
0.3363333333333333
0.3376666666666666
0.3403333333333334
0.3373333333333333
0.3443333333333333
0.3426666666666667
0.3453333333333333
0.36166666666666664
0.33266666666666667
0.33266666666666667
0.3363333333333334
0.2803333333333333
0.26166666666666666
0.26133333333333336
0.26433333333333336
0.294
0.287
0.2773333333333333
0.26733333333333337
0.25866666666666666
0.26166666666666666
0.26033333333333336
0.26433333333333336
0.259
0.26433333333333336
0.26166666666666666
0.27033333333333337
0.263
0.25633333333333336
0.26
0.26266666666666666
0.26566666666666666
0.259
0.26233333333333336
0.257
0.262
0.2783333333333333
0.2813333333333333
0.26
0.261
0.26133333333333336
0.26366666666666666
0.2796666666666667
0.279
0.27133333333333337
0.271
0.27066666666666667
0.26966666666666667
0.27466666666666667
0.2733333333333334
0.27466666666666667
0.27366666666666667
0.27033333333333337
0.269
0.275
0.27466666666666667
0.269
0.26833333333333337
0.27666666666666667
0.272
0.2753333333333334
0.27033333333333337
0.27366666666666667
0.2783333333333334
0.27066666666666667
0.27033333333333337
0.27199999999999996
0.26966666666666667
0.2773333333333334
0.2803333333333333
0.26733333333333337
0.27066666666666667
0.2853333333333334
0.2733333333333333
0.27499999999999997
0.27166666666666667
0.26966666666666667
0.266
0.274
0.27666666666666667
0.273
0.2773333333333334
0.27199999999999996
0.26733333333333337
0.2743333333333334
0.271
0.269
0.27233333333333337
0.273
0.27466666666666667
0.27133333333333337
0.273
0.26933333333333337
0.27066666666666667
0.27699999999999997
0.263
0.26733333333333337
0.272
0.26633333333333337
0.27366666666666667
0.26666666666666666
0.26666666666666666
0.26966666666666667
0.271
0.27566666666666667
0.268
0.268
0.27133333333333337
0.27266666666666667
0.2753333333333334
0.27233333333333337
0.27133333333333337
0.276
0.27066666666666667
0.279
0.27099999999999996
0.26666666666666666
0.271
0.27899999999999997
0.273
0.27466666666666667
0.2906666666666667
0.282
0.27033333333333337
0.26966666666666667
0.269
0.2806666666666667
0.29433333333333334
0.27566666666666667
0.275
0.2773333333333333
0.2753333333333334
0.27033333333333337
0.2753333333333334
0.271
0.2773333333333333
0.336
0.334
0.34400000000000003
0.3376666666666667
0.3423333333333334
0.3333333333333333
0.3363333333333334
0.34
0.3376666666666666
0.3373333333333333
0.33466666666666667
0.335
0.3496666666666666
0.34933333333333333
0.33866666666666667
0.33233333333333337
0.33233333333333337
0.3393333333333333
0.3336666666666667
0.33866666666666667
0.33433333333333337
0.335
0.3383333333333334
0.33433333333333337
0.33666666666666667
0.33866666666666667
0.3406666666666666
0.33666666666666667
0.3383333333333333
0.3393333333333333
0.3423333333333333
0.331
0.34299999999999997
0.3376666666666666
0.3313333333333333
0.3416666666666666
0.33866666666666667
0.33266666666666667
0.3363333333333333
0.3376666666666667
0.3413333333333333
0.336
0.336
0.3416666666666666
0.33
0.34
0.357
0.34600000000000003
0.35766666666666663
0.36166666666666664
0.42533333333333334
0.40399999999999997
0.4013333333333333
0.40066666666666667
0.401
0.39566666666666667
0.40199999999999997
0.40066666666666667
0.40399999999999997
0.4366666666666667
0.389
0.37433333333333335
0.36933333333333335
0.387
0.36066666666666664
0.441
0.4486666666666667
0.4343333333333333
0.4166666666666667
0.4156666666666667
0.35433333333333333
0.36800000000000005
0.36000000000000004
0.36966666666666664
0.36066666666666664
0.33866666666666667
0.34400000000000003
0.3383333333333334
0.332
0.3363333333333334
0.33066666666666666
0.3293333333333333
0.341
0.34099999999999997
0.3356666666666667
0.34099999999999997
0.34
0.357
0.35966666666666675
0.35566666666666663
0.3393333333333333
0.33699999999999997
0.33433333333333337
0.3363333333333334
0.332
0.33033333333333337
0.3356666666666667
0.36000000000000004
0.35733333333333334
0.35400000000000004
0.31266666666666665
0.3093333333333333
0.2973333333333333
0.29666666666666663
0.303
0.32066666666666666
0.322
0.3136666666666667
0.3113333333333333
0.314
0.31
0.3093333333333333
0.3013333333333333
0.3036666666666667
0.3156666666666667
0.3076666666666667
0.31033333333333335
0.3076666666666667
0.317
0.2956666666666667
0.288
0.296
0.2916666666666667
0.2953333333333333
0.29200000000000004
0.2996666666666667
0.293
0.2866666666666667
0.296
0.28800000000000003
0.293
0.288
0.29033333333333333
0.306
0.29
0.29066666666666663
0.2976666666666667
0.294
0.298
0.29633333333333334
0.29466666666666663
0.2896666666666667
0.291
0.29433333333333334
0.291
0.294
0.2973333333333333
0.314
0.327
0.3376666666666667
0.32633333333333336
0.321
0.3133333333333333
0.3153333333333333
0.32233333333333336
0.3173333333333333
0.31466666666666665
0.315
0.313
0.30666666666666664
0.30466666666666664
0.3156666666666667
0.32466666666666666
0.30433333333333334
0.321
0.3013333333333333
0.2976666666666667
0.30866666666666664
0.32433333333333336
0.322
0.2993333333333333
0.322
0.324
0.32866666666666666
0.3016666666666667
0.29833333333333334
0.318
0.3156666666666667
0.3076666666666667
0.308
0.31266666666666665
0.311
0.3093333333333333
0.3016666666666667
0.321
0.323
0.30833333333333335
0.3116666666666667
0.3193333333333333
0.32233333333333336
0.30866666666666664
0.31266666666666665
0.3116666666666667
0.319
0.31666666666666665
0.3463333333333334
0.3113333333333333
0.2993333333333333
0.304
0.3056666666666667
0.29866666666666664
0.3
0.296
0.2933333333333333
0.315
0.32233333333333336
0.3013333333333333
0.30833333333333335
0.29433333333333334
0.288
0.29266666666666663
0.2936666666666667
0.2953333333333333
0.31633333333333336
0.33066666666666666
0.317
0.30266666666666664
0.2993333333333333
0.2936666666666667
0.293
0.296
0.317
0.32666666666666666
0.30466666666666664
0.326
0.3033333333333333
0.2926666666666667
0.2796666666666667
0.2856666666666667
0.3073333333333333
0.306
0.303
0.298
0.29466666666666663
0.2773333333333334
0.2823333333333333
0.302
0.329
0.293
0.30066666666666664
0.3026666666666667
0.2973333333333334
0.299
0.2826666666666667
0.287
0.278
0.2796666666666667
0.2853333333333334
0.2773333333333333
0.2783333333333333
0.27666666666666667
0.2786666666666667
0.2743333333333334
0.276
0.2753333333333334
0.2813333333333333
0.27666666666666667
0.27266666666666667
0.2776666666666667
0.2753333333333334
0.27999999999999997
0.2806666666666667
0.29533333333333334
0.289
0.27499999999999997
0.2783333333333333
0.297
0.295
0.2813333333333333
0.27266666666666667
0.27466666666666667
0.27666666666666667
0.27233333333333337
0.2796666666666667
0.276
0.277
0.27899999999999997
0.2733333333333334
0.2786666666666667
0.29266666666666663
0.3073333333333333
0.3276666666666667
0.2886666666666666
0.2893333333333334
0.286
0.28200000000000003
0.2876666666666667
0.2853333333333334
0.2936666666666667
0.2896666666666667
0.291
0.2996666666666667
0.293
0.2956666666666667
0.30066666666666664
0.29
0.2883333333333334
0.2866666666666667
0.2853333333333333
0.28400000000000003
0.316
0.295
0.28633333333333333
0.2846666666666667
0.2796666666666667
0.3116666666666667
0.327
0.30266666666666664
0.311
0.2866666666666667
0.3016666666666667
0.2963333333333334
0.29033333333333333
0.2976666666666667
0.28
0.286
0.27699999999999997
0.28533333333333327
0.2846666666666667
0.277
0.278
0.2823333333333334
0.279
0.2823333333333333
0.2836666666666667
0.29
0.2773333333333333
0.27799999999999997
0.28200000000000003
0.2883333333333334
0.2886666666666667
0.30033333333333334
0.2793333333333333
0.2806666666666667
0.291
0.285
0.28099999999999997
0.28633333333333333
0.283
0.28833333333333333
0.278
0.2866666666666667
0.2786666666666667
0.2786666666666667
0.2826666666666667
0.28200000000000003
0.2813333333333333
0.286
0.283
0.285
0.2836666666666667
0.2816666666666667
0.2846666666666667
0.2806666666666667
0.2803333333333333
0.2786666666666667
0.2793333333333333
0.27799999999999997
0.279
0.2833333333333333
0.29400000000000004
0.28099999999999997
0.2806666666666667
0.28600000000000003
0.2796666666666667
0.28633333333333333
0.28833333333333333
0.2853333333333334
0.2893333333333333
0.29633333333333334
0.29000000000000004
0.29066666666666663
0.28833333333333333
0.292
0.2993333333333333
0.38966666666666666
0.3946666666666667
0.3983333333333334
0.3906666666666667
0.39466666666666667
0.39233333333333337
0.393
0.39566666666666667
0.38866666666666666
0.3913333333333333
0.3873333333333333
0.39033333333333337
0.38566666666666666
0.39999999999999997
0.4386666666666667
0.4083333333333334
0.39066666666666666
0.393
0.38800000000000007
0.39366666666666666
0.38633333333333336
0.38599999999999995
0.39166666666666666
0.38766666666666666
0.3833333333333333
0.38599999999999995
0.38366666666666666
0.39999999999999997
0.38866666666666666
0.40199999999999997
0.393
0.39166666666666666
0.3873333333333333
0.3833333333333333
0.38433333333333336
0.3906666666666667
0.3913333333333333
0.40066666666666667
0.39033333333333337
0.39166666666666666
0.3873333333333333
0.3953333333333333
0.39366666666666666
0.39266666666666666
0.38866666666666666
0.39866666666666667
0.4223333333333333
0.414
0.41966666666666663
0.4123333333333334
0.38033333333333336
0.3833333333333333
0.37200000000000005
0.37733333333333335
0.379
0.37666666666666665
0.38799999999999996
0.37366666666666665
0.37666666666666665
0.381
0.3753333333333333
0.393
0.3786666666666667
0.422
0.44
0.4423333333333333
0.41733333333333333
0.37233333333333335
0.451
0.39799999999999996
0.4023333333333334
0.36999999999999994
0.37399999999999994
0.36866666666666664
0.37166666666666665
0.4446666666666667
0.449
0.44366666666666665
0.438
0.4426666666666667
0.43733333333333335
0.44533333333333336
0.45599999999999996
0.455
0.4343333333333333
0.428
0.41500000000000004
0.40700000000000003
0.4343333333333333
0.4116666666666666
0.41533333333333333
0.4206666666666667
0.403
0.4223333333333333
0.417
0.4653333333333333
0.46799999999999997
0.43766666666666665
0.451
0.44766666666666666
0.393
0.38533333333333336
0.383
0.3946666666666667
0.39399999999999996
0.39866666666666667
0.3873333333333333
0.39599999999999996
0.41
0.39333333333333337
0.3906666666666667
0.39033333333333337
0.38599999999999995
0.39799999999999996
0.38766666666666666
0.39766666666666667
0.3993333333333333
0.39566666666666667
0.4056666666666667
0.4093333333333333
0.6356666666666667
0.5123333333333334
0.39399999999999996
0.391
0.399
0.432
0.437
0.427
0.4466666666666666
0.425
0.4246666666666667
0.426
0.4776666666666667
0.4573333333333333
0.4223333333333334
0.424
0.42133333333333334
0.4506666666666667
0.4263333333333333
0.42733333333333334
0.419
0.414
0.4056666666666666
0.4223333333333334
0.40900000000000003
0.45966666666666667
0.4566666666666667
0.466
0.449
0.4246666666666667
0.4143333333333333
0.43766666666666665
0.4446666666666667
0.4573333333333333
0.428
0.4066666666666667
0.44399999999999995
0.4483333333333333
0.4136666666666667
0.423
0.4606666666666667
0.4606666666666667
0.458
0.47
0.446
0.4263333333333333
0.414
0.4426666666666666
0.4366666666666667
0.43
0.4483333333333333
0.437
0.4693333333333333
0.4583333333333333
0.447
0.45199999999999996
0.449
0.4803333333333333
0.46866666666666673
0.4446666666666667
0.4526666666666666
0.43933333333333335
0.43766666666666665
0.43
0.43166666666666664
0.42533333333333334
0.4226666666666667
0.42533333333333334
0.42333333333333334
0.4286666666666667
0.42966666666666664
0.4693333333333333
0.453
0.426
0.4403333333333333
0.422
0.436
0.4386666666666666
0.431
0.4246666666666667
0.32266666666666666
0.36200000000000004
0.36433333333333334
0.37166666666666665
0.38599999999999995
0.361
0.39233333333333337
0.4146666666666667
0.34833333333333333
0.41500000000000004
0.37999999999999995
0.39766666666666667
0.377
0.3463333333333333
0.36199999999999993
0.33699999999999997
0.3746666666666667
0.34400000000000003
0.34800000000000003
0.35366666666666663
0.38766666666666666
0.3393333333333333
0.32433333333333336
0.342
0.341
0.494
0.49433333333333335
0.525
0.49899999999999994
0.5013333333333333
0.49466666666666664
0.5256666666666666
0.5419999999999999
0.5136666666666666
0.5006666666666666
0.5063333333333334
0.5456666666666666
0.5586666666666668
0.521
0.5313333333333333
0.49766666666666665
0.48100000000000004
0.4756666666666667
0.46900000000000003
0.44566666666666666
0.4343333333333333
0.45166666666666666
0.44766666666666666
0.43933333333333335
0.48299999999999993
0.3073333333333333
0.3073333333333333
0.3073333333333333
0.31266666666666665
0.314
0.3193333333333333
0.284
0.292
0.29833333333333334
0.3153333333333333
0.29433333333333334
0.3016666666666667
0.305
0.288
0.289
0.2913333333333333
0.29466666666666663
0.30066666666666664
0.3153333333333333
0.3153333333333333
0.31066666666666665
0.31866666666666665
0.30266666666666664
0.2976666666666667
0.2956666666666667
0.3
0.2953333333333333
0.30033333333333334
0.295
0.298
0.30666666666666664
0.307
0.30866666666666664
0.302
0.2956666666666667
0.30266666666666664
0.31233333333333335
0.328
0.29466666666666663
0.31233333333333335
0.323
0.32233333333333336
0.31033333333333335
0.3173333333333333
0.31433333333333335
0.306
0.30266666666666664
0.32633333333333336
0.3526666666666667
0.31
0.325
0.3153333333333333
0.316
0.315
0.31033333333333335
0.3156666666666667
0.316
0.32433333333333336
0.3136666666666667
0.30633333333333335
0.3116666666666667
0.309
0.3073333333333333
0.32233333333333336
0.3216666666666667
0.306
0.3176666666666667
0.33966666666666673
0.31633333333333336
0.3193333333333333
0.317
0.3253333333333333
0.331
0.3196666666666667
0.316
0.312
0.3236666666666667
0.31633333333333336
0.32666666666666666
0.3216666666666667
0.307
0.3
0.3093333333333333
0.314
0.31233333333333335
0.312
0.31
0.30466666666666664
0.3013333333333333
0.3036666666666667
0.3193333333333333
0.30433333333333334
0.30466666666666664
0.3
0.30466666666666664
0.3053333333333333
0.30233333333333334
0.30066666666666664
0.30033333333333334
0.29433333333333334
0.29633333333333334
0.30033333333333334
0.30266666666666664
0.3096666666666667
0.30033333333333334
0.298
0.3013333333333333
0.3076666666666667
0.3056666666666667
0.2973333333333333
0.30433333333333334
0.315
0.3093333333333333
0.303
0.305
0.308
0.31233333333333335
0.315
0.3096666666666667
0.317
0.314
0.3193333333333333
0.3136666666666667
0.309
0.31466666666666665
0.28633333333333333
0.284
0.2806666666666667
0.2813333333333333
0.26966666666666667
0.27666666666666667
0.2796666666666667
0.276
0.2913333333333333
0.29
0.28633333333333333
0.2836666666666667
0.2866666666666666
0.29666666666666663
0.285
0.294
0.2816666666666667
0.294
0.295
0.2843333333333333
0.291
0.2893333333333333
0.28633333333333333
0.28633333333333333
0.2806666666666667
0.2806666666666667
0.2833333333333334
0.283
0.2796666666666667
0.26566666666666666
0.2823333333333333
0.2783333333333333
0.2803333333333333
0.27466666666666667
0.27233333333333337
0.2763333333333333
0.2783333333333334
0.273
0.2803333333333333
0.28533333333333327
0.2873333333333333
0.28200000000000003
0.2733333333333334
0.2803333333333334
0.27466666666666667
0.27466666666666667
0.27799999999999997
0.26933333333333337
0.2793333333333334
0.27066666666666667
0.282
0.27133333333333337
0.274
0.27366666666666667
0.2733333333333334
0.26666666666666666
0.2763333333333333
0.273
0.27166666666666667
0.27166666666666667
0.272
0.287
0.26833333333333337
0.26633333333333337
0.26666666666666666
0.26766666666666666
0.26833333333333337
0.25833333333333336
0.264
0.26333333333333336
0.271
0.26533333333333337
0.26633333333333337
0.26433333333333336
0.266
0.26566666666666666
0.26466666666666666
0.258
0.26666666666666666
0.26666666666666666
0.264
0.26866666666666666
0.26233333333333336
0.26466666666666666
0.258
0.26866666666666666
0.27266666666666667
0.267
0.259
0.261
0.26466666666666666
0.26133333333333336
0.26466666666666666
0.26033333333333336
0.256
0.258
0.25666666666666665
0.25366666666666665
0.259
0.26066666666666666
0.26533333333333337
0.25166666666666665
0.26033333333333336
0.25933333333333336
0.26166666666666666
0.25466666666666665
0.25866666666666666
0.25566666666666665
0.25433333333333336
0.261
0.2793333333333334
0.27
0.308
0.2876666666666667
0.2813333333333334
0.26866666666666666
0.28133333333333327
0.285
0.2906666666666667
0.28633333333333333
0.271
0.2886666666666666
0.27566666666666667
0.27499999999999997
0.2753333333333334
0.251
0.24866666666666667
0.253
0.246
0.251
0.25133333333333335
0.25
0.25133333333333335
0.246
0.25
0.24966666666666668
0.25166666666666665
0.25766666666666665
0.25366666666666665
0.252
0.25033333333333335
0.248
0.25033333333333335
0.251
0.263
0.25333333333333335
0.24833333333333332
0.255
0.25466666666666665
0.24733333333333332
0.252
0.256
0.272
0.27466666666666667
0.2836666666666667
0.27266666666666667
0.2753333333333334
0.26866666666666666
0.27466666666666667
0.27666666666666667
0.26866666666666666
0.26
0.27033333333333337
0.26033333333333336
0.2803333333333333
0.2776666666666667
0.26833333333333337
0.274
0.267
0.26433333333333336
0.26866666666666666
0.26866666666666666
0.25733333333333336
0.271
0.27366666666666667
0.27266666666666667
0.262
0.25966666666666666
0.27466666666666667
0.272
0.27166666666666667
0.27899999999999997
0.27466666666666667
0.2796666666666667
0.267
0.27666666666666667
0.26866666666666666
0.2786666666666667
0.27566666666666667
0.276
0.26433333333333336
0.271
0.2733333333333334
0.26933333333333337
0.27499999999999997
0.285
0.27266666666666667
0.27299999999999996
0.2776666666666667
0.276
0.26433333333333336
0.27266666666666667
0.2773333333333334
0.26233333333333336
0.27133333333333337
0.26666666666666666
0.27066666666666667
0.27133333333333337
0.26733333333333337
0.27466666666666667
0.26366666666666666
0.268
0.27399999999999997
0.262
0.26066666666666666
0.25566666666666665
0.26033333333333336
0.26333333333333336
0.265
0.256
0.27133333333333337
0.26166666666666666
0.26933333333333337
0.27266666666666667
0.27466666666666667
0.281
0.2806666666666666
0.2823333333333333
0.274
0.267
0.273
0.27499999999999997
0.2733333333333334
0.27699999999999997
0.2743333333333333
0.27366666666666667
0.273
0.26433333333333336
0.2753333333333334
0.2753333333333334
0.2763333333333334
0.27233333333333337
0.27366666666666667
0.26433333333333336
0.26333333333333336
0.27033333333333337
0.26733333333333337
0.26966666666666667
0.275
0.2763333333333334
0.276
0.2803333333333334
0.29066666666666663
0.282
0.2803333333333333
0.28200000000000003
0.26866666666666666
0.28133333333333327
0.27466666666666667
0.27699999999999997
0.26733333333333337
0.2846666666666667
0.277
0.27233333333333337
0.276
0.28
0.2823333333333333
0.284
0.27166666666666667
0.26333333333333336
0.2786666666666667
0.272
0.281
0.2753333333333334
0.28
0.276
0.2733333333333334
0.28333333333333327
0.285
0.27233333333333337
0.273
0.26033333333333336
0.268
0.27066666666666667
0.26866666666666666
0.264
0.269
0.27466666666666667
0.271
0.27266666666666667
0.2776666666666667
0.268
0.26933333333333337
0.263
0.27
0.264
0.27233333333333337
0.26466666666666666
0.26933333333333337
0.27466666666666667
0.26533333333333337
0.268
0.266
0.2703333333333333
0.26966666666666667
0.26433333333333336
0.272
0.26466666666666666
0.262
0.26633333333333337
0.26233333333333336
0.268
0.26766666666666666
0.26233333333333336
0.262
0.266
0.26466666666666666
0.26133333333333336
0.261
0.26433333333333336
0.264
0.265
0.265
0.26366666666666666
0.26766666666666666
0.271
0.25833333333333336
0.26466666666666666
0.265
0.27133333333333337
0.273
0.269
0.26733333333333337
0.269
0.26666666666666666
0.26333333333333336
0.263
0.26433333333333336
0.27133333333333337
0.26466666666666666
0.26833333333333337
0.2713333333333333
0.26166666666666666
0.26566666666666666
0.268
0.2866666666666667
0.2843333333333334
0.2836666666666667
0.2833333333333334
0.27799999999999997
0.277
0.284
0.2876666666666667
0.2876666666666667
0.27166666666666667
0.26833333333333337
0.26633333333333337
0.26566666666666666
0.26033333333333336
0.271
0.27366666666666667
0.268
0.26833333333333337
0.268
0.26866666666666666
0.26833333333333337
0.26233333333333336
0.26133333333333336
0.266
0.26433333333333336
0.25933333333333336
0.26766666666666666
0.26566666666666666
0.26366666666666666
0.27299999999999996
0.26933333333333337
0.267
0.274
0.27699999999999997
0.27066666666666667
0.26733333333333337
0.26766666666666666
0.27099999999999996
0.26966666666666667
0.26466666666666666
0.26766666666666666
0.26966666666666667
0.27166666666666667
0.26833333333333337
0.27566666666666667
0.26933333333333337
0.27566666666666667
0.2733333333333334
0.26733333333333337
0.269
0.26366666666666666
0.26933333333333337
0.26933333333333337
0.27033333333333337
0.27066666666666667
0.26933333333333337
0.26466666666666666
0.264
0.274
0.26433333333333336
0.26666666666666666
0.27033333333333337
0.27033333333333337
0.26733333333333337
0.2776666666666667
0.26566666666666666
0.2713333333333333
0.269
0.27499999999999997
0.26933333333333337
0.27166666666666667
0.27699999999999997
0.27299999999999996
0.27166666666666667
0.26866666666666666
0.26666666666666666
0.26966666666666667
0.26233333333333336
0.27033333333333337
0.25666666666666665
0.252
0.26033333333333336
0.26
0.256
0.25666666666666665
0.25433333333333336
0.255
0.25433333333333336
0.253
0.25733333333333336
0.25566666666666665
0.25333333333333335
0.25766666666666665
0.25666666666666665
0.25733333333333336
0.257
0.259
0.25533333333333336
0.25866666666666666
0.26
0.255
0.253
0.25633333333333336
0.25533333333333336
0.25766666666666665
0.26
0.25466666666666665
0.257
0.261
0.25933333333333336
0.263
0.25766666666666665
0.266
0.254
0.258
0.254
0.25666666666666665
0.25366666666666665
0.25566666666666665
0.253
0.257
0.25533333333333336
0.25766666666666665
0.257
0.25466666666666665
0.26133333333333336
0.25966666666666666
0.2826666666666667
0.26966666666666667
0.259
0.25833333333333336
0.25833333333333336
0.253
0.255
0.25366666666666665
0.257
0.25866666666666666
0.262
0.25733333333333336
0.26333333333333336
0.26033333333333336
0.25733333333333336
0.26033333333333336
0.25933333333333336
0.2733333333333334
0.2836666666666667
0.2733333333333334
0.26933333333333337
0.26766666666666666
0.259
0.256
0.25766666666666665
0.26333333333333336
0.265
0.27066666666666667
0.335
0.32633333333333336
0.33466666666666667
0.335
0.33
0.3313333333333333
0.332
0.3333333333333333
0.3393333333333333
0.33233333333333337
0.3363333333333334
0.3373333333333333
0.3333333333333333
0.335
0.33466666666666667
0.332
0.33
0.324
0.3253333333333333
0.32633333333333336
0.3293333333333333
0.3436666666666666
0.3423333333333333
0.33666666666666667
0.331
0.3363333333333334
0.335
0.338
0.33066666666666666
0.3383333333333334
0.328
0.3333333333333333
0.3393333333333333
0.33
0.33266666666666667
0.3413333333333333
0.3383333333333334
0.333
0.333
0.336
0.337
0.32433333333333336
0.33466666666666667
0.332
0.332
0.325
0.336
0.337
0.33433333333333337
0.33966666666666673
0.34299999999999997
0.339
0.33866666666666667
0.34833333333333333
0.337
0.331
0.3396666666666666
0.3406666666666667
0.333
0.3296666666666667
0.3423333333333334
0.33033333333333337
0.3313333333333333
0.334
0.332
0.3353333333333333
0.336
0.3356666666666667
0.3413333333333333
0.33466666666666667
0.33866666666666667
0.3316666666666667
0.33466666666666667
0.33
0.3403333333333334
0.33
0.33666666666666667
0.3353333333333333
0.335
0.33233333333333337
0.3293333333333333
0.3296666666666667
0.33233333333333337
0.3293333333333333
0.331
0.33
0.32866666666666666
0.331
0.33666666666666667
0.3499999999999999
0.3416666666666666
0.32833333333333337
0.336
0.3363333333333334
0.328
0.3333333333333333
0.3336666666666667
0.33033333333333337
0.325
0.33466666666666667
0.2866666666666667
0.2873333333333334
0.28333333333333327
0.283
0.2856666666666667
0.3016666666666667
0.29433333333333334
0.2866666666666666
0.282
0.289
0.2786666666666667
0.286
0.28600000000000003
0.2816666666666667
0.28633333333333333
0.2836666666666667
0.2826666666666667
0.288
0.283
0.27799999999999997
0.2896666666666667
0.29
0.2846666666666667
0.2846666666666667
0.2816666666666667
0.268
0.26733333333333337
0.26866666666666666
0.26533333333333337
0.26866666666666666
0.272
0.272
0.2743333333333333
0.26333333333333336
0.274
0.26333333333333336
0.27166666666666667
0.267
0.26466666666666666
0.26933333333333337
0.26566666666666666
0.2733333333333334
0.27
0.26866666666666666
0.2786666666666667
0.27133333333333337
0.2743333333333333
0.27033333333333337
0.272
0.26799999999999996
0.27899999999999997
0.2743333333333334
0.27266666666666667
0.27133333333333337
0.2773333333333334
0.2776666666666667
0.26633333333333337
0.28200000000000003
0.27166666666666667
0.274
0.266
0.272
0.27233333333333337
0.27033333333333337
0.26966666666666667
0.263
0.28099999999999997
0.274
0.264
0.26933333333333337
0.272
0.26766666666666666
0.27366666666666667
0.273
0.2783333333333333
0.28600000000000003
0.27566666666666667
0.27
0.26933333333333337
0.268
0.273
0.27066666666666667
0.28099999999999997
0.2743333333333334
0.26233333333333336
0.27566666666666667
0.26666666666666666
0.26533333333333337
0.26666666666666666
0.26933333333333337
0.27066666666666667
0.26733333333333337
0.272
0.26566666666666666
0.27233333333333337
0.267
0.27233333333333337
0.269
0.26833333333333337
0.28099999999999997
0.26566666666666666
0.26833333333333337
0.26733333333333337
0.27466666666666667
0.26733333333333337
0.26633333333333337
0.26766666666666666
0.266
0.26633333333333337
0.273
0.26566666666666666
0.265
0.26633333333333337
0.26933333333333337
0.26733333333333337
0.267
0.27133333333333337
0.26166666666666666
0.26466666666666666
0.26833333333333337
0.26166666666666666
0.26666666666666666
0.27
0.26666666666666666
0.26866666666666666
0.27033333333333337
0.27366666666666667
0.27133333333333337
0.268
0.27033333333333337
0.2743333333333334
0.26666666666666666
0.26366666666666666
0.269
0.27466666666666667
0.2753333333333334
0.27266666666666667
0.27599999999999997
0.27166666666666667
0.27666666666666667
0.27366666666666667
0.285
0.27366666666666667
0.27133333333333337
0.26766666666666666
0.276
0.2733333333333334
0.27066666666666667
0.26933333333333337
0.27
0.25633333333333336
0.267
0.266
0.26366666666666666
0.26333333333333336
0.26166666666666666
0.261
0.261
0.268
0.26933333333333337
0.25733333333333336
0.26766666666666666
0.26666666666666666
0.265
0.258
0.26533333333333337
0.26333333333333336
0.26533333333333337
0.268
0.26066666666666666
0.255
0.256
0.25733333333333336
0.254
0.25833333333333336
0.26133333333333336
0.26133333333333336
0.25566666666666665
0.26166666666666666
0.26466666666666666
0.26833333333333337
0.25933333333333336
0.255
0.25433333333333336
0.256
0.25366666666666665
0.25333333333333335
0.24766666666666667
0.25566666666666665
0.252
0.24933333333333332
0.25166666666666665
0.25333333333333335
0.25333333333333335
0.24933333333333332
0.25233333333333335
0.25433333333333336
0.258
0.25333333333333335
0.25533333333333336
0.25466666666666665
0.25433333333333336
0.25566666666666665
0.252
0.25366666666666665
0.253
0.25233333333333335
0.25966666666666666
0.25433333333333336
0.25533333333333336
0.25366666666666665
0.251
0.25033333333333335
0.25133333333333335
0.251
0.25833333333333336
0.25833333333333336
0.257
0.255
0.25333333333333335
0.25433333333333336
0.25866666666666666
0.2743333333333334
0.26999999999999996
0.2786666666666667
0.2786666666666667
0.262
0.25266666666666665
0.247
0.25566666666666665
0.25266666666666665
0.25266666666666665
0.25333333333333335
0.25466666666666665
0.25566666666666665
0.25166666666666665
0.25133333333333335
0.25666666666666665
0.25266666666666665
0.25166666666666665
0.25433333333333336
0.25766666666666665
0.26033333333333336
0.255
0.255
0.256
0.25466666666666665
0.26333333333333336
0.257
0.26533333333333337
0.26333333333333336
0.26466666666666666
0.27033333333333337
0.26166666666666666
0.261
0.268
0.26566666666666666
0.26
0.268
0.262
0.26366666666666666
0.26066666666666666
0.26166666666666666
0.262
0.26566666666666666
0.25966666666666666
0.26766666666666666
0.26666666666666666
0.26
0.26066666666666666
0.26166666666666666
0.26666666666666666
0.26766666666666666
0.26166666666666666
0.27066666666666667
0.3466666666666667
0.3463333333333333
0.33899999999999997
0.3456666666666666
0.3363333333333334
0.324
0.331
0.324
0.3356666666666667
0.33033333333333337
0.327
0.3273333333333333
0.3313333333333333
0.32833333333333337
0.3276666666666667
0.32666666666666666
0.3233333333333333
0.323
0.33233333333333337
0.33033333333333337
0.3216666666666667
0.32866666666666666
0.32666666666666666
0.32833333333333337
0.3333333333333333
0.327
0.3196666666666667
0.3236666666666667
0.32433333333333336
0.32433333333333336
0.3233333333333333
0.325
0.3253333333333333
0.3256666666666667
0.323
0.327
0.3233333333333333
0.32866666666666666
0.33466666666666667
0.3336666666666666
0.3313333333333333
0.32466666666666666
0.32233333333333336
0.321
0.3273333333333333
0.332
0.3196666666666667
0.3236666666666667
0.3313333333333333
0.3256666666666667
0.301
0.3033333333333333
0.3013333333333333
0.303
0.3036666666666667
0.29666666666666663
0.3036666666666667
0.30433333333333334
0.30833333333333335
0.2993333333333333
0.293
0.29466666666666663
0.2913333333333333
0.301
0.294
0.3236666666666667
0.316
0.304
0.30833333333333335
0.31866666666666665
0.302
0.3033333333333333
0.2996666666666667
0.3033333333333333
0.3036666666666667
0.37433333333333335
0.38166666666666665
0.37833333333333335
0.379
0.37733333333333335
0.38166666666666665
0.37600000000000006
0.37766666666666665
0.37799999999999995
0.3786666666666667
0.35233333333333333
0.3486666666666667
0.35233333333333333
0.3433333333333333
0.351
0.3473333333333333
0.3423333333333334
0.339
0.3486666666666666
0.3446666666666667
0.3786666666666667
0.3786666666666667
0.38400000000000006
0.38133333333333336
0.385
0.333
0.33233333333333337
0.339
0.325
0.33866666666666667
0.337
0.33099999999999996
0.3316666666666667
0.32666666666666666
0.3356666666666667
0.338
0.329
0.327
0.3313333333333333
0.328
0.33033333333333337
0.33033333333333337
0.32633333333333336
0.3216666666666667
0.32633333333333336
0.3353333333333333
0.3293333333333333
0.32866666666666666
0.32666666666666666
0.33866666666666667
0.25966666666666666
0.25766666666666665
0.257
0.26266666666666666
0.25333333333333335
0.25966666666666666
0.26
0.25766666666666665
0.25966666666666666
0.259
0.259
0.25633333333333336
0.25833333333333336
0.25266666666666665
0.257
0.263
0.255
0.258
0.25966666666666666
0.25633333333333336
0.26033333333333336
0.26066666666666666
0.25966666666666666
0.25733333333333336
0.26233333333333336
0.25933333333333336
0.25766666666666665
0.25933333333333336
0.257
0.25566666666666665
0.26066666666666666
0.256
0.25433333333333336
0.257
0.25433333333333336
0.26466666666666666
0.26266666666666666
0.25533333333333336
0.25533333333333336
0.25533333333333336
0.256
0.25966666666666666
0.25566666666666665
0.25966666666666666
0.25733333333333336
0.25633333333333336
0.26533333333333337
0.2776666666666667
0.2876666666666667
0.2803333333333333
0.275
0.2786666666666667
0.28833333333333333
0.273
0.285
0.26366666666666666
0.25733333333333336
0.259
0.2733333333333334
0.268
0.2763333333333334
0.28400000000000003
0.248
0.25633333333333336
0.247
0.252
0.25566666666666665
0.28533333333333327
0.26733333333333337
0.284
0.26033333333333336
0.24833333333333332
0.249
0.24766666666666667
0.25266666666666665
0.25133333333333335
0.27566666666666667
0.26766666666666666
0.2753333333333333
0.25433333333333336
0.24566666666666667
0.24766666666666667
0.24966666666666668
0.24433333333333332
0.248
0.27099999999999996
0.2776666666666667
0.2823333333333333
0.2853333333333334
0.31233333333333335
0.2823333333333333
0.27566666666666667
0.2773333333333334
0.25566666666666665
0.24633333333333332
0.24666666666666667
0.24566666666666667
0.247
0.24533333333333332
0.27466666666666667
0.26733333333333337
0.25566666666666665
0.25166666666666665
0.24733333333333332
0.24666666666666667
0.24733333333333332
0.251
0.249
0.28200000000000003
0.28099999999999997
0.2786666666666667
0.27566666666666667
0.2853333333333334
0.295
0.293
0.272
0.2813333333333334
0.2793333333333334
0.2836666666666667
0.2763333333333333
0.2846666666666666
0.269
0.28133333333333327
0.272
0.289
0.29466666666666663
0.28200000000000003
0.2836666666666667
0.27699999999999997
0.27166666666666667
0.25
0.25333333333333335
0.25433333333333336
0.25733333333333336
0.25333333333333335
0.258
0.25566666666666665
0.2623333333333333
0.2953333333333333
0.295
0.28800000000000003
0.27699999999999997
0.2773333333333334
0.28633333333333333
0.2806666666666666
0.29233333333333333
0.2896666666666667
0.2783333333333333
0.2853333333333333
0.289
0.2813333333333334
0.2786666666666667
0.27499999999999997
0.2816666666666667
0.26933333333333337
0.25566666666666665
0.25366666666666665
0.251
0.25833333333333336
0.25633333333333336
0.25266666666666665
0.266
0.254
0.255
0.27
0.282
0.26166666666666666
0.25666666666666665
0.28833333333333333
0.27299999999999996
0.305
0.2893333333333333
0.2786666666666666
0.277
0.2816666666666667
0.2763333333333334
0.2933333333333333
0.2813333333333333
0.2803333333333333
0.2896666666666667
0.27466666666666667
0.2786666666666667
0.27466666666666667
0.2783333333333333
0.2796666666666667
0.2893333333333333
0.28933333333333333
0.286
0.2856666666666667
0.288
0.28200000000000003
0.268
0.28333333333333327
0.27
0.288
0.29433333333333334
0.2836666666666667
0.2856666666666667
0.288
0.3016666666666667
0.2763333333333333
0.28200000000000003
0.2936666666666667
0.29233333333333333
0.31233333333333335
0.2733333333333334
0.2826666666666667
0.27033333333333337
0.26566666666666666
0.266
0.273
0.26633333333333337
0.28099999999999997
0.293
0.265
0.268
0.269
0.26566666666666666
0.26666666666666666
0.27266666666666667
0.2856666666666667
0.29
0.292
0.26933333333333337
0.268
0.267
0.26466666666666666
0.27033333333333337
0.261
0.26366666666666666
0.264
0.26833333333333337
0.27466666666666667
0.267
0.269
0.269
0.26766666666666666
0.275
0.26633333333333337
0.26866666666666666
0.26266666666666666
0.264
0.26766666666666666
0.27066666666666667
0.262
0.26466666666666666
0.26533333333333337
0.26933333333333337
0.26333333333333336
0.26433333333333336
