0.02633333333333333
0.06566666666666666
0.13233333333333333
0.019333333333333334
0.034
0.016666666666666666
0.022000000000000002
0.057666666666666665
0.06566666666666666
0.15333333333333332
0.012666666666666666
0.10366666666666667
0.013666666666666667
0.010333333333333333
0.011000000000000001
0.011333333333333334
0.11366666666666665
0.016
0.03266666666666667
0.119
0.038
0.050666666666666665
0.06033333333333333
0.12033333333333333
0.056
0.08900000000000001
0.02
0.04133333333333333
0.13833333333333334
0.04133333333333333
0.05833333333333333
0.026
0.018333333333333337
0.018666666666666668
0.023666666666666666
0.04933333333333334
0.13266666666666668
0.03
0.12466666666666666
0.08600000000000001
0.004666666666666667
0.08066666666666666
0.029666666666666664
0.07300000000000001
0.09400000000000001
0.08766666666666667
0.03133333333333333
0.030333333333333334
0.03833333333333333
0.050666666666666665
0.08266666666666667
0.06366666666666666
0.1423333333333333
0.043000000000000003
0.138
0.059666666666666666
0.013333333333333334
0.068
0.03766666666666666
0.009
0.028
0.016
0.05366666666666667
0.008666666666666668
0.04933333333333334
0.010666666666666666
0.08800000000000001
0.062
0.015
0.06866666666666667
0.021666666666666667
0.16
0.16266666666666665
0.06666666666666667
0.042333333333333334
0.014
0.13066666666666668
0.036000000000000004
0.18166666666666664
0.09100000000000001
0.02766666666666667
0.043666666666666666
0.029333333333333333
0.051333333333333335
0.03633333333333333
0.012000000000000002
0.09333333333333334
0.09333333333333334
0.005333333333333333
0.09166666666666667
0.09666666666666668
0.027
0.046000000000000006
0.013
0.017666666666666667
0.016666666666666666
0.1443333333333333
0.07033333333333334
0.13366666666666668
0.009
0.11866666666666666
0.075
0.12233333333333334
0.036000000000000004
0.013
0.05466666666666667
0.17066666666666666
0.07066666666666667
0.017333333333333336
0.07933333333333333
0.024666666666666667
0.038
0.136
0.15066666666666664
0.039
0.015666666666666666
0.051666666666666666
0.04033333333333333
0.005666666666666667
0.005333333333333333
0.042666666666666665
0.18566666666666665
0.11866666666666666
0.03666666666666666
0.09533333333333334
0.059666666666666666
0.18866666666666668
0.16233333333333333
0.04133333333333333
0.10233333333333333
0.02666666666666667
0.109
0.1443333333333333
0.04733333333333334
0.06166666666666667
0.028666666666666663
0.013666666666666667
0.025666666666666667
0.11233333333333333
0.016666666666666666
0.053
0.15366666666666665
0.11666666666666665
0.009
0.12733333333333333
0.13933333333333334
0.15133333333333332
0.030666666666666665
0.014666666666666666
0.064
0.12433333333333334
0.044333333333333336
0.008333333333333333
0.08366666666666667
0.06033333333333333
0.03833333333333333
0.22233333333333336
0.08366666666666667
0.09400000000000001
0.07233333333333332
0.06633333333333334
0.085
0.02033333333333333
0.013
0.017666666666666667
0.006666666666666667
0.019666666666666666
0.015
0.03133333333333333
0.026
0.02766666666666667
0.022000000000000002
0.016333333333333335
0.123
0.166
0.033
0.012666666666666666
0.013999999999999999
0.010666666666666666
0.016
0.018000000000000002
0.008333333333333333
0.012000000000000002
0.051333333333333335
0.018666666666666665
0.05433333333333334
0.05566666666666666
0.009666666666666665
0.007333333333333333
0.161
0.027
0.02766666666666667
0.006666666666666667
0.05433333333333334
0.033
0.028666666666666663
0.021666666666666667
0.09700000000000002
0.041666666666666664
0.035
0.033
0.129
0.08
0.014
0.06266666666666666
0.162
0.053
0.045000000000000005
0.03333333333333333
0.09800000000000002
0.055
0.010333333333333333
0.018666666666666665
0.019666666666666666
0.022333333333333334
0.009666666666666665
0.10766666666666667
0.004333333333333334
0.017666666666666667
0.006333333333333334
0.046000000000000006
0.04733333333333334
0.01933333333333333
0.18166666666666664
0.056666666666666664
0.13533333333333333
0.059666666666666666
0.03266666666666667
0.005
0.005333333333333333
0.013666666666666667
0.004666666666666667
0.04700000000000001
0.0036666666666666666
0.09400000000000001
0.12666666666666668
0.007333333333333333
0.013
0.137
0.06233333333333333
0.042
0.019333333333333334
0.02366666666666667
0.08833333333333333
0.10866666666666668
0.12366666666666666
0.014
0.17899999999999996
0.11733333333333333
0.010666666666666666
0.021333333333333333
0.15366666666666665
0.12233333333333334
0.08666666666666667
0.14033333333333334
0.162
0.054
0.044000000000000004
0.016
0.18000000000000002
0.013999999999999999
0.11433333333333334
0.17666666666666667
0.009
0.036333333333333336
0.083
0.10633333333333334
0.055
0.05366666666666667
0.09100000000000001
0.18166666666666664
0.164
0.006666666666666667
0.144
0.01
0.02
0.057
0.05466666666666667
0.04933333333333334
0.17899999999999996
0.06233333333333333
0.07
0.084
0.063
0.09166666666666667
0.14033333333333334
0.034
0.05833333333333333
0.07066666666666667
0.021666666666666667
0.045000000000000005
0.032
0.009666666666666665
0.06266666666666666
0.08033333333333333
0.05000000000000001
0.032
0.006000000000000001
0.04633333333333334
0.006000000000000001
0.15733333333333333
0.050333333333333334
0.04066666666666666
0.009666666666666665
0.08166666666666667
0.014
0.12366666666666666
0.046000000000000006
0.030333333333333334
0.013
0.037
0.06966666666666667
0.07033333333333334
0.018666666666666665
0.103
0.08233333333333333
0.015
0.03866666666666666
0.063
0.043333333333333335
0.17133333333333334
0.10033333333333334
0.03766666666666666
0.09533333333333334
0.021666666666666667
0.04666666666666667
0.03733333333333333
0.011333333333333334
0.004666666666666667
0.05466666666666667
0.017666666666666667
0.014333333333333332
0.056
0.050333333333333334
0.004666666666666667
0.07200000000000001
0.006999999999999999
0.08533333333333333
0.010666666666666666
0.14166666666666664
0.034333333333333334
0.006000000000000001
0.015666666666666666
0.06833333333333334
0.006000000000000001
0.05466666666666667
0.04633333333333334
0.04700000000000001
0.009666666666666665
0.059666666666666666
0.006333333333333333
0.005333333333333333
0.07
0.007333333333333333
0.06533333333333334
0.06366666666666666
0.04866666666666667
0.024999999999999998
0.077
0.07566666666666666
0.015333333333333332
0.04533333333333334
0.015333333333333332
0.012000000000000002
0.05366666666666667
0.08766666666666667
0.07966666666666666
0.09233333333333334
0.16333333333333333
0.07333333333333332
0.026
0.010333333333333333
0.07566666666666666
0.06433333333333334
0.14633333333333332
0.09233333333333334
0.036333333333333336
0.021666666666666667
0.04666666666666667
0.013
0.006333333333333333
0.06333333333333334
0.008
0.157
0.008
0.064
0.006333333333333334
0.012000000000000002
0.051
0.11333333333333334
0.037
0.042333333333333334
0.035
0.11166666666666668
0.08366666666666667
0.09400000000000001
0.067
0.042
0.03633333333333333
0.01833333333333333
0.0036666666666666666
0.077
0.06966666666666667
0.022333333333333334
0.042
0.15166666666666664
0.06166666666666667
0.043666666666666666
0.042
0.013666666666666667
0.021333333333333333
0.16266666666666665
0.112
0.07333333333333332
0.17833333333333332
0.128
0.011000000000000001
0.13366666666666668
0.06133333333333333
0.11133333333333334
0.018666666666666665
0.018666666666666665
0.06666666666666667
0.17866666666666667
0.09100000000000001
0.063
0.07333333333333332
0.011000000000000001
0.17566666666666667
0.04
0.17800000000000002
0.10266666666666667
0.012333333333333335
0.15366666666666665
0.17933333333333334
0.155
0.028333333333333335
0.04766666666666667
0.009666666666666665
0.028333333333333332
0.042666666666666665
0.16666666666666666
0.03666666666666666
0.050666666666666665
0.309
0.04066666666666666
0.034
0.08266666666666667
0.07400000000000001
0.020666666666666667
0.027333333333333334
0.162
0.10066666666666668
0.15733333333333333
0.016
0.158
0.01933333333333333
0.061
0.011666666666666667
0.09000000000000001
0.13333333333333333
0.025666666666666667
0.011333333333333334
0.014333333333333332
0.015333333333333332
0.10133333333333333
0.06433333333333334
0.03266666666666667
0.16866666666666666
0.008333333333333333
0.06466666666666666
0.09600000000000002
0.03866666666666666
0.10133333333333333
0.058666666666666666
0.035666666666666666
0.05466666666666667
0.08
0.122
0.013
0.019666666666666666
0.10266666666666667
0.08566666666666667
0.029333333333333333
0.042666666666666665
0.14533333333333331
0.06866666666666667
0.13
0.09733333333333334
0.08166666666666667
0.014333333333333332
0.10666666666666667
0.08333333333333333
0.03933333333333333
0.04066666666666666
0.4183333333333333
0.03366666666666667
0.030666666666666665
0.06766666666666667
0.030666666666666665
0.169
0.08600000000000001
0.009666666666666665
0.08566666666666667
0.06866666666666667
0.03566666666666667
0.16066666666666665
0.057333333333333326
0.08033333333333333
0.18133333333333335
0.007333333333333333
0.007666666666666666
0.009333333333333332
0.011666666666666667
0.10966666666666668
0.104
0.075
0.017
0.007333333333333333
0.08866666666666667
0.035666666666666666
0.03566666666666667
0.02366666666666667
0.108
0.043666666666666666
0.029666666666666664
0.007
0.064
0.013999999999999999
0.009000000000000001
0.027
0.07333333333333332
0.13933333333333334
0.013
0.067
0.17833333333333332
0.13533333333333333
0.09666666666666668
0.02033333333333333
0.010333333333333333
0.123
0.075
0.020666666666666667
0.077
0.04533333333333334
0.057333333333333326
0.04666666666666667
0.03233333333333333
0.012000000000000002
0.041666666666666664
0.09966666666666668
0.05633333333333334
0.027
0.011666666666666665
0.018000000000000002
0.139
0.18233333333333332
0.136
0.07133333333333332
0.045000000000000005
0.17533333333333334
0.009
0.17733333333333334
0.015666666666666666
0.020666666666666667
0.17366666666666664
0.06733333333333334
0.06466666666666666
0.10866666666666668
0.067
0.14666666666666664
0.13333333333333333
0.128
0.15566666666666665
0.04666666666666667
0.16133333333333333
0.016333333333333335
0.07033333333333334
0.015333333333333332
0.03366666666666667
0.005666666666666667
0.006333333333333334
0.005666666666666667
0.025666666666666667
0.004333333333333334
0.09733333333333334
0.009
0.09133333333333334
0.015666666666666666
0.008333333333333333
0.018666666666666665
0.06933333333333334
0.021333333333333333
0.028333333333333335
0.13566666666666669
0.012333333333333335
0.04533333333333334
0.009333333333333332
0.131
0.04133333333333333
0.073
0.14133333333333334
0.033
0.09066666666666667
0.01833333333333333
0.066
0.02466666666666667
0.017666666666666667
0.025666666666666667
0.004666666666666667
0.16733333333333333
0.05666666666666667
0.006666666666666667
0.028999999999999998
0.067
0.083
0.012333333333333333
0.09666666666666668
0.07266666666666667
0.07866666666666666
0.008
0.05266666666666667
0.10833333333333334
0.028999999999999998
0.028333333333333335
0.412
0.016
0.11566666666666665
0.04933333333333333
0.02466666666666667
0.006000000000000001
0.041666666666666664
0.043333333333333335
0.006333333333333334
0.02033333333333333
0.047999999999999994
0.025333333333333336
0.017666666666666667
0.016
0.015666666666666666
0.021666666666666667
0.10000000000000002
0.17633333333333331
0.17466666666666666
0.05533333333333334
0.119
0.15333333333333332
0.053
0.03133333333333333
0.3223333333333333
0.32033333333333336
0.04933333333333334
0.18099999999999997
0.09000000000000001
0.03666666666666666
0.019666666666666666
0.03466666666666667
0.158
0.006000000000000001
0.03866666666666666
0.043333333333333335
0.021666666666666667
0.030666666666666665
0.004333333333333334
0.04833333333333334
0.12433333333333334
0.024333333333333335
0.027
0.12466666666666666
0.06966666666666667
0.022333333333333334
0.013
0.06
0.018000000000000002
0.032
0.14133333333333334
0.11599999999999999
0.06333333333333334
0.04566666666666667
0.032
0.05933333333333333
0.10833333333333334
0.015666666666666666
0.051666666666666666
0.044333333333333336
0.09333333333333334
0.156
0.06366666666666666
0.011000000000000001
0.17899999999999996
0.09800000000000002
0.026
0.2373333333333333
0.051666666666666666
0.04766666666666667
0.017333333333333333
0.15333333333333332
0.054
0.16633333333333333
0.10666666666666667
0.011333333333333334
0.04066666666666666
0.04
0.011666666666666667
0.07566666666666666
0.010666666666666666
0.03166666666666667
0.03833333333333333
0.006999999999999999
0.09866666666666667
0.025333333333333333
0.4146666666666667
0.009333333333333332
0.10733333333333334
0.076
0.06866666666666667
0.02033333333333333
0.015333333333333332
0.05333333333333334
0.10933333333333334
0.082
0.018333333333333337
0.13933333333333334
0.016666666666666666
0.016333333333333335
0.15733333333333333
0.03233333333333333
0.015333333333333332
0.07633333333333332
0.032
0.03366666666666667
0.022333333333333334
0.11666666666666668
0.07833333333333332
0.022000000000000002
0.008
0.04566666666666667
0.11266666666666668
0.042333333333333334
0.025333333333333336
0.024333333333333335
0.050666666666666665
0.024666666666666667
0.021
0.006333333333333334
0.16233333333333333
0.016
0.043333333333333335
0.015666666666666666
0.10333333333333333
0.02266666666666667
0.041666666666666664
0.015333333333333332
0.011666666666666667
0.08800000000000001
0.016333333333333335
0.012666666666666666
0.18033333333333332
0.06533333333333334
0.028666666666666663
0.034
0.08633333333333333
0.09566666666666668
0.035333333333333335
0.010666666666666666
0.016666666666666666
0.15766666666666665
0.02466666666666667
0.06333333333333334
0.0030000000000000005
0.05933333333333333
0.18333333333333335
0.059
0.006000000000000001
0.061
0.015333333333333332
0.027999999999999997
0.16233333333333333
0.03933333333333333
0.02033333333333333
0.06666666666666667
0.03133333333333333
0.06766666666666667
0.025666666666666667
0.13533333333333333
0.022333333333333334
0.08133333333333333
0.09366666666666668
0.044000000000000004
0.05466666666666667
0.042
0.02466666666666667
0.02466666666666667
0.041666666666666664
0.009666666666666665
0.036000000000000004
0.016
0.02766666666666667
0.03
0.008
0.10666666666666667
0.016333333333333335
0.03
0.13166666666666668
0.06266666666666666
0.14266666666666666
0.034333333333333334
0.017333333333333336
0.11866666666666666
0.05033333333333334
0.008333333333333333
0.14233333333333334
0.052333333333333336
0.05533333333333334
0.025333333333333336
0.03
0.034333333333333334
0.114
0.107
0.011666666666666667
0.11866666666666666
0.058666666666666666
0.013333333333333334
0.015333333333333332
0.011333333333333334
0.031
0.025000000000000005
0.02
0.121
0.08866666666666667
0.041666666666666664
0.09700000000000002
0.012000000000000002
0.012000000000000002
0.010333333333333332
0.012333333333333333
0.02266666666666667
0.021
0.105
0.075
0.10166666666666668
0.009333333333333332
0.045000000000000005
0.013
0.13266666666666668
0.082
0.037
0.041666666666666664
0.019666666666666666
0.005
0.09100000000000001
0.11833333333333333
0.022000000000000002
0.011666666666666667
0.18099999999999997
0.07233333333333332
0.13733333333333334
0.009
0.01833333333333333
0.008
0.15033333333333332
0.011666666666666667
0.011000000000000001
0.043333333333333335
0.01
0.021
0.004333333333333334
0.006666666666666667
0.04533333333333334
0.05266666666666667
0.09066666666666667
0.12266666666666666
0.061
0.08800000000000001
0.04
0.051666666666666666
0.044333333333333336
0.024999999999999998
0.043333333333333335
0.019666666666666666
0.050666666666666665
0.12233333333333334
0.02566666666666667
0.022333333333333334
0.022000000000000002
0.022333333333333334
0.011666666666666667
0.136
0.08533333333333333
0.024333333333333332
0.04033333333333333
0.025666666666666667
0.044333333333333336
0.06533333333333334
0.10066666666666668
0.133
0.02666666666666667
0.158
0.08900000000000001
0.03333333333333333
0.005
0.11266666666666668
0.18600000000000003
0.10933333333333334
0.083
0.004666666666666667
0.123
0.11333333333333333
0.027333333333333334
0.061
0.043000000000000003
0.021
0.15633333333333332
0.107
0.016666666666666666
0.017666666666666667
0.009333333333333332
0.021333333333333333
0.154
0.22
0.016666666666666666
0.02666666666666667
0.007333333333333333
0.005333333333333333
0.102
0.14733333333333332
0.017333333333333336
0.11033333333333334
0.017
0.02266666666666667
0.03466666666666667
0.301
0.164
0.011666666666666667
0.07233333333333332
0.006666666666666667
0.17766666666666664
0.16166666666666665
0.053
0.021
0.010333333333333333
0.032
0.09133333333333334
0.028666666666666663
0.14933333333333332
0.03933333333333333
0.03966666666666666
0.08033333333333333
0.05366666666666667
0.058666666666666666
0.13166666666666668
0.021666666666666667
0.014666666666666666
0.107
0.014333333333333332
0.013333333333333334
0.004
0.041666666666666664
0.0033333333333333335
0.016666666666666666
0.027333333333333334
0.021
0.042
0.031
0.006666666666666667
0.03733333333333333
0.008333333333333333
0.013
0.103
0.14366666666666664
0.08900000000000001
0.10966666666666668
0.11
0.11
0.06333333333333334
0.06166666666666667
0.04900000000000001
0.21966666666666668
0.1406666666666667
0.024666666666666667
0.015666666666666666
0.13833333333333334
0.043000000000000003
0.09933333333333334
0.029333333333333333
0.029333333333333333
0.008333333333333333
0.14666666666666664
0.024333333333333335
0.011000000000000001
0.05833333333333333
0.012333333333333335
0.034
0.03233333333333333
0.07633333333333332
0.09400000000000001
0.02266666666666667
0.03833333333333333
0.051666666666666666
0.03233333333333333
0.009666666666666665
0.013999999999999999
0.08866666666666667
0.058666666666666666
0.17866666666666667
0.03733333333333333
0.10099999999999999
0.09633333333333334
0.015333333333333332
0.043000000000000003
0.010666666666666666
0.11399999999999999
0.10766666666666667
0.111
0.081
0.039
0.017666666666666667
0.013333333333333334
0.05533333333333334
0.123
0.027
0.04766666666666667
0.17400000000000002
0.10633333333333334
0.042666666666666665
0.05000000000000001
0.007333333333333333
0.17833333333333332
0.04866666666666667
0.026
0.02466666666666667
0.03333333333333333
0.081
0.026
0.081
0.03933333333333333
0.09433333333333334
0.04133333333333333
0.043333333333333335
0.043333333333333335
0.043333333333333335
0.15233333333333332
0.08900000000000001
0.152
0.108
0.027
0.021666666666666667
0.033
0.122
0.06966666666666667
0.14566666666666664
0.009666666666666665
0.09833333333333334
0.063
0.008666666666666668
0.03966666666666666
0.017333333333333336
0.03933333333333333
0.11266666666666668
0.085
0.012000000000000002
0.006000000000000001
0.06066666666666667
0.017333333333333336
0.026333333333333334
0.01833333333333333
0.08066666666666666
0.09533333333333334
0.04
0.139
0.05933333333333333
0.012666666666666666
0.014333333333333332
0.05366666666666667
0.029666666666666664
0.14233333333333334
0.021333333333333333
0.08866666666666667
0.06833333333333334
0.01933333333333333
0.145
0.014333333333333332
0.03366666666666667
0.017
0.16933333333333334
0.07633333333333332
0.16033333333333333
0.05633333333333334
0.10200000000000002
0.116
0.012000000000000002
0.021333333333333333
0.06566666666666666
0.07433333333333332
0.015333333333333332
0.023333333333333334
0.05533333333333334
0.01933333333333333
0.02766666666666667
0.013
0.016666666666666666
0.019
0.020666666666666667
0.05833333333333333
0.032
0.09266666666666667
0.006333333333333333
0.05733333333333334
0.03866666666666666
0.06666666666666667
0.005
0.042666666666666665
0.017666666666666667
0.006666666666666667
0.08133333333333333
0.16633333333333333
0.07333333333333332
0.013666666666666667
0.07433333333333332
0.028999999999999998
0.017
0.12933333333333333
0.09999999999999999
0.06166666666666667
0.08933333333333333
0.006666666666666667
0.016666666666666666
0.12966666666666668
0.026333333333333334
0.081
0.16366666666666665
0.07733333333333332
0.03866666666666666
0.012000000000000002
0.18566666666666665
0.08066666666666666
0.017
0.014666666666666666
0.008666666666666666
0.11499999999999999
0.04
0.13633333333333333
0.134
0.016
0.16666666666666666
0.012333333333333335
0.09400000000000001
0.10966666666666668
0.08366666666666667
0.04833333333333334
0.17699999999999996
0.17933333333333334
0.10433333333333333
0.044333333333333336
0.06266666666666666
0.11399999999999999
0.107
0.024999999999999998
0.07666666666666666
0.07566666666666666
0.046000000000000006
0.017
0.08566666666666667
0.016666666666666666
0.023000000000000003
0.014666666666666666
0.05666666666666667
0.03466666666666667
0.038
0.03366666666666667
0.010666666666666666
0.14533333333333331
0.08800000000000001
0.036333333333333336
0.16133333333333333
0.06533333333333334
0.03733333333333333
0.014666666666666666
0.015666666666666666
0.044000000000000004
0.12366666666666666
0.09366666666666668
0.010333333333333333
0.025666666666666667
0.11633333333333333
0.020666666666666667
0.016333333333333335
0.09433333333333334
0.06033333333333333
0.069
0.06533333333333334
0.16633333333333333
0.02033333333333333
0.17499999999999996
0.027333333333333334
0.012333333333333335
0.13466666666666668
0.12433333333333334
0.014666666666666666
0.12533333333333332
0.006333333333333334
0.023000000000000003
0.09633333333333334
0.02266666666666667
0.022000000000000002
0.06366666666666666
0.024333333333333335
0.011666666666666667
0.15
0.043000000000000003
0.123
0.011666666666666667
0.016666666666666666
0.025666666666666667
0.009666666666666665
0.131
0.052333333333333336
0.083
0.08133333333333333
0.09100000000000001
0.034
0.1396666666666667
0.08133333333333333
0.18066666666666667
0.07466666666666666
0.012333333333333335
0.07833333333333332
0.03233333333333333
0.027
0.023000000000000003
0.017666666666666667
0.11766666666666666
0.03333333333333333
0.012666666666666666
0.09066666666666667
0.04533333333333334
0.06066666666666667
0.08266666666666667
0.04666666666666667
0.09566666666666668
0.123
0.043666666666666666
0.143
0.013333333333333334
0.04733333333333334
0.006333333333333334
0.006333333333333334
0.05333333333333334
0.007
0.043000000000000003
0.04533333333333334
0.105
0.029333333333333333
0.17200000000000001
0.032
0.1386666666666667
0.04866666666666667
0.156
0.09200000000000001
0.03833333333333333
0.057999999999999996
0.05266666666666667
0.15666666666666665
0.054
0.13466666666666668
0.08633333333333333
0.033
0.025333333333333336
0.016666666666666666
0.07533333333333332
0.11699999999999999
0.07566666666666666
0.012000000000000002
0.005
0.04866666666666667
0.08066666666666666
0.004666666666666667
0.008333333333333333
0.042
0.025000000000000005
0.01833333333333333
0.026333333333333334
0.069
0.01833333333333333
0.015333333333333332
0.09900000000000002
0.11966666666666666
0.11133333333333334
0.029333333333333333
0.09900000000000002
0.059
0.005
0.05333333333333334
0.004666666666666667
0.09866666666666668
0.027
0.13166666666666668
0.035
0.15566666666666665
0.14100000000000001
0.068
0.04033333333333333
0.030333333333333334
0.004666666666666667
0.104
0.13066666666666668
0.013333333333333334
0.09033333333333333
0.10033333333333334
0.06
0.063
0.11733333333333333
0.11866666666666666
0.04900000000000001
0.01933333333333333
0.076
0.119
0.06066666666666667
0.13233333333333333
0.051666666666666666
0.06433333333333334
0.05333333333333334
0.02866666666666667
0.034
0.04833333333333334
0.021
0.167
0.01933333333333333
0.14266666666666664
0.04700000000000001
0.044333333333333336
0.023000000000000003
0.024000000000000004
0.04933333333333334
0.073
0.07633333333333332
0.016333333333333335
0.016666666666666666
0.009
0.012333333333333335
0.015
0.085
0.105
0.013666666666666667
0.01
0.01
0.008666666666666666
0.128
0.024333333333333335
0.03733333333333333
0.09700000000000002
0.13466666666666668
0.017666666666666667
0.06333333333333334
0.019
0.17600000000000002
0.027
0.14300000000000002
0.068
0.017
0.026333333333333334
0.010333333333333333
0.154
0.15733333333333333
0.012666666666666666
0.07
0.010333333333333333
0.16133333333333333
0.051666666666666666
0.08066666666666666
0.17666666666666667
0.121
0.021666666666666667
0.012666666666666668
0.14133333333333334
0.10633333333333334
0.012333333333333335
0.011000000000000001
0.04133333333333333
0.010666666666666666
0.09566666666666668
0.17733333333333334
0.15533333333333332
0.15933333333333333
0.017333333333333336
0.015333333333333332
0.028
0.012000000000000002
0.11933333333333333
0.07533333333333332
0.009666666666666665
0.052333333333333336
0.016
0.009333333333333332
0.03666666666666666
0.044000000000000004
0.04833333333333334
0.107
0.029666666666666664
0.149
0.09799999999999999
0.04
0.056333333333333326
0.023000000000000003
0.004333333333333334
0.008666666666666668
0.08466666666666667
0.010666666666666666
0.016666666666666666
0.007666666666666666
0.014
0.06
0.06833333333333334
0.081
0.018
0.07533333333333335
0.012666666666666668
0.11133333333333334
0.12533333333333332
0.116
0.08266666666666667
0.08966666666666667
0.007
0.156
0.15533333333333332
0.03133333333333333
0.025666666666666667
0.06166666666666667
0.027
0.046000000000000006
0.03366666666666667
0.071
0.10366666666666667
0.11933333333333333
0.02366666666666667
0.07566666666666666
0.028333333333333332
0.021
0.06533333333333334
0.042
0.035333333333333335
0.18099999999999997
0.024000000000000004
0.007
0.015
0.07666666666666666
0.025333333333333336
0.10233333333333333
0.06933333333333334
0.006000000000000001
0.11699999999999999
0.010666666666666666
0.10333333333333333
0.17899999999999996
0.07833333333333332
0.04700000000000001
0.042
0.011000000000000001
0.020666666666666667
0.09233333333333334
0.143
0.11166666666666668
0.06733333333333334
0.042
0.007333333333333333
0.17766666666666664
0.04533333333333334
0.04666666666666667
0.016333333333333335
0.15066666666666664
0.16266666666666665
0.03133333333333333
0.083
0.021
0.04866666666666667
0.019
0.13433333333333333
0.09466666666666668
0.010333333333333333
0.116
0.028
0.028
0.042333333333333334
0.03366666666666667
0.013
0.012333333333333333
0.005333333333333333
0.072
0.017333333333333336
0.076
0.08366666666666667
0.09300000000000001
0.017333333333333336
0.059666666666666666
0.119
0.03666666666666666
0.02
0.08800000000000001
0.028333333333333332
0.007666666666666666
0.17
0.02266666666666667
0.11933333333333333
0.017666666666666667
0.012333333333333335
0.029666666666666664
0.0036666666666666666
0.11333333333333334
0.06133333333333333
0.16233333333333333
0.009666666666666665
0.16533333333333333
0.1743333333333333
0.11933333333333333
0.04800000000000001
0.15033333333333332
0.08233333333333333
0.010333333333333333
0.114
0.019666666666666666
0.04533333333333334
0.07
0.06133333333333333
0.14666666666666664
0.004666666666666667
0.15466666666666665
0.02266666666666667
0.133
0.21866666666666668
0.043000000000000003
0.03233333333333333
0.11233333333333334
0.023000000000000003
0.027333333333333334
0.012000000000000002
0.004666666666666667
0.04866666666666667
0.065
0.07766666666666666
0.01833333333333333
0.009333333333333332
0.09133333333333334
0.127
0.02366666666666667
0.04633333333333334
0.013333333333333334
0.03366666666666667
0.03366666666666667
0.08366666666666667
0.016333333333333335
0.015
0.004
0.17566666666666664
0.02866666666666667
0.03566666666666667
0.009333333333333332
0.03
0.030666666666666665
0.01
0.005
0.07633333333333332
0.11099999999999999
0.08800000000000001
0.19400000000000003
0.03966666666666666
0.044333333333333336
0.009333333333333332
0.04466666666666667
0.04900000000000001
0.02266666666666667
0.08633333333333333
0.156
0.04566666666666667
0.07833333333333332
0.039
0.041
0.10566666666666667
0.07066666666666667
0.007333333333333333
0.026
0.15266666666666664
0.01
0.058666666666666666
0.025000000000000005
0.143
0.10533333333333333
0.04566666666666667
0.005333333333333333
0.11599999999999999
0.005333333333333333
0.143
0.015333333333333332
0.105
0.09999999999999999
0.06666666666666667
0.19966666666666666
0.08933333333333333
0.10233333333333333
0.043666666666666666
0.042333333333333334
0.06533333333333334
0.12466666666666666
0.09900000000000002
0.07833333333333332
0.08466666666666667
0.09600000000000002
0.07066666666666667
0.03933333333333333
0.161
0.037
0.004
0.049666666666666665
0.02566666666666667
0.16
0.008333333333333333
0.009666666666666665
0.16933333333333334
0.137
0.015
0.007
0.021666666666666667
0.11033333333333334
0.10766666666666667
0.02
0.011666666666666667
0.008333333333333333
0.10333333333333333
0.17566666666666664
0.103
0.019666666666666666
0.023666666666666666
0.134
0.108
0.023000000000000003
0.007333333333333333
0.12033333333333333
0.13266666666666668
0.005666666666666667
0.01
0.0036666666666666666
0.017666666666666667
0.025333333333333333
0.004333333333333334
0.04966666666666667
0.027333333333333334
0.05933333333333333
0.15033333333333332
0.10133333333333333
0.037666666666666675
0.17266666666666666
0.14666666666666664
0.008333333333333333
0.069
0.14433333333333334
0.017
0.07166666666666667
0.1396666666666667
0.009
0.019666666666666666
0.016
0.02
0.06166666666666667
0.029333333333333333
0.03166666666666667
0.07866666666666666
0.028333333333333332
0.035
0.17499999999999996
0.13133333333333333
0.04800000000000001
0.028999999999999998
0.028
0.028333333333333335
0.07266666666666667
0.051333333333333335
0.03166666666666667
0.04666666666666667
0.012000000000000002
0.118
0.011666666666666667
0.09433333333333334
0.035
0.009666666666666665
0.039
0.18766666666666665
0.131
0.152
0.12166666666666666
0.007
0.118
0.03166666666666667
0.06333333333333334
0.14100000000000001
0.104
0.10166666666666668
0.016
0.012333333333333335
0.012333333333333333
0.014666666666666666
0.017666666666666667
0.014666666666666666
0.012333333333333333
0.032
0.021666666666666667
0.024000000000000004
0.163
0.05033333333333334
0.11033333333333334
0.07033333333333334
0.09000000000000001
0.1386666666666667
0.01933333333333333
0.134
0.15233333333333332
0.116
0.032
0.169
0.20666666666666667
0.11033333333333332
0.18166666666666664
0.09600000000000002
0.155
0.11733333333333333
0.10366666666666667
0.03766666666666666
0.163
0.057666666666666665
0.06333333333333334
0.011333333333333334
0.13533333333333333
0.169
0.011000000000000001
0.016333333333333335
0.007666666666666666
0.142
0.008333333333333333
0.14933333333333332
0.15233333333333332
0.11133333333333334
0.03366666666666667
0.103
0.017
0.016666666666666666
0.13033333333333333
0.042
0.04966666666666667
0.036
0.07
0.18533333333333335
0.145
0.04633333333333334
0.05366666666666667
0.08833333333333333
0.01
0.03833333333333334
0.01333333333333333
0.04566666666666667
0.04033333333333333
0.15666666666666665
0.035
0.018666666666666665
0.015
0.018333333333333337
0.16333333333333333
0.024333333333333335
0.006666666666666667
0.014333333333333332
0.035333333333333335
0.10266666666666667
0.013666666666666666
0.079
0.022000000000000002
0.013
0.153
0.157
0.10466666666666667
0.06466666666666666
0.17699999999999996
0.06766666666666667
0.055
0.034
0.035
0.121
0.115
0.050666666666666665
0.017666666666666667
0.17066666666666666
0.127
0.065
0.011000000000000001
0.009
0.04900000000000001
0.09933333333333334
0.028
0.11499999999999999
0.08033333333333333
0.012666666666666666
0.010333333333333333
0.06666666666666667
0.038
0.028333333333333335
0.13933333333333334
0.054
0.009666666666666665
0.17633333333333331
0.13566666666666669
0.043666666666666666
0.015333333333333332
0.01
0.043333333333333335
0.014333333333333332
0.14533333333333331
0.09266666666666667
0.14366666666666664
0.01833333333333333
0.005333333333333333
0.15466666666666665
0.059666666666666666
0.14266666666666664
0.05833333333333333
0.011333333333333334
0.01
0.1396666666666667
0.032
0.129
0.018
0.019666666666666666
0.019
0.034333333333333334
0.037
0.07633333333333332
0.036333333333333336
0.01933333333333333
0.043666666666666666
0.013333333333333334
0.072
0.105
0.08033333333333333
0.012333333333333335
0.023000000000000003
0.131
0.008666666666666668
0.08833333333333333
0.1413333333333333
0.057999999999999996
0.14266666666666664
0.030666666666666665
0.034
0.16
0.007
0.017333333333333336
0.008333333333333333
0.08133333333333333
0.016666666666666666
0.042666666666666665
0.03566666666666667
0.035666666666666666
0.08933333333333333
0.021333333333333333
0.024666666666666667
0.046000000000000006
0.005333333333333333
0.025000000000000005
0.06133333333333333
0.10233333333333333
0.054
0.015
0.11866666666666666
0.025666666666666667
0.006333333333333334
0.17400000000000002
0.013666666666666667
0.03966666666666666
0.024000000000000004
0.029666666666666664
0.19099999999999998
0.17733333333333334
0.03833333333333333
0.10233333333333333
0.112
0.061
0.004666666666666667
0.005
0.08833333333333333
0.08433333333333333
0.04533333333333334
0.09633333333333334
0.013333333333333334
0.015
0.014333333333333332
0.13633333333333333
0.015666666666666666
0.16666666666666666
0.037
0.06133333333333333
0.011000000000000001
0.03733333333333333
0.03466666666666667
0.009000000000000001
0.10433333333333333
0.05666666666666667
0.034
0.053
0.0033333333333333335
0.03933333333333333
0.005333333333333333
0.032
0.012666666666666666
0.02366666666666667
0.04466666666666667
0.08366666666666667
0.035
0.09433333333333334
0.005333333333333333
0.017333333333333336
0.009
0.023000000000000003
0.015
0.14466666666666664
0.041666666666666664
0.012000000000000002
0.005
0.012666666666666666
0.084
0.029666666666666664
0.155
0.31
0.05733333333333334
0.04633333333333334
0.008666666666666668
0.06333333333333334
0.069
0.03
0.12066666666666666
0.011666666666666667
0.005666666666666667
0.03333333333333333
0.004333333333333334
0.005666666666666667
0.152
0.022000000000000002
0.162
0.005
0.13833333333333334
0.011666666666666667
0.06033333333333333
0.028333333333333335
0.009666666666666665
0.03766666666666666
0.025666666666666667
0.02666666666666667
0.007666666666666666
0.09300000000000001
0.021666666666666667
0.007
0.129
0.004333333333333334
0.06733333333333334
0.08
0.11
0.085
0.009666666666666665
0.028666666666666663
0.030333333333333334
0.033
0.15233333333333332
0.009666666666666665
0.043666666666666666
0.18699999999999997
0.023333333333333334
0.025333333333333336
0.035
0.011000000000000001
0.018000000000000002
0.024000000000000004
0.06333333333333334
0.042
0.017666666666666667
0.022333333333333334
0.004
0.07466666666666666
0.025333333333333333
0.17666666666666667
0.057666666666666665
0.15433333333333332
0.056999999999999995
0.035666666666666666
0.09566666666666668
0.021333333333333333
0.08666666666666667
0.014666666666666666
0.08766666666666667
0.055
0.064
0.016333333333333335
0.03633333333333333
0.05633333333333334
0.03166666666666667
0.09966666666666668
0.07166666666666667
0.12533333333333332
0.030333333333333334
0.011999999999999999
0.041
0.005666666666666667
0.07433333333333332
0.07033333333333334
0.18200000000000002
0.05933333333333333
0.04033333333333333
0.009333333333333334
0.10000000000000002
0.14366666666666664
0.05100000000000001
0.04533333333333334
0.025333333333333333
0.14633333333333334
0.027333333333333334
0.03166666666666667
0.018333333333333333
0.02766666666666667
0.03
0.16266666666666665
0.078
0.06666666666666667
0.06833333333333334
0.17933333333333334
0.04700000000000001
0.025666666666666667
0.116
0.08366666666666667
0.06733333333333334
0.13166666666666668
0.15366666666666665
0.07333333333333332
0.11066666666666668
0.09033333333333333
0.029666666666666664
0.017
0.04800000000000001
0.07133333333333332
0.050333333333333334
0.04866666666666667
0.028
0.007666666666666666
0.006333333333333334
0.08333333333333333
0.029333333333333333
0.010333333333333333
0.006000000000000001
0.039
0.044000000000000004
0.044333333333333336
0.07166666666666667
0.018666666666666665
0.044333333333333336
0.03166666666666667
0.04633333333333334
0.02266666666666667
0.09900000000000002
0.168
0.04
0.010666666666666666
0.064
0.16866666666666666
0.18933333333333335
0.03166666666666667
0.15033333333333332
0.009
0.073
0.02666666666666667
0.02
0.013
0.050666666666666665
0.05766666666666667
0.18133333333333335
0.037
0.005
0.06933333333333334
0.03933333333333333
0.038
0.06233333333333333
0.01
0.009333333333333334
0.10133333333333333
0.014333333333333332
0.004333333333333334
0.17166666666666666
0.034333333333333334
0.02666666666666667
0.04833333333333334
0.017
0.05066666666666667
0.029666666666666664
0.14533333333333331
0.019666666666666666
0.05466666666666667
0.021333333333333333
0.023333333333333334
0.17200000000000001
0.007333333333333333
0.15633333333333332
0.09000000000000001
0.04700000000000001
0.007
0.111
0.009
0.083
0.03366666666666667
0.03233333333333333
0.057999999999999996
0.04766666666666667
0.02
0.16266666666666665
0.11
0.037000000000000005
0.12233333333333334
0.08466666666666667
0.10533333333333333
0.10366666666666667
0.09400000000000001
0.056
0.015333333333333332
0.18866666666666668
0.034
0.03133333333333333
0.10133333333333334
0.064
0.13266666666666668
0.04800000000000001
0.18033333333333332
0.15033333333333332
0.03133333333333333
0.075
0.07766666666666666
0.14766666666666664
0.03666666666666666
0.16166666666666665
0.02
0.06433333333333334
0.036
0.15333333333333332
0.020666666666666667
0.02033333333333333
0.026
0.031
0.030333333333333334
0.036333333333333336
0.13366666666666668
0.06533333333333334
0.056999999999999995
0.057333333333333326
0.10133333333333334
0.009333333333333332
0.017
0.03333333333333333
0.011333333333333334
0.013666666666666667
0.05633333333333334
0.072
0.15533333333333332
0.013333333333333334
0.04033333333333333
0.043333333333333335
0.15066666666666664
0.224
0.019666666666666666
0.019666666666666666
0.04766666666666667
0.04766666666666667
0.011333333333333334
0.12
0.11766666666666666
0.04666666666666667
0.007666666666666666
0.10266666666666667
0.10833333333333334
0.06333333333333334
0.033
0.013999999999999999
0.16466666666666666
0.07
0.042333333333333334
0.036666666666666674
0.035
0.02766666666666667
0.008666666666666668
0.005333333333333333
0.16433333333333333
0.121
0.014333333333333332
0.07033333333333334
0.01
0.04066666666666666
0.009666666666666665
0.12366666666666666
0.03366666666666667
0.07733333333333332
0.07166666666666666
0.04766666666666667
0.07266666666666667
0.034333333333333334
0.084
0.10066666666666667
0.018000000000000002
0.15366666666666665
0.008333333333333333
0.051666666666666666
0.04566666666666667
0.027
0.22066666666666668
0.025666666666666667
0.12133333333333333
0.023333333333333334
0.006000000000000001
0.03266666666666667
0.02033333333333333
0.066
0.11566666666666665
0.06466666666666666
0.028333333333333332
0.025333333333333336
0.10033333333333334
0.024333333333333335
0.07866666666666666
0.103
0.038
0.067
0.04700000000000001
0.04666666666666667
0.010333333333333333
0.09066666666666667
0.021666666666666667
0.122
0.16633333333333333
0.112
0.06033333333333333
0.06166666666666667
0.033
0.027333333333333334
0.006333333333333334
0.14033333333333334
0.132
0.027333333333333334
0.066
0.010666666666666666
0.10766666666666667
0.034333333333333334
0.028
0.06366666666666666
0.014666666666666666
0.014333333333333332
0.019
0.013666666666666667
0.03466666666666667
0.15866666666666665
0.066
0.15933333333333333
0.010333333333333333
0.010666666666666666
0.151
0.026333333333333334
0.142
0.1743333333333333
0.13033333333333333
0.02566666666666667
0.010333333333333333
0.144
0.006666666666666667
0.09933333333333334
0.01933333333333333
0.09966666666666668
0.006000000000000001
0.17499999999999996
0.17200000000000001
0.09133333333333334
0.09333333333333334
0.10966666666666668
0.054
0.06933333333333334
0.028
0.08900000000000001
0.028999999999999998
0.005
0.0026666666666666666
0.03933333333333333
0.02
0.08266666666666667
0.0036666666666666666
0.0036666666666666666
0.004
0.04133333333333333
0.064
0.029666666666666664
0.006333333333333334
0.030666666666666665
0.03766666666666666
0.038
0.030333333333333334
0.0033333333333333335
0.039
0.17766666666666664
0.007333333333333333
0.013
0.09033333333333333
0.106
0.04533333333333334
0.016
0.017
0.065
0.008333333333333333
0.06433333333333334
0.14766666666666664
0.018666666666666665
0.052333333333333336
0.024333333333333335
0.16466666666666666
0.06166666666666667
0.018666666666666665
0.018333333333333337
0.02466666666666667
0.07866666666666666
0.021333333333333333
0.135
0.05033333333333334
0.029666666666666664
0.03266666666666667
0.055
0.006666666666666667
0.06066666666666667
0.037
0.07200000000000001
0.077
0.02033333333333333
0.021666666666666667
0.021
0.16866666666666666
0.09933333333333334
0.07466666666666666
0.03233333333333333
0.042
0.03233333333333333
0.04800000000000001
0.13133333333333333
0.014333333333333332
0.03566666666666667
0.14466666666666664
0.046000000000000006
0.03133333333333333
0.021666666666666667
0.014666666666666666
0.081
0.010333333333333333
0.13166666666666668
0.019
0.10066666666666667
0.017666666666666667
0.15066666666666664
0.12233333333333334
0.06033333333333333
0.07666666666666666
0.078
0.05100000000000001
0.08266666666666667
0.07266666666666666
0.021333333333333333
0.006000000000000001
0.027
0.02366666666666667
0.007666666666666666
0.04766666666666667
0.078
0.043666666666666666
0.050333333333333334
0.18266666666666667
0.011666666666666667
0.014666666666666666
0.115
0.11466666666666668
0.019
0.15133333333333332
0.027
0.029
0.019666666666666666
0.010666666666666666
0.021333333333333333
0.009666666666666665
0.012666666666666666
0.17566666666666664
0.077
0.024333333333333335
0.034333333333333334
0.125
0.06766666666666667
0.034
0.019666666666666666
0.064
0.07333333333333332
0.08233333333333333
0.004666666666666667
0.03366666666666667
0.08
0.045000000000000005
0.105
0.15833333333333333
0.06266666666666666
0.02666666666666667
0.04866666666666667
0.09500000000000001
0.030666666666666665
0.03266666666666667
0.017
0.08433333333333333
0.05833333333333333
0.09966666666666668
0.15866666666666665
0.019666666666666666
0.05000000000000001
0.011666666666666667
0.09200000000000001
0.041666666666666664
0.13
0.06266666666666666
0.041666666666666664
0.09533333333333334
0.017
0.07833333333333332
0.02033333333333333
0.12466666666666666
0.04733333333333334
0.006333333333333334
0.03266666666666667
0.017333333333333336
0.04900000000000001
0.03733333333333333
0.004333333333333334
0.10566666666666667
0.022000000000000002
0.059666666666666666
0.026333333333333334
0.009666666666666665
0.012333333333333335
0.023333333333333334
0.01933333333333333
0.057
0.052333333333333336
0.052
0.063
0.020666666666666667
0.15733333333333333
0.010666666666666666
0.13566666666666669
0.09633333333333334
0.069
0.17733333333333334
0.04533333333333334
0.07133333333333333
0.051666666666666666
0.1396666666666667
0.06166666666666667
0.10033333333333334
0.08133333333333333
0.034333333333333334
0.016
0.17299999999999996
0.41533333333333333
0.06433333333333334
0.008
0.005666666666666667
0.06366666666666666
0.08133333333333333
0.02266666666666667
0.09600000000000002
0.06166666666666667
0.012666666666666668
0.07200000000000001
0.077
0.138
0.03266666666666667
0.09100000000000001
0.006000000000000001
0.006666666666666667
0.136
0.02766666666666667
0.05366666666666667
0.013
0.07100000000000001
0.085
0.07433333333333332
0.012666666666666666
0.09033333333333333
0.030666666666666665
0.11533333333333334
0.05000000000000001
0.12166666666666666
0.139
0.06066666666666667
0.02866666666666667
0.009666666666666665
0.06333333333333334
0.03633333333333333
0.008
0.04066666666666666
0.02566666666666667
0.009666666666666665
0.12866666666666668
0.14966666666666664
0.139
0.06466666666666666
0.005666666666666667
0.031
0.02
0.17066666666666666
0.08233333333333333
0.024999999999999998
0.049666666666666665
0.021666666666666667
0.12066666666666666
0.17333333333333334
0.109
0.112
0.015666666666666666
0.06866666666666667
0.03
0.024333333333333335
0.09366666666666668
0.12166666666666666
0.020666666666666667
0.041
0.13733333333333334
0.15466666666666665
0.15466666666666665
0.07733333333333332
0.019666666666666666
0.08633333333333333
0.052333333333333336
0.15333333333333332
0.10566666666666667
0.024333333333333335
0.008333333333333333
0.054
0.06533333333333334
0.016333333333333335
0.09166666666666667
0.166
0.03933333333333333
0.015333333333333332
0.035
0.024333333333333335
0.008
0.15466666666666665
0.073
0.0033333333333333335
0.006000000000000001
0.011333333333333334
0.005
0.06133333333333333
0.057333333333333326
0.085
0.005
0.009666666666666665
0.081
0.011666666666666667
0.416
0.14733333333333332
0.045000000000000005
0.04566666666666667
0.17033333333333334
0.04766666666666667
0.16366666666666665
0.06
0.11833333333333333
0.143
0.11066666666666668
0.051666666666666666
0.031
0.02266666666666667
0.017666666666666667
0.027
0.15533333333333332
0.051
0.08666666666666667
0.042
0.024333333333333335
0.161
0.06
0.046000000000000006
0.10066666666666668
0.10866666666666668
0.030333333333333334
0.04800000000000001
0.05566666666666667
0.018000000000000002
0.14166666666666664
0.04066666666666666
0.011000000000000001
0.12666666666666668
0.13566666666666669
0.064
0.059666666666666666
0.09333333333333334
0.07200000000000001
0.04833333333333334
0.007333333333333333
0.023000000000000003
0.037
0.024333333333333335
0.029333333333333333
0.008333333333333333
0.007666666666666666
0.014333333333333332
0.06266666666666666
0.056
0.018666666666666665
0.15733333333333333
0.037
0.039
0.16866666666666666
0.18466666666666667
0.024333333333333335
0.028333333333333332
0.08766666666666667
0.06733333333333334
0.028333333333333332
0.063
0.15866666666666665
0.053
0.069
0.031
0.057999999999999996
0.11699999999999999
0.07533333333333332
0.057333333333333326
0.02
0.05633333333333334
0.08166666666666667
0.12133333333333333
0.022000000000000002
0.112
0.03
0.05433333333333334
0.07066666666666667
0.07633333333333332
0.014333333333333332
0.41933333333333334
0.015666666666666666
0.012333333333333335
0.04533333333333334
0.059666666666666666
0.07166666666666667
0.010333333333333333
0.078
0.04566666666666667
0.08600000000000001
0.08700000000000001
0.013
0.09533333333333334
0.01
0.04
0.17866666666666667
0.041666666666666664
0.013
0.038
0.039
0.020666666666666667
0.04466666666666667
0.022000000000000002
0.046000000000000006
0.04666666666666667
0.03466666666666667
0.03766666666666666
0.078
0.12533333333333332
0.06333333333333334
0.08633333333333333
0.15566666666666665
0.008666666666666668
0.073
0.01833333333333333
0.04066666666666666
0.028
0.07366666666666666
0.028999999999999998
0.011666666666666667
0.006666666666666667
0.017333333333333336
0.08966666666666667
0.04466666666666667
0.018
0.041
0.13433333333333333
0.04633333333333334
0.03933333333333333
0.049999999999999996
0.022333333333333334
0.02366666666666667
0.012333333333333335
0.17266666666666666
0.05933333333333333
0.027333333333333334
0.13133333333333333
0.10866666666666668
0.02766666666666667
0.03333333333333333
0.08966666666666667
0.04733333333333334
0.012666666666666666
0.009333333333333332
0.10366666666666667
0.019666666666666666
0.014333333333333332
0.06933333333333334
0.020666666666666667
0.14600000000000002
0.074
0.06333333333333334
0.06
0.04666666666666667
0.026333333333333334
0.15566666666666665
0.024333333333333335
0.10033333333333334
0.006333333333333334
0.037
0.14133333333333334
0.08
0.068
0.008
0.144
0.06066666666666667
0.06133333333333333
0.03333333333333333
0.009
0.15733333333333333
0.06366666666666666
0.11133333333333334
0.07633333333333332
0.03633333333333333
0.10633333333333334
0.021666666666666667
0.0030000000000000005
0.03966666666666666
0.04
0.008333333333333333
0.15666666666666665
0.01833333333333333
0.05566666666666667
0.024000000000000004
0.085
0.025333333333333336
0.15466666666666665
0.027
0.07166666666666667
0.10533333333333333
0.061
0.04966666666666667
0.057
0.05533333333333334
0.016
0.1416666666666667
0.15833333333333333
0.11866666666666666
0.08633333333333333
0.043666666666666666
0.16066666666666665
0.03166666666666667
0.017
0.09966666666666668
0.034333333333333334
0.123
0.021
0.008333333333333333
0.028
0.13033333333333333
0.054
0.03566666666666667
0.083
0.03166666666666667
0.034
0.041
0.007333333333333333
0.016333333333333335
0.011333333333333334
0.1743333333333333
0.109
0.17966666666666667
0.027333333333333334
0.004
0.14533333333333331
0.10033333333333334
0.03966666666666666
0.12233333333333334
0.18266666666666667
0.066
0.08666666666666667
0.059
0.068
0.025333333333333336
0.02033333333333333
0.041666666666666664
0.03133333333333333
0.068
0.06566666666666666
0.056
0.03466666666666667
0.03666666666666666
0.03166666666666667
0.011000000000000001
0.02
0.034333333333333334
0.021
0.062
0.056
0.03233333333333333
0.17800000000000002
0.04633333333333334
0.103
0.038
0.025333333333333333
0.004
0.019666666666666666
0.06233333333333333
0.156
0.006000000000000001
0.004666666666666667
0.09133333333333334
0.009666666666666665
0.012000000000000002
0.15966666666666665
0.037
0.06366666666666666
0.027
0.033
0.109
0.09266666666666667
0.023000000000000003
0.064
0.07866666666666666
0.033
0.02666666666666667
0.08633333333333333
0.03366666666666667
0.007666666666666666
0.12266666666666666
0.007333333333333333
0.03666666666666666
0.013666666666666667
0.005333333333333333
0.04733333333333334
0.008
0.021333333333333333
0.04866666666666667
0.023000000000000003
0.013666666666666667
0.03333333333333333
0.01
0.008333333333333333
0.017666666666666667
0.02566666666666667
0.08266666666666667
0.015
0.031
0.01966666666666667
0.015666666666666666
0.02033333333333333
0.010666666666666666
0.013
0.049666666666666665
0.013666666666666667
0.14733333333333332
0.108
0.017
0.008333333333333333
0.036
0.08566666666666667
0.012333333333333335
0.04700000000000001
0.08466666666666667
0.024000000000000004
0.03133333333333333
0.17566666666666664
0.119
0.08933333333333333
0.037
0.005333333333333333
0.020666666666666667
0.010333333333333333
0.042666666666666665
0.013333333333333334
0.09733333333333334
0.008666666666666666
0.006000000000000001
0.08066666666666666
0.004666666666666667
0.012666666666666666
0.011666666666666667
0.011000000000000001
0.005
0.15666666666666665
0.004333333333333334
0.07033333333333334
0.13166666666666668
0.06933333333333334
0.007666666666666666
0.004333333333333334
0.017666666666666667
0.153
0.032
0.007
0.12066666666666666
0.11166666666666668
0.06966666666666667
0.006333333333333334
0.06733333333333334
0.03166666666666667
0.03133333333333333
0.034
0.028333333333333335
0.04533333333333334
0.08933333333333333
0.009
0.008333333333333333
0.043000000000000003
0.02466666666666667
0.01
0.056333333333333326
0.015333333333333332
0.06833333333333334
0.011333333333333334
0.07066666666666667
0.07533333333333332
0.020666666666666667
0.02766666666666667
0.07166666666666667
0.07200000000000001
0.064
0.045000000000000005
0.04066666666666666
0.05533333333333334
0.01
0.11633333333333333
0.004666666666666667
0.004333333333333334
0.016
0.13366666666666668
0.012666666666666666
0.09666666666666668
0.010666666666666666
0.013333333333333334
0.08733333333333333
0.03
0.009
0.06666666666666667
0.141
0.16166666666666665
0.16466666666666666
0.018000000000000002
0.03866666666666666
0.049999999999999996
0.03
0.020666666666666667
0.04966666666666667
0.17633333333333334
0.021333333333333333
0.016
0.078
0.041666666666666664
0.102
0.03833333333333333
0.06066666666666667
0.057
0.1416666666666667
0.05933333333333333
0.034333333333333334
0.012666666666666666
0.04
0.006333333333333333
0.06533333333333334
0.13266666666666668
0.07566666666666666
0.07833333333333332
0.08333333333333333
0.05633333333333334
0.008
0.164
0.12133333333333333
0.008
0.012666666666666666
0.005
0.007666666666666666
0.18166666666666664
0.03733333333333333
0.022333333333333334
0.004
0.071
0.028999999999999998
0.1386666666666667
0.166
0.04966666666666667
0.04533333333333334
0.011000000000000001
0.02033333333333333
0.008
0.005333333333333333
0.17800000000000002
0.02466666666666667
0.09033333333333333
0.055
0.027333333333333334
0.009333333333333332
0.018
0.074
0.063
0.15466666666666665
0.005
0.07666666666666666
0.004333333333333334
0.4243333333333333
0.020666666666666667
0.10099999999999999
0.062
0.321
0.06233333333333333
0.028333333333333332
0.030333333333333334
0.009333333333333332
0.16666666666666666
0.04800000000000001
0.09000000000000001
0.06366666666666666
0.06433333333333334
0.007333333333333333
0.016
0.07566666666666666
0.118
0.14866666666666664
0.17766666666666667
0.08800000000000001
0.07433333333333332
0.005
0.08366666666666667
0.052
0.008666666666666668
0.05533333333333334
0.036
0.055333333333333325
0.005666666666666667
0.137
0.005333333333333333
0.052
0.18133333333333335
0.008333333333333333
0.12233333333333334
0.10966666666666668
0.005333333333333333
0.063
0.115
0.10133333333333334
0.08900000000000001
0.008
0.026333333333333334
0.012000000000000002
0.02266666666666667
0.119
0.014666666666666666
0.014666666666666666
0.010333333333333333
0.023333333333333334
0.051
0.11266666666666665
0.068
0.054
0.024333333333333335
0.005666666666666667
0.17833333333333332
0.026333333333333334
0.14333333333333334
0.12166666666666666
0.11366666666666668
0.14566666666666664
0.09366666666666668
0.1366666666666667
0.05466666666666667
0.07233333333333332
0.012000000000000002
0.10833333333333334
0.005666666666666667
0.009
0.08933333333333333
0.31
0.02466666666666667
0.155
0.07566666666666666
0.044333333333333336
0.012333333333333333
0.023000000000000003
0.18099999999999997
0.307
0.15866666666666665
0.062
0.064
0.19533333333333336
0.10166666666666667
0.039
0.11533333333333334
0.006666666666666667
0.12833333333333333
0.04800000000000001
0.004666666666666667
0.17933333333333334
0.006000000000000001
0.005
0.011999999999999999
0.18400000000000002
0.01
0.09100000000000001
0.10133333333333333
0.016666666666666666
0.06866666666666667
0.046000000000000006
0.005333333333333333
0.068
0.012000000000000002
0.05533333333333334
0.08166666666666667
0.006666666666666667
0.11333333333333334
0.04766666666666667
0.052
0.017
0.009666666666666665
0.06333333333333334
0.02666666666666667
0.04666666666666667
0.11499999999999999
0.116
0.017333333333333333
0.006333333333333333
0.4266666666666667
0.043000000000000003
0.011666666666666667
0.011000000000000001
0.006999999999999999
0.031
0.01933333333333333
0.004333333333333334
0.020666666666666667
0.1433333333333333
0.15933333333333333
0.04533333333333334
0.13033333333333333
0.04900000000000001
0.021666666666666667
0.016
0.005333333333333333
0.13733333333333334
0.005666666666666667
0.024000000000000004
0.05566666666666667
0.07200000000000001
0.07266666666666666
0.017333333333333336
0.005
0.030666666666666665
0.021
0.08766666666666667
0.019
0.011333333333333334
0.02366666666666667
0.02866666666666667
0.14266666666666664
0.11533333333333334
0.013333333333333334
0.10266666666666667
0.05333333333333334
0.007333333333333333
0.109
0.044333333333333336
0.006333333333333334
0.027
0.104
0.013999999999999999
0.018
0.09933333333333334
0.11733333333333333
0.023333333333333334
0.016666666666666666
0.07333333333333332
0.066
0.023000000000000003
0.022333333333333334
0.07333333333333332
0.05333333333333334
0.023000000000000003
0.042333333333333334
0.18499999999999997
0.017666666666666667
0.19200000000000003
0.15833333333333333
0.016333333333333335
0.007
0.17633333333333331
0.018666666666666665
0.04466666666666667
0.015333333333333332
0.065
0.035666666666666666
0.18699999999999997
0.024000000000000004
0.14866666666666664
0.068
0.050333333333333334
0.006999999999999999
0.04133333333333333
0.024999999999999998
0.029333333333333333
0.024000000000000004
0.017333333333333336
0.043333333333333335
0.17666666666666667
0.09733333333333334
0.08633333333333333
0.015
0.009333333333333332
0.034
0.15466666666666665
0.015333333333333332
0.03966666666666666
0.09600000000000002
0.044333333333333336
0.07766666666666666
0.056999999999999995
0.04133333333333333
0.025666666666666667
0.02766666666666667
0.025000000000000005
0.14533333333333334
0.02
0.026
0.04866666666666667
0.018
0.01833333333333333
0.06866666666666667
0.04766666666666667
0.059
0.03733333333333333
0.045000000000000005
0.056999999999999995
0.04700000000000001
0.08466666666666667
0.05499999999999999
0.13733333333333334
0.10633333333333334
0.05833333333333333
0.018666666666666665
0.007333333333333333
0.02466666666666667
0.017
0.08166666666666667
0.017333333333333336
0.081
0.06666666666666667
0.10366666666666667
0.046000000000000006
0.03266666666666667
0.018000000000000002
0.07033333333333334
0.02666666666666667
0.013333333333333334
0.039
0.025333333333333333
0.012000000000000002
0.010333333333333333
0.038
0.011333333333333334
0.061
0.05533333333333334
0.021
0.006999999999999999
0.07566666666666666
0.051333333333333335
0.03866666666666666
0.08466666666666667
0.134
0.02666666666666667
0.044000000000000004
0.015333333333333332
0.04566666666666667
0.02366666666666667
0.17833333333333332
0.105
0.10033333333333334
0.036333333333333336
0.041
0.03366666666666667
0.11599999999999999
0.10166666666666667
0.05433333333333334
0.011000000000000001
0.013999999999999999
0.06066666666666667
0.02566666666666667
0.031
0.051666666666666666
0.10266666666666667
0.10433333333333333
0.037
0.018
0.13066666666666668
0.013666666666666667
0.08
0.011000000000000001
0.157
0.009333333333333332
0.014666666666666666
0.03566666666666667
0.04933333333333334
0.012333333333333335
0.052333333333333336
0.007333333333333333
0.18033333333333332
0.10033333333333334
0.17800000000000002
0.008666666666666668
0.14966666666666664
0.13533333333333333
0.076
0.015
0.056333333333333326
0.005
0.11966666666666666
0.039
0.009666666666666665
0.03933333333333333
0.03766666666666666
0.12233333333333334
0.07133333333333333
0.011666666666666665
0.03933333333333333
0.04900000000000001
0.044000000000000004
0.09966666666666668
0.051
0.11199999999999999
0.12766666666666668
0.028999999999999998
0.006333333333333334
0.035
0.006333333333333334
0.015
0.16233333333333333
0.04
0.13566666666666669
0.13533333333333333
0.06033333333333333
0.04633333333333334
0.01833333333333333
0.156
0.09733333333333334
0.052
0.17899999999999996
0.027333333333333334
0.017333333333333336
0.12266666666666666
0.111
0.029333333333333333
0.115
0.01
0.012666666666666666
0.03133333333333333
0.011666666666666667
0.025000000000000005
0.12966666666666668
0.057
0.026
0.025333333333333333
0.14133333333333334
0.14333333333333334
0.04133333333333333
0.019666666666666666
0.004333333333333334
0.14033333333333334
0.010333333333333333
0.13266666666666668
0.017333333333333336
0.10433333333333333
0.033
0.03733333333333333
0.03466666666666667
0.04
0.04900000000000001
0.004
0.03333333333333333
0.18233333333333332
0.019
0.12166666666666666
0.169
0.09466666666666668
0.050666666666666665
0.005
0.08166666666666667
0.02466666666666667
0.007
0.04833333333333334
0.004333333333333334
0.006333333333333334
0.0033333333333333335
0.11533333333333334
0.009666666666666665
0.03466666666666667
0.10933333333333334
0.009666666666666665
0.02
0.023000000000000003
0.009
0.17833333333333332
0.007333333333333333
0.08933333333333333
0.013
0.036
0.144
0.021333333333333333
0.16333333333333333
0.004333333333333334
0.07
0.028666666666666663
0.07933333333333333
0.06433333333333334
0.06233333333333333
0.042
0.07866666666666666
0.07033333333333334
0.077
0.08066666666666666
0.17266666666666666
0.08633333333333333
0.017666666666666667
0.027
0.12566666666666668
0.057
0.125
0.06766666666666667
0.07266666666666666
0.07233333333333332
0.011000000000000001
0.121
0.02266666666666667
0.07966666666666666
0.029666666666666664
0.013
0.15166666666666664
0.020666666666666667
0.052
0.128
0.03833333333333333
0.09633333333333334
0.02033333333333333
0.012000000000000002
0.14466666666666664
0.11466666666666668
0.033
0.03
0.11633333333333333
0.09400000000000001
0.08633333333333333
0.08566666666666667
0.067
0.012333333333333335
0.02366666666666667
0.09400000000000001
0.07333333333333332
0.08433333333333333
0.05433333333333334
0.171
0.031
0.08166666666666667
0.022000000000000002
0.026333333333333334
0.023666666666666666
0.169
0.030333333333333334
0.022333333333333334
0.034999999999999996
0.02
0.1416666666666667
0.02666666666666667
0.008
0.05433333333333334
0.005666666666666667
0.153
0.029
0.13166666666666668
0.043666666666666666
0.03233333333333333
0.007
0.006000000000000001
0.010666666666666666
0.05333333333333334
0.08533333333333333
0.06133333333333333
0.14933333333333332
0.046000000000000006
0.17633333333333331
0.06566666666666666
0.15
0.16466666666666666
0.017333333333333336
0.17899999999999996
0.052
0.027
0.15366666666666665
0.14233333333333334
0.017
0.014333333333333332
0.15566666666666665
0.02466666666666667
0.17966666666666664
0.10866666666666668
0.119
0.17699999999999996
0.057
0.12866666666666668
0.09133333333333334
0.019
0.121
0.05633333333333334
0.02566666666666667
0.18066666666666667
0.026
0.06766666666666667
0.013333333333333334
0.007333333333333333
0.163
0.06566666666666666
0.005
0.02766666666666667
0.01933333333333333
0.021666666666666667
0.007666666666666666
0.029666666666666664
0.006666666666666667
0.15433333333333332
0.052333333333333336
0.005333333333333333
0.051333333333333335
0.09966666666666668
0.006666666666666667
0.1396666666666667
0.026333333333333334
0.015
0.17766666666666664
0.15566666666666665
0.04733333333333334
0.06166666666666667
0.02033333333333333
0.13566666666666669
0.17600000000000002
0.03333333333333333
0.09866666666666668
0.02366666666666667
0.057666666666666665
0.016666666666666666
0.045000000000000005
0.043333333333333335
0.044000000000000004
0.017666666666666667
0.028
0.011666666666666667
0.041666666666666664
0.012666666666666666
0.15666666666666665
0.018000000000000002
0.013666666666666667
0.062
0.016333333333333335
0.020666666666666667
0.013333333333333334
0.14233333333333334
0.013
0.027
0.036666666666666674
0.09100000000000001
0.013333333333333334
0.005
0.017666666666666667
0.04733333333333334
0.012333333333333335
0.04933333333333334
0.11699999999999999
0.051666666666666666
0.108
0.012666666666666666
0.17800000000000002
0.09266666666666667
0.008333333333333333
0.07833333333333332
0.10033333333333334
0.14166666666666664
0.07733333333333332
0.009666666666666665
0.024000000000000004
0.11366666666666665
0.03933333333333333
0.043000000000000003
0.09900000000000002
0.010666666666666666
0.013
0.059666666666666666
0.013333333333333334
0.012000000000000002
0.012333333333333333
0.06766666666666667
0.04800000000000001
0.017666666666666667
0.09600000000000002
0.074
0.035666666666666666
0.056999999999999995
0.05566666666666667
0.01933333333333333
0.006666666666666667
0.008666666666666668
0.03966666666666666
0.03366666666666667
0.11466666666666668
0.009333333333333332
0.08866666666666667
0.07166666666666666
0.018
0.015
0.049666666666666665
0.03733333333333333
0.04533333333333334
0.07100000000000001
0.07266666666666667
0.014666666666666666
0.16933333333333334
0.021333333333333333
0.01933333333333333
0.1386666666666667
0.07966666666666666
0.029666666666666664
0.021
0.051666666666666666
0.05333333333333334
0.051333333333333335
0.12866666666666668
0.029
0.05033333333333334
0.114
0.051666666666666666
0.032
0.023333333333333334
0.012666666666666666
0.08166666666666667
0.008333333333333333
0.108
0.08666666666666667
0.02266666666666667
0.09866666666666668
0.028
0.01933333333333333
0.011666666666666667
0.017666666666666667
0.11599999999999999
0.17566666666666664
0.018
0.019
0.02
0.013666666666666667
0.1423333333333333
0.161
0.02266666666666667
0.133
0.009333333333333332
0.05833333333333333
0.138
0.06333333333333334
0.030666666666666665
0.12833333333333333
0.08966666666666667
0.02466666666666667
0.08533333333333333
0.12433333333333334
0.016333333333333335
0.09533333333333334
0.12733333333333333
0.18433333333333332
0.084
0.17966666666666664
0.08133333333333333
0.11733333333333333
0.041
0.017333333333333336
0.057666666666666665
0.18466666666666667
0.1376666666666667
0.02266666666666667
0.084
0.02
0.067
0.023333333333333334
0.024333333333333335
0.13933333333333334
0.112
0.007666666666666666
0.011333333333333334
0.077
0.09466666666666668
0.13166666666666668
0.03166666666666667
0.125
0.007666666666666666
0.012000000000000002
0.034333333333333334
0.045000000000000005
0.18166666666666664
0.10000000000000002
0.02766666666666667
0.018
0.008666666666666666
0.005333333333333333
0.042
0.09366666666666668
0.0036666666666666666
0.16433333333333333
0.045000000000000005
0.025666666666666667
0.021
0.10866666666666668
0.02466666666666667
0.06466666666666666
0.077
0.007333333333333333
0.10066666666666668
0.021333333333333333
0.07533333333333332
0.017666666666666667
0.015333333333333332
0.01833333333333333
0.065
0.042666666666666665
0.056666666666666664
0.013
0.025333333333333333
0.042
0.004333333333333334
0.09800000000000002
0.023000000000000003
0.0036666666666666666
0.007333333333333333
0.008
0.08266666666666667
0.029666666666666664
0.024333333333333335
0.009666666666666665
0.09633333333333334
0.03566666666666667
0.020666666666666667
0.029333333333333333
0.08966666666666667
0.10066666666666668
0.050666666666666665
0.005666666666666667
0.02466666666666667
0.027333333333333334
0.014333333333333332
0.131
0.025333333333333336
0.0036666666666666666
0.042666666666666665
0.025333333333333333
0.16533333333333333
0.049999999999999996
0.008
0.012333333333333333
0.004
0.005
0.005
0.04
0.06066666666666667
0.13633333333333333
0.019666666666666666
0.113
0.02
0.03233333333333333
0.05466666666666667
0.015
0.17633333333333331
0.15466666666666665
0.038
0.03766666666666666
0.009666666666666665
0.037333333333333336
0.144
0.06433333333333334
0.03333333333333333
0.029666666666666664
0.135
0.082
0.015
0.027333333333333334
0.02
0.042333333333333334
0.010666666666666666
0.043333333333333335
0.11266666666666668
0.051333333333333335
0.04666666666666667
0.15766666666666665
0.14666666666666664
0.02033333333333333
0.118
0.013333333333333334
0.023333333333333334
0.011000000000000001
0.056666666666666664
0.11866666666666666
0.08033333333333333
0.022000000000000002
0.09933333333333334
0.016666666666666666
0.015666666666666666
0.07333333333333332
0.07133333333333333
0.135
0.014666666666666666
0.03833333333333333
0.04866666666666667
0.151
0.043666666666666666
0.016666666666666666
0.009666666666666665
0.035
0.17600000000000002
0.09733333333333334
0.01833333333333333
0.022333333333333334
0.036666666666666674
0.08600000000000001
0.133
0.015666666666666666
0.04066666666666666
0.07133333333333335
0.11033333333333334
0.05266666666666667
0.015666666666666666
0.015
0.09766666666666668
0.03133333333333333
0.034
0.073
0.011333333333333334
0.18200000000000002
0.17499999999999996
0.009
0.017666666666666667
0.13833333333333334
0.016
0.17566666666666664
0.123
0.04533333333333334
0.010333333333333333
0.10566666666666667
0.025000000000000005
0.036666666666666674
0.108
0.19200000000000003
0.18699999999999997
0.12066666666666666
0.058666666666666666
0.01833333333333333
0.16533333333333333
0.028999999999999998
0.017
0.08533333333333333
0.035
0.07766666666666666
0.119
0.012000000000000002
0.009333333333333332
0.008666666666666668
0.018000000000000002
0.06133333333333333
0.04733333333333334
0.022333333333333334
0.010666666666666666
0.13466666666666668
0.118
0.102
0.051
0.04933333333333334
0.13633333333333333
0.06633333333333334
0.03
0.03266666666666667
0.13266666666666668
0.08066666666666666
0.06466666666666666
0.02366666666666667
0.03
0.09100000000000001
0.030666666666666665
0.09466666666666668
0.04533333333333334
0.09266666666666667
0.057666666666666665
0.023333333333333334
0.06133333333333333
0.02566666666666667
0.10833333333333334
0.10333333333333333
0.021
0.10000000000000002
0.13633333333333333
0.14666666666666664
0.028
0.027999999999999997
0.11233333333333334
0.04766666666666667
0.09533333333333334
0.022000000000000002
0.03633333333333333
0.023333333333333334
0.084
0.09166666666666667
0.034
0.038
0.05266666666666667
0.019666666666666666
0.16333333333333333
0.028666666666666663
0.06066666666666667
0.012333333333333335
0.05433333333333334
0.02366666666666667
0.036333333333333336
0.010666666666666666
0.02
0.038
0.09733333333333334
0.009333333333333332
0.021666666666666667
0.16633333333333333
0.028
0.030333333333333334
0.034
0.02666666666666667
0.09066666666666667
0.014666666666666666
0.04566666666666667
0.02266666666666667
0.042
0.03166666666666667
0.063
0.01
0.008666666666666668
0.09266666666666667
0.07833333333333332
0.05566666666666667
0.09366666666666668
0.04466666666666667
0.043000000000000003
0.03566666666666667
0.010666666666666666
0.07966666666666666
0.013999999999999999
0.01
0.011333333333333334
0.05366666666666667
0.10066666666666667
0.026333333333333337
0.17066666666666666
0.053
0.013333333333333334
0.10066666666666667
0.17533333333333334
0.057999999999999996
0.006000000000000001
0.17899999999999996
0.124
0.015
0.010333333333333333
0.042666666666666665
0.028999999999999998
0.13366666666666668
0.039
0.04
0.05666666666666667
0.05100000000000001
0.157
0.15866666666666665
0.15433333333333332
0.064
0.08833333333333333
0.10466666666666667
0.169
0.011000000000000001
0.10266666666666667
0.005333333333333333
0.005333333333333333
0.09999999999999999
0.135
0.08133333333333333
0.07233333333333333
0.20233333333333334
0.034
0.017333333333333336
0.018
0.006000000000000001
0.18000000000000002
0.17866666666666667
0.12666666666666668
0.022333333333333334
0.034
0.030666666666666665
0.13266666666666668
0.135
0.009
0.017
0.022000000000000002
0.013333333333333334
0.17966666666666664
0.082
0.05533333333333334
0.007
0.011000000000000001
0.10066666666666668
0.026333333333333334
0.027
0.02766666666666667
0.132
0.07166666666666666
0.038
0.15366666666666665
0.16166666666666665
0.028
0.03
0.008
0.136
0.06533333333333334
0.04566666666666667
0.043666666666666666
0.03333333333333333
0.011000000000000001
0.034333333333333334
0.015
0.07966666666666666
0.024333333333333335
0.03833333333333333
0.04766666666666667
0.146
0.03
0.07133333333333333
0.063
0.13833333333333334
0.05433333333333334
0.037
0.019666666666666666
0.14866666666666664
0.163
0.014
0.158
0.03366666666666667
0.010666666666666666
0.14466666666666667
0.063
0.004333333333333334
0.039
0.01
0.11033333333333332
0.07033333333333334
0.054
0.07666666666666666
0.029333333333333333
0.011666666666666667
0.17666666666666667
0.163
0.14533333333333331
0.012666666666666666
0.03466666666666667
0.01
0.017
0.115
0.13266666666666668
0.03266666666666667
0.012333333333333335
0.125
0.012000000000000002
0.005
0.09033333333333333
0.043000000000000003
0.008
0.164
0.03933333333333333
