0.31
0.5433333333333333
0.18566666666666665
0.15166666666666667
0.2933333333333333
0.10266666666666667
0.1376666666666667
0.29233333333333333
0.09833333333333333
0.14633333333333334
0.08466666666666667
0.227
0.08600000000000001
0.244
0.156
0.26333333333333336
0.16433333333333333
0.10566666666666667
0.156
0.158
0.31833333333333336
0.1416666666666667
0.09433333333333334
0.3136666666666666
0.16733333333333333
0.1443333333333333
0.08600000000000001
0.14933333333333332
0.13
0.08766666666666667
0.1386666666666667
0.16433333333333333
0.15633333333333332
0.15633333333333332
0.277
0.138
0.128
0.32033333333333336
0.09566666666666668
0.27166666666666667
0.23266666666666666
0.26766666666666666
0.29833333333333334
0.19533333333333336
0.168
0.253
0.149
0.3036666666666667
0.26066666666666666
0.144
0.08533333333333333
0.08066666666666666
0.16766666666666666
0.16366666666666665
0.08066666666666666
0.23199999999999998
0.09333333333333334
0.26066666666666666
0.20833333333333334
0.14033333333333334
0.22433333333333336
0.15433333333333332
0.08166666666666667
0.08466666666666667
0.1386666666666667
0.084
0.08966666666666667
0.08
0.13266666666666668
0.1443333333333333
0.157
0.27166666666666667
0.17766666666666664
0.15766666666666665
0.18033333333333335
0.159
0.08600000000000001
0.23399999999999999
0.25366666666666665
0.24466666666666667
0.152
0.06966666666666667
0.24666666666666667
0.248
0.07866666666666666
0.157
0.1366666666666667
0.09666666666666666
0.136
0.292
0.07966666666666666
0.07933333333333333
0.138
0.14366666666666664
0.14733333333333332
0.238
0.15366666666666665
0.085
0.077
0.3076666666666667
0.3116666666666667
0.30866666666666664
0.24133333333333332
0.16033333333333333
0.24433333333333332
0.15166666666666667
0.13566666666666669
0.134
0.17166666666666666
0.15633333333333332
0.16266666666666665
0.1366666666666667
0.133
0.14600000000000002
0.18966666666666665
0.13833333333333334
0.13033333333333333
0.30466666666666664
0.30266666666666664
0.09933333333333334
0.09700000000000002
0.15766666666666665
0.09833333333333333
0.09033333333333333
0.08
0.12133333333333333
0.14766666666666664
0.19533333333333336
0.133
0.32
0.15133333333333335
0.14500000000000002
0.08566666666666667
0.13733333333333334
0.081
0.09900000000000002
0.08733333333333333
0.156
0.31066666666666665
0.104
0.17566666666666664
0.09633333333333334
0.15533333333333332
0.22766666666666668
0.09766666666666668
0.06733333333333334
0.137
0.14933333333333332
0.08666666666666667
0.13333333333333333
0.16
0.09466666666666668
0.09700000000000002
0.3446666666666667
0.23299999999999998
0.171
0.07566666666666666
0.17600000000000002
0.137
0.274
0.14233333333333334
0.08833333333333333
0.14566666666666667
0.1366666666666667
0.08333333333333333
0.15266666666666664
0.083
0.3136666666666667
0.10099999999999999
0.157
0.17666666666666667
0.26033333333333336
0.09066666666666667
0.134
0.13366666666666668
0.09066666666666667
0.09833333333333334
0.2996666666666667
0.09000000000000001
0.14433333333333334
0.08366666666666667
0.09799999999999999
0.3056666666666667
0.31666666666666665
0.266
0.301
0.3173333333333333
0.245
0.29666666666666663
0.09166666666666667
0.30666666666666664
0.27266666666666667
0.14133333333333334
0.312
0.15100000000000002
0.13533333333333333
0.14166666666666666
0.08166666666666667
0.127
0.06833333333333334
0.139
0.10466666666666667
0.2833333333333333
0.15133333333333332
0.14200000000000002
0.06566666666666666
0.08466666666666667
0.14933333333333332
0.31466666666666665
0.147
0.08166666666666667
0.17800000000000002
0.389
0.17233333333333334
0.12133333333333333
0.16933333333333334
0.15066666666666664
0.08866666666666667
0.20033333333333334
0.23866666666666667
0.28633333333333333
0.16766666666666666
0.14366666666666666
0.06533333333333334
0.12766666666666668
0.13333333333333333
0.27033333333333337
0.30066666666666664
0.131
0.142
0.25033333333333335
0.252
0.15266666666666664
0.2713333333333333
0.19499999999999998
0.14133333333333334
0.09633333333333334
0.13633333333333333
0.317
0.3243333333333333
0.10966666666666665
0.15666666666666665
0.297
0.09200000000000001
0.13833333333333334
0.2893333333333333
0.29833333333333334
0.3276666666666667
0.2973333333333333
0.207
0.07433333333333332
0.22466666666666668
0.3156666666666667
0.30433333333333334
0.082
0.08033333333333333
0.079
0.09233333333333334
0.16866666666666666
0.07466666666666666
0.082
0.149
0.09566666666666668
0.07966666666666666
0.251
0.08033333333333334
0.07966666666666666
0.15266666666666664
0.07666666666666666
0.12933333333333333
0.12233333333333334
0.13733333333333334
0.14700000000000002
0.07
0.4073333333333333
0.2933333333333333
0.09533333333333334
0.09566666666666668
0.07166666666666667
0.225
0.14233333333333334
0.08633333333333333
0.134
0.06733333333333334
0.19000000000000003
0.30066666666666664
0.09033333333333333
0.292
0.3053333333333333
0.25266666666666665
0.30833333333333335
0.10266666666666667
0.217
0.16733333333333333
0.307
0.09733333333333334
0.15266666666666664
0.25533333333333336
0.14966666666666664
0.15866666666666665
0.14633333333333332
0.11699999999999999
0.4066666666666667
0.1386666666666667
0.14866666666666664
0.169
0.2933333333333333
0.23066666666666666
0.16566666666666666
0.30033333333333334
0.311
0.2293333333333333
0.30433333333333334
0.292
0.18333333333333335
0.13833333333333334
0.08266666666666667
0.06733333333333334
0.12766666666666668
0.271
0.15633333333333332
0.21833333333333335
0.26433333333333336
0.14733333333333334
0.07333333333333332
0.09066666666666667
0.26566666666666666
0.319
0.18600000000000003
0.316
0.15133333333333335
0.31033333333333335
0.15566666666666665
0.24666666666666667
0.32466666666666666
0.09833333333333333
0.13433333333333333
0.3113333333333333
0.15266666666666667
0.07766666666666666
0.154
0.2826666666666667
0.11599999999999999
0.17800000000000002
0.14633333333333332
0.137
0.17200000000000001
0.39399999999999996
0.1426666666666667
0.14366666666666664
0.14133333333333334
0.079
0.075
0.09600000000000002
0.16966666666666666
0.131
0.136
0.16566666666666666
0.17166666666666666
0.27666666666666667
0.23399999999999999
0.13166666666666668
0.2936666666666667
0.09300000000000001
0.2916666666666667
0.318
0.3253333333333333
0.25599999999999995
0.14533333333333334
0.22033333333333335
0.20666666666666667
0.08566666666666667
0.08600000000000001
0.14333333333333334
0.17066666666666666
0.08366666666666667
0.3216666666666667
0.08133333333333333
0.4603333333333333
0.3253333333333333
0.10033333333333334
0.09600000000000002
0.077
0.09733333333333334
0.24733333333333332
0.139
0.08266666666666667
0.15333333333333332
0.09666666666666668
0.313
0.15666666666666665
0.1376666666666667
0.33466666666666667
0.09333333333333334
0.169
0.13233333333333333
0.15433333333333332
0.168
0.17033333333333334
0.083
0.3216666666666667
0.27366666666666667
0.27666666666666667
0.26
0.15166666666666664
0.12566666666666668
0.12366666666666666
0.167
0.13166666666666668
0.12366666666666666
0.17866666666666667
0.08800000000000001
0.1386666666666667
0.17533333333333334
0.08866666666666667
0.069
0.297
0.17166666666666666
0.16833333333333333
0.2936666666666667
0.17333333333333334
0.306
0.09433333333333334
0.163
0.08800000000000001
0.29633333333333334
0.2866666666666666
0.17400000000000002
0.13166666666666668
0.15166666666666664
0.2953333333333333
0.19899999999999998
0.15633333333333332
0.16533333333333333
0.137
0.2956666666666667
0.156
0.13566666666666669
0.07933333333333333
0.07266666666666666
0.12366666666666666
0.15433333333333332
0.07166666666666667
0.25333333333333335
0.16666666666666666
0.2993333333333333
0.14633333333333334
0.17
0.08433333333333333
0.167
0.3096666666666667
0.18266666666666667
0.16033333333333333
0.311
0.298
0.11233333333333333
0.27366666666666667
0.12533333333333332
0.16733333333333333
0.29633333333333334
0.08233333333333333
0.25666666666666665
0.16966666666666666
0.102
0.16666666666666666
0.16866666666666666
0.15966666666666665
0.3093333333333333
0.167
0.18733333333333335
0.299
0.153
0.08333333333333333
0.17033333333333334
0.245
0.29866666666666664
0.17533333333333334
0.08833333333333333
0.24333333333333332
0.16066666666666665
0.29433333333333334
0.09200000000000001
0.2353333333333333
0.13933333333333334
0.214
0.26833333333333337
0.09366666666666668
0.067
0.15966666666666665
0.17266666666666666
0.2896666666666667
0.30233333333333334
0.11633333333333333
0.07966666666666666
0.2973333333333333
0.3313333333333333
0.311
0.15466666666666665
0.24066666666666667
0.16566666666666666
0.16266666666666665
0.1386666666666667
0.39566666666666667
0.269
0.1396666666666667
0.14833333333333334
0.2946666666666667
0.28400000000000003
0.11299999999999999
0.26766666666666666
0.265
0.208
0.08166666666666667
0.298
0.19200000000000003
0.227
0.08633333333333333
0.151
0.33033333333333337
0.26066666666666666
0.14866666666666664
0.297
0.148
0.08900000000000001
0.295
0.16833333333333333
0.16533333333333333
0.308
0.162
0.085
0.29633333333333334
0.39966666666666667
0.29866666666666664
0.2953333333333333
0.08966666666666667
0.08566666666666667
0.15066666666666664
0.2953333333333333
0.16766666666666666
0.07433333333333332
0.15266666666666664
0.13433333333333333
0.15433333333333332
0.3053333333333333
0.3056666666666667
0.31633333333333336
0.26266666666666666
0.39666666666666667
0.07366666666666667
0.31033333333333335
0.16
0.2896666666666667
0.15033333333333335
0.3093333333333333
0.09833333333333334
0.08033333333333333
0.1386666666666667
0.1406666666666667
0.219
0.07266666666666666
0.24
0.3073333333333333
0.15633333333333332
0.138
0.16466666666666666
0.17966666666666664
0.1376666666666667
0.073
0.12733333333333333
0.08366666666666667
0.143
0.07766666666666666
0.08933333333333333
0.13833333333333334
0.07066666666666667
0.08133333333333333
0.084
0.14433333333333334
0.08433333333333333
0.26533333333333337
0.17333333333333334
0.14033333333333334
0.07666666666666666
0.148
0.07633333333333332
0.2976666666666667
0.218
0.2936666666666667
0.29266666666666663
0.09400000000000001
0.08133333333333333
0.16666666666666666
0.19466666666666668
0.11066666666666665
0.329
0.303
0.317
0.3273333333333333
0.082
0.39666666666666667
0.13933333333333334
0.08466666666666667
0.13166666666666668
0.30433333333333334
0.14033333333333334
0.14566666666666664
0.21066666666666667
0.08233333333333333
0.2876666666666667
0.242
0.10933333333333334
0.20566666666666666
0.2973333333333333
0.09400000000000001
0.16833333333333333
0.15133333333333332
0.301
0.2363333333333333
0.25966666666666666
0.14633333333333334
0.19499999999999998
0.083
0.13999999999999999
0.23866666666666667
0.155
0.17933333333333334
0.09700000000000002
0.08466666666666667
0.2976666666666667
0.29633333333333334
0.2973333333333333
0.08833333333333333
0.124
0.29033333333333333
0.07866666666666666
0.1426666666666667
0.085
0.14866666666666664
0.085
0.30066666666666664
0.10333333333333333
0.165
0.07100000000000001
0.09366666666666668
0.06666666666666667
0.08
0.09633333333333334
0.26166666666666666
0.09333333333333334
0.155
0.1366666666666667
0.135
0.077
0.07033333333333334
0.15
0.164
0.126
0.144
0.23133333333333336
0.317
0.08633333333333333
0.31
0.31266666666666665
0.32066666666666666
0.16533333333333333
0.314
0.34400000000000003
0.09999999999999999
0.14666666666666664
0.3276666666666667
0.20866666666666667
0.24166666666666667
0.22266666666666668
0.3473333333333333
0.09600000000000002
0.16866666666666666
0.14633333333333332
0.3296666666666667
0.2806666666666667
0.17933333333333334
0.22466666666666668
0.15533333333333332
0.20099999999999998
0.14833333333333332
0.08166666666666667
0.083
0.34299999999999997
0.19166666666666665
0.08833333333333333
0.11133333333333333
0.10766666666666667
0.26933333333333337
0.17700000000000002
0.15766666666666665
0.168
0.09800000000000002
0.09533333333333334
0.17533333333333334
0.18366666666666664
0.33066666666666666
0.16466666666666666
0.09300000000000001
0.14100000000000001
0.24566666666666667
0.07933333333333333
0.09400000000000001
0.2733333333333334
0.35733333333333334
0.16933333333333334
0.09133333333333334
0.074
0.3296666666666667
0.3393333333333333
0.08833333333333333
0.17233333333333334
0.158
0.18333333333333335
0.25833333333333336
0.11266666666666668
0.08933333333333333
0.167
0.14466666666666667
0.09966666666666667
0.14333333333333334
0.16233333333333333
0.16033333333333333
0.09033333333333333
0.07933333333333333
0.08700000000000001
0.19266666666666668
0.166
0.18233333333333332
0.33033333333333337
0.19600000000000004
0.314
0.4136666666666666
0.36400000000000005
0.34299999999999997
0.155
0.20633333333333334
0.3176666666666667
0.102
0.09866666666666668
0.14233333333333334
0.34299999999999997
0.254
0.09133333333333334
0.09066666666666667
0.09000000000000001
0.16766666666666666
0.24333333333333332
0.09200000000000001
0.31033333333333335
0.30833333333333335
0.23266666666666666
0.08966666666666667
0.081
0.23066666666666666
0.15633333333333332
0.07500000000000001
0.07466666666666666
0.09200000000000001
0.26533333333333337
0.13566666666666669
0.26
0.27899999999999997
0.156
0.40700000000000003
0.17533333333333334
0.14633333333333332
0.09133333333333334
0.3443333333333333
0.24633333333333332
0.3503333333333334
0.18266666666666667
0.08033333333333333
0.171
0.34366666666666673
0.272
0.3316666666666667
0.3256666666666667
0.13699999999999998
0.14566666666666664
0.20000000000000004
0.32633333333333336
0.11099999999999999
0.164
0.09533333333333334
0.14733333333333332
0.108
0.14
0.073
0.15833333333333333
0.33433333333333337
0.281
0.09266666666666667
0.09533333333333334
0.09066666666666667
0.3233333333333333
0.19066666666666668
0.08333333333333333
0.3236666666666667
0.25466666666666665
0.264
0.3406666666666667
0.18299999999999997
0.325
0.09733333333333334
0.15733333333333333
0.07966666666666666
0.09166666666666667
0.143
0.32433333333333336
0.158
0.262
0.14433333333333334
0.08233333333333333
0.18466666666666667
0.15133333333333332
0.17233333333333334
0.08366666666666667
0.17166666666666663
0.2896666666666667
0.2763333333333333
0.14866666666666664
0.07100000000000001
0.08233333333333333
0.30833333333333335
0.084
0.25833333333333336
0.13166666666666668
0.25866666666666666
0.08166666666666667
0.15633333333333332
0.10100000000000002
0.09566666666666668
0.08166666666666667
0.4126666666666667
0.07566666666666666
0.39999999999999997
0.41100000000000003
0.167
0.17533333333333334
0.147
0.09033333333333333
0.18000000000000002
0.305
0.33066666666666666
0.09533333333333334
0.07466666666666666
0.08466666666666667
0.07766666666666666
0.08700000000000001
0.2383333333333333
0.08266666666666667
0.13933333333333334
0.14133333333333334
0.314
0.18666666666666668
0.08600000000000001
0.08166666666666667
0.07400000000000001
0.14566666666666664
0.2916666666666667
0.17466666666666666
0.16533333333333333
0.165
0.16333333333333333
0.16933333333333334
0.16366666666666665
0.3016666666666667
0.19100000000000003
0.3433333333333333
0.09100000000000001
0.17066666666666666
0.13933333333333334
0.28633333333333333
0.17900000000000002
0.17699999999999996
0.15833333333333333
0.30633333333333335
0.32899999999999996
0.26633333333333337
0.331
0.3313333333333333
0.09433333333333334
0.081
0.3313333333333333
0.162
0.17733333333333334
0.3153333333333333
0.18966666666666665
0.15833333333333333
0.239
0.264
0.239
0.09400000000000001
0.09100000000000001
0.32833333333333337
0.09000000000000001
0.32066666666666666
0.333
0.08733333333333333
0.34166666666666673
0.16233333333333333
0.2886666666666667
0.16466666666666666
0.144
0.078
0.15866666666666665
0.257
0.3473333333333333
0.23099999999999998
0.17266666666666666
0.15066666666666664
0.33033333333333337
0.18400000000000002
0.31466666666666665
0.355
0.36033333333333334
0.29066666666666663
0.15066666666666664
0.17133333333333334
0.16833333333333333
0.08333333333333333
0.16833333333333333
0.326
0.10866666666666665
0.07466666666666666
0.40166666666666667
0.13833333333333334
0.17333333333333334
0.07633333333333332
0.13333333333333333
0.16233333333333333
0.311
0.18899999999999997
0.1476666666666667
0.29033333333333333
0.147
0.2753333333333334
0.09333333333333334
0.23366666666666666
0.1406666666666667
