0.154
0.4626666666666667
0.10133333333333333
0.3253333333333333
0.2773333333333333
0.19333333333333333
0.08333333333333333
0.23566666666666666
0.16
0.09600000000000002
0.17800000000000002
0.27
0.2783333333333333
0.28533333333333327
0.30533333333333335
0.273
0.07533333333333332
0.085
0.07666666666666666
0.2006666666666667
0.25166666666666665
0.145
0.28400000000000003
0.265
0.275
0.145
0.2743333333333333
0.2776666666666667
0.14333333333333334
0.07333333333333335
0.135
0.07333333333333332
0.17
0.27666666666666667
0.17733333333333334
0.26966666666666667
0.2776666666666667
0.25666666666666665
0.2733333333333334
0.271
0.26766666666666666
0.2776666666666667
0.26266666666666666
0.19200000000000003
0.16633333333333333
0.26866666666666666
0.152
0.25333333333333335
0.22366666666666665
0.14733333333333334
0.16733333333333333
0.27033333333333337
0.2006666666666667
0.09400000000000001
0.16966666666666666
0.217
0.06566666666666666
0.2763333333333333
0.2283333333333333
0.064
0.22333333333333336
0.2793333333333333
0.18000000000000002
0.16233333333333333
0.13233333333333333
0.16533333333333333
0.2973333333333334
0.20366666666666666
0.14266666666666666
0.17299999999999996
0.275
0.277
0.09500000000000001
0.16866666666666666
0.18966666666666665
0.07366666666666667
0.269
0.225
0.21766666666666667
0.21366666666666667
0.26833333333333337
0.14033333333333334
0.217
0.21433333333333335
0.27566666666666667
0.09366666666666668
0.07100000000000001
0.08633333333333333
0.07433333333333335
0.25466666666666665
0.14433333333333334
0.17466666666666666
0.07200000000000001
0.1723333333333333
0.168
0.13133333333333333
0.16566666666666666
0.27033333333333337
0.14633333333333334
0.26133333333333336
0.25933333333333336
0.248
0.26866666666666666
0.31033333333333335
0.18400000000000002
0.077
0.1366666666666667
0.27166666666666667
0.17133333333333334
0.1446666666666667
0.27133333333333337
0.2786666666666667
0.287
0.18566666666666665
0.167
0.07200000000000001
0.278
0.259
0.26733333333333337
0.17766666666666667
0.08966666666666667
0.16533333333333333
0.13533333333333333
0.27166666666666667
0.29666666666666663
0.19733333333333333
0.19599999999999998
0.22
0.1406666666666667
0.2846666666666667
0.09333333333333334
0.07366666666666667
0.17933333333333334
0.14
0.14633333333333332
0.08266666666666667
0.14333333333333334
0.068
0.26266666666666666
0.17900000000000002
0.2843333333333333
0.11166666666666665
0.2896666666666667
0.207
0.084
0.13833333333333334
0.14133333333333334
0.13266666666666668
0.14633333333333332
0.13833333333333334
0.06666666666666667
0.171
0.067
0.2866666666666667
0.295
0.09833333333333333
0.1446666666666667
0.17966666666666664
0.2866666666666667
0.285
0.2876666666666667
0.291
0.09666666666666668
0.28099999999999997
0.18699999999999997
0.2836666666666667
0.29133333333333333
0.29833333333333334
0.2993333333333333
0.19866666666666669
0.08733333333333333
0.24566666666666667
0.20033333333333334
0.28533333333333327
0.291
0.09133333333333334
0.08133333333333333
0.272
0.212
0.07466666666666666
0.29033333333333333
0.16333333333333333
0.2893333333333333
0.2976666666666667
0.3
0.292
0.29866666666666664
0.2933333333333334
0.3
0.17033333333333334
0.27366666666666667
0.29233333333333333
0.29833333333333334
0.297
0.302
0.16966666666666666
0.07133333333333333
0.288
0.297
0.30433333333333334
0.16533333333333333
0.152
0.18966666666666665
0.21366666666666667
0.154
0.15066666666666664
0.19533333333333336
0.19699999999999998
0.283
0.30466666666666664
0.19666666666666668
0.18233333333333332
0.25566666666666665
0.18633333333333332
0.14500000000000002
0.17899999999999996
0.17933333333333334
0.064
0.22866666666666666
0.238
0.17899999999999996
0.17866666666666667
0.06733333333333334
0.147
0.14866666666666664
0.145
0.2916666666666667
0.2733333333333333
0.151
0.141
0.22999999999999998
0.232
0.17266666666666666
0.2816666666666667
0.18966666666666665
0.07733333333333332
0.08900000000000001
0.1396666666666667
0.2833333333333334
0.26299999999999996
0.09199999999999998
0.1426666666666667
0.25366666666666665
0.18566666666666665
0.07066666666666667
0.265
0.27266666666666667
0.293
0.2893333333333334
0.23766666666666666
0.137
0.223
0.24866666666666667
0.21833333333333335
0.135
0.16633333333333333
0.1426666666666667
0.09066666666666667
0.18766666666666665
0.139
0.1723333333333333
0.28833333333333333
0.106
0.17766666666666664
0.259
0.18966666666666665
0.17766666666666664
0.18099999999999997
0.2836666666666667
0.276
0.15333333333333332
0.144
0.06666666666666667
0.14666666666666664
0.25533333333333336
0.2293333333333333
0.269
0.151
0.065
0.2733333333333334
0.16466666666666666
0.17833333333333332
0.142
0.14366666666666664
0.18033333333333332
0.264
0.19066666666666668
0.27033333333333337
0.25833333333333336
0.161
0.255
0.2786666666666667
0.28733333333333333
0.18833333333333332
0.18400000000000002
0.077
0.07400000000000001
0.22733333333333336
0.06733333333333334
0.07
0.14500000000000002
0.057333333333333326
0.25066666666666665
0.09566666666666668
0.17133333333333334
0.16666666666666666
0.2856666666666667
0.14533333333333334
0.06866666666666667
0.21833333333333335
0.26433333333333336
0.18933333333333335
0.244
0.169
0.16733333333333333
0.06866666666666667
0.07
0.14233333333333334
0.27366666666666667
0.2733333333333334
0.18000000000000002
0.19099999999999998
0.26466666666666666
0.18533333333333335
0.19466666666666668
0.27566666666666667
0.2786666666666667
0.27699999999999997
0.18766666666666665
0.27233333333333337
0.08366666666666667
0.2873333333333333
0.19600000000000004
0.26333333333333336
0.25666666666666665
0.17200000000000001
0.129
0.25366666666666665
0.17133333333333334
0.16866666666666666
0.18733333333333335
0.21866666666666668
0.08
0.276
0.15166666666666664
0.12966666666666668
0.16966666666666666
0.26133333333333336
0.15533333333333332
0.148
0.155
0.18566666666666665
0.16433333333333333
0.29066666666666663
0.2993333333333333
0.296
0.295
0.18499999999999997
0.19466666666666665
0.2753333333333333
0.287
0.18500000000000003
0.27166666666666667
0.18800000000000003
0.26666666666666666
0.27366666666666667
0.29433333333333334
0.247
0.07866666666666666
0.235
0.2356666666666667
0.19699999999999998
0.17833333333333332
0.07466666666666666
0.19499999999999998
0.18233333333333332
0.287
0.164
0.277
0.27666666666666667
0.18666666666666668
0.1426666666666667
0.1456666666666667
0.08366666666666667
0.22733333333333336
0.2733333333333334
0.18299999999999997
0.278
0.10166666666666668
0.256
0.17200000000000001
0.13833333333333334
0.249
0.16566666666666666
0.17133333333333334
0.27033333333333337
0.15533333333333332
0.17933333333333334
0.17700000000000002
0.16633333333333333
0.25066666666666665
0.27033333333333337
0.27166666666666667
0.2763333333333333
0.18800000000000003
0.17466666666666666
0.1443333333333333
0.18200000000000002
0.28733333333333333
0.2906666666666667
0.18366666666666664
0.16766666666666666
0.07466666666666666
0.07766666666666666
0.26666666666666666
0.1406666666666667
0.25333333333333335
0.17033333333333334
0.17633333333333334
0.247
0.16566666666666666
0.25
0.269
0.18400000000000002
0.29933333333333334
0.2783333333333333
0.29933333333333334
0.18100000000000002
0.2956666666666667
0.30633333333333335
0.26633333333333337
0.20400000000000004
0.171
0.167
0.267
0.22966666666666666
0.1406666666666667
0.1406666666666667
0.27
0.144
0.16933333333333334
0.26666666666666666
0.17933333333333334
0.243
0.17133333333333334
0.22566666666666668
0.2743333333333334
0.171
0.168
0.16333333333333333
0.25133333333333335
0.276
0.2813333333333333
0.25466666666666665
0.22066666666666668
0.08166666666666667
0.26833333333333337
0.06833333333333334
0.079
0.21533333333333335
0.05933333333333333
0.27
0.18666666666666668
0.083
0.16933333333333334
0.066
0.16633333333333333
0.26033333333333336
0.153
0.17166666666666666
0.24866666666666667
0.07533333333333334
0.14266666666666664
0.165
0.218
0.25833333333333336
0.17733333333333334
0.069
0.222
0.07100000000000001
0.25266666666666665
0.19166666666666665
0.26666666666666666
0.08566666666666667
0.26733333333333337
0.268
0.085
0.14133333333333334
0.06766666666666667
0.076
0.247
0.25366666666666665
0.14233333333333334
0.162
0.25333333333333335
0.25066666666666665
0.25066666666666665
0.146
0.21933333333333335
0.08
0.137
0.13466666666666668
0.17200000000000001
0.284
0.2783333333333334
0.27899999999999997
0.27299999999999996
0.21966666666666665
0.16666666666666666
0.217
0.22133333333333335
0.17166666666666663
0.16933333333333334
0.26866666666666666
0.17733333333333334
0.27699999999999997
0.146
0.13633333333333333
0.26966666666666667
0.19233333333333333
0.13166666666666668
0.25066666666666665
0.2733333333333334
0.26866666666666666
0.22166666666666665
0.2763333333333334
0.09166666666666667
0.26633333333333337
0.08933333333333333
0.19633333333333333
0.24733333333333332
0.253
0.25266666666666665
0.258
0.14966666666666667
0.06666666666666667
0.16833333333333333
0.21666666666666667
0.169
0.06333333333333334
0.16733333333333333
0.057666666666666665
0.274
0.26166666666666666
0.257
0.27066666666666667
0.2323333333333333
0.26533333333333337
0.3013333333333333
0.2743333333333334
0.28933333333333333
0.18200000000000002
0.07333333333333332
0.26
0.18866666666666668
0.20466666666666666
0.07266666666666667
0.07666666666666666
0.19666666666666668
0.148
0.21966666666666668
0.171
0.06766666666666667
0.07200000000000001
0.168
0.16633333333333333
0.06666666666666667
0.13833333333333334
0.13333333333333333
0.16633333333333333
0.171
0.18033333333333332
0.08166666666666667
0.27599999999999997
0.1436666666666667
0.17133333333333334
0.16366666666666665
0.06766666666666667
0.06866666666666667
0.27266666666666667
0.17600000000000002
0.06666666666666667
0.17266666666666666
0.26666666666666666
0.2776666666666667
0.25666666666666665
0.268
0.261
0.24833333333333332
0.27166666666666667
0.2753333333333333
0.09133333333333334
0.166
0.1366666666666667
0.264
0.26766666666666666
0.27399999999999997
0.2783333333333334
0.15133333333333335
0.25966666666666666
0.083
0.26533333333333337
0.27466666666666667
0.2713333333333333
0.2763333333333333
0.17066666666666666
0.26833333333333337
0.2783333333333333
0.26699999999999996
0.22399999999999998
0.137
0.219
0.245
0.17066666666666666
0.07033333333333334
0.06566666666666666
0.214
0.2203333333333333
0.271
0.08433333333333333
0.18400000000000002
0.18733333333333335
0.07566666666666666
0.16933333333333334
0.16633333333333333
0.16366666666666665
0.08166666666666667
0.271
0.256
0.17566666666666667
0.25166666666666665
0.17066666666666666
0.14833333333333332
0.27566666666666667
0.15433333333333335
0.06633333333333334
0.2823333333333333
0.16066666666666665
0.16566666666666666
0.274
0.11
0.17900000000000002
0.06266666666666666
0.08033333333333333
0.06133333333333333
0.143
0.08066666666666666
0.27166666666666667
0.17600000000000002
0.26766666666666666
0.27599999999999997
0.2763333333333334
0.14966666666666667
0.137
0.16166666666666665
0.16966666666666666
0.171
0.262
0.144
0.21533333333333335
0.135
0.21533333333333335
0.25133333333333335
0.221
0.16433333333333333
0.21866666666666668
0.24966666666666668
0.147
0.12866666666666668
0.247
0.1376666666666667
0.21933333333333335
0.22
0.26566666666666666
0.265
0.17466666666666666
0.2906666666666667
0.26433333333333336
0.24333333333333332
0.17833333333333334
0.20933333333333334
0.171
0.22066666666666668
0.16966666666666666
0.17133333333333334
0.17233333333333334
0.25333333333333335
0.171
0.171
0.08033333333333333
0.083
0.217
0.16766666666666666
0.07166666666666667
0.067
0.07066666666666667
0.26266666666666666
0.08366666666666667
0.077
0.17166666666666666
0.27466666666666667
0.17633333333333331
0.12933333333333333
0.18899999999999997
0.1366666666666667
0.171
0.21933333333333335
0.139
0.144
0.165
0.17300000000000001
0.24366666666666667
0.24966666666666668
0.1466666666666667
0.06433333333333334
0.164
0.16366666666666665
0.16733333333333333
0.07966666666666666
0.163
0.07233333333333335
0.1476666666666667
0.09366666666666668
0.29
0.19233333333333333
0.18066666666666667
0.2896666666666667
0.308
0.19800000000000004
0.18200000000000002
0.299
0.18733333333333335
0.22233333333333336
0.08866666666666667
0.23466666666666666
0.248
0.2703333333333333
0.27799999999999997
0.297
0.21733333333333335
0.25933333333333336
0.081
0.08866666666666667
0.07066666666666667
0.2833333333333334
0.243
0.18366666666666664
0.28533333333333327
0.19533333333333336
0.07733333333333335
0.23366666666666666
0.07366666666666667
0.25966666666666666
0.2866666666666667
0.298
0.10166666666666667
0.288
0.22666666666666666
0.17400000000000002
0.145
0.17
0.2796666666666667
0.2273333333333333
0.059
0.21533333333333335
0.22866666666666666
0.13733333333333334
0.16733333333333333
0.08333333333333333
0.26633333333333337
0.2823333333333333
0.26133333333333336
0.19099999999999998
0.275
0.15866666666666665
0.136
0.166
0.27166666666666667
0.17633333333333334
0.271
0.25666666666666665
0.07100000000000001
0.07666666666666667
0.18699999999999997
0.248
0.08766666666666667
0.06933333333333334
0.075
0.069
0.08233333333333333
0.139
0.17766666666666667
0.17566666666666664
0.13833333333333334
0.22266666666666668
0.139
0.268
0.2783333333333333
0.26866666666666666
0.17933333333333334
0.16533333333333333
0.22266666666666668
0.26433333333333336
0.2273333333333333
0.26733333333333337
0.29266666666666663
0.2853333333333334
0.30000000000000004
0.10433333333333333
0.13433333333333333
0.273
0.2853333333333333
0.2733333333333334
0.307
0.18466666666666667
0.27233333333333337
0.27999999999999997
0.17733333333333334
0.17066666666666666
0.07966666666666666
0.16533333333333333
0.08533333333333333
0.27166666666666667
0.27666666666666667
0.2866666666666667
0.148
0.17499999999999996
0.25166666666666665
0.14200000000000002
0.22133333333333335
0.13333333333333333
0.21533333333333335
0.17400000000000002
0.2763333333333334
0.10066666666666667
0.083
0.144
0.25733333333333336
0.14933333333333335
0.256
0.259
0.09099999999999998
0.17133333333333334
0.13733333333333334
0.26866666666666666
0.18299999999999997
0.24633333333333332
0.2753333333333334
0.27399999999999997
0.2896666666666667
0.2873333333333334
0.16266666666666665
0.27033333333333337
0.18033333333333335
0.18533333333333335
0.13466666666666668
0.13266666666666668
0.22
0.07866666666666666
0.14533333333333334
0.1406666666666667
0.13833333333333334
0.17299999999999996
0.24666666666666667
0.17433333333333334
0.17166666666666663
0.17400000000000002
0.17299999999999996
0.17133333333333334
0.06733333333333334
0.26833333333333337
0.29033333333333333
0.26566666666666666
0.285
0.28600000000000003
0.2796666666666667
0.22566666666666665
0.08066666666666666
0.17566666666666667
0.17366666666666664
0.26566666666666666
0.2733333333333333
0.22966666666666666
0.17066666666666666
0.21833333333333335
0.14233333333333334
0.274
0.2693333333333333
0.282
0.17966666666666664
0.25033333333333335
0.17233333333333334
0.27033333333333337
0.14633333333333334
0.21666666666666667
0.22566666666666668
0.26566666666666666
0.27299999999999996
0.25933333333333336
0.27899999999999997
0.25933333333333336
0.26033333333333336
0.144
0.26766666666666666
0.15333333333333335
0.27266666666666667
0.15866666666666665
0.26866666666666666
0.15533333333333332
0.14566666666666664
0.26266666666666666
0.27699999999999997
0.235
0.082
0.16333333333333333
0.253
0.17566666666666667
0.27999999999999997
0.27066666666666667
0.26266666666666666
0.27566666666666667
0.17733333333333334
0.2743333333333334
0.2856666666666667
0.18366666666666667
0.167
0.27266666666666667
0.09933333333333333
0.14766666666666667
0.25233333333333335
0.139
0.082
0.148
0.13833333333333334
0.27899999999999997
0.26866666666666666
0.18400000000000002
0.16633333333333333
0.27466666666666667
0.17300000000000001
0.289
0.3053333333333333
0.2946666666666667
0.286
