0.624
0.2356666666666667
0.22866666666666668
0.07300000000000001
0.15333333333333332
0.07933333333333333
0.19200000000000003
0.3093333333333333
0.09166666666666667
0.33466666666666667
0.07966666666666666
0.1376666666666667
0.07766666666666666
0.12933333333333333
0.07333333333333333
0.14133333333333334
0.20566666666666666
0.16633333333333333
0.218
0.07766666666666666
0.3336666666666667
0.08566666666666667
0.081
0.26633333333333337
0.075
0.07033333333333334
0.09033333333333333
0.07433333333333332
0.07666666666666666
0.24
0.08333333333333333
0.23266666666666666
0.07766666666666666
0.07533333333333332
0.08166666666666667
0.07966666666666666
0.06166666666666667
0.339
0.082
0.22066666666666668
0.1366666666666667
0.22133333333333335
0.157
0.25533333333333336
0.075
0.22766666666666668
0.082
0.3466666666666667
0.273
0.078
0.07433333333333332
0.08900000000000001
0.07866666666666666
0.353
0.06933333333333334
0.207
0.20133333333333336
0.22333333333333336
0.19366666666666665
0.21133333333333335
0.19866666666666669
0.09133333333333334
0.07266666666666667
0.07533333333333332
0.08333333333333333
0.07733333333333332
0.08133333333333333
0.07233333333333335
0.08366666666666667
0.079
0.08433333333333333
0.22633333333333336
0.371
0.08033333333333333
0.26033333333333336
0.249
0.09100000000000001
0.20733333333333334
0.25
0.26166666666666666
0.07
0.08033333333333333
0.22933333333333336
0.14466666666666664
0.07633333333333332
0.37200000000000005
0.20866666666666667
0.17166666666666666
0.35633333333333334
0.18299999999999997
0.08233333333333333
0.09333333333333334
0.21166666666666667
0.07166666666666667
0.074
0.078
0.07433333333333332
0.08166666666666667
0.08566666666666667
0.38566666666666666
0.37766666666666665
0.2773333333333334
0.1396666666666667
0.07566666666666666
0.07066666666666667
0.363
0.10499999999999998
0.081
0.08700000000000001
0.083
0.08066666666666666
0.06933333333333334
0.064
0.07100000000000001
0.08033333333333333
0.30666666666666664
0.085
0.3353333333333333
0.281
0.084
0.27266666666666667
0.07533333333333332
0.074
0.09533333333333334
0.059666666666666666
0.08433333333333333
0.07666666666666666
0.235
0.079
0.243
0.19966666666666666
0.20033333333333334
0.07833333333333332
0.07366666666666667
0.07533333333333332
0.156
0.07766666666666666
0.25133333333333335
0.16333333333333333
0.07866666666666666
0.08166666666666667
0.16533333333333333
0.08533333333333333
0.24633333333333332
0.16666666666666666
0.08
0.076
0.079
0.08833333333333333
0.08166666666666667
0.207
0.075
0.24466666666666667
0.19433333333333333
0.2323333333333333
0.24066666666666667
0.09266666666666667
0.07433333333333332
0.071
0.149
0.07
0.08600000000000001
0.258
0.07466666666666667
0.067
0.079
0.08233333333333333
0.17366666666666664
0.08
0.08600000000000001
0.3393333333333333
0.26866666666666666
0.07666666666666666
0.06633333333333334
0.06666666666666667
0.20233333333333334
0.159
0.16933333333333334
0.079
0.237
0.03933333333333333
0.08033333333333333
0.287
0.25633333333333336
0.223
0.162
0.18033333333333332
0.13433333333333333
0.16533333333333333
0.08266666666666667
0.266
0.153
0.07333333333333335
0.16133333333333333
0.06733333333333334
0.07833333333333332
0.24366666666666667
0.084
0.05466666666666667
0.058666666666666666
0.07333333333333332
0.077
0.07166666666666667
0.23199999999999998
0.078
0.07866666666666666
0.07566666666666666
0.07633333333333332
0.336
0.08433333333333333
0.06966666666666667
0.07233333333333332
0.41733333333333333
0.07200000000000001
0.08166666666666667
0.07200000000000001
0.07633333333333332
0.21133333333333335
0.19400000000000003
0.20133333333333336
0.07433333333333332
0.07200000000000001
0.209
0.08166666666666667
0.078
0.08166666666666667
0.21633333333333335
0.18000000000000002
0.085
0.07866666666666666
0.152
0.2753333333333334
0.077
0.145
0.07466666666666666
0.26733333333333337
0.27166666666666667
0.08733333333333333
0.19299999999999998
0.17133333333333334
0.17066666666666666
0.079
0.289
0.08133333333333333
0.21
0.155
0.15566666666666665
0.19433333333333333
0.15566666666666665
0.20099999999999998
0.07633333333333332
0.19600000000000004
0.36066666666666664
0.3173333333333333
0.08466666666666667
0.07833333333333332
0.08666666666666667
0.16633333333333333
0.09433333333333334
0.08733333333333333
0.082
0.078
0.18566666666666667
0.07
0.23766666666666666
0.08266666666666667
0.077
0.08633333333333333
0.06566666666666666
0.06366666666666666
0.074
0.07466666666666666
0.19600000000000004
0.07166666666666667
0.4013333333333333
0.2893333333333333
0.09233333333333334
0.073
0.3423333333333333
0.13566666666666669
0.07766666666666666
0.06733333333333334
0.07533333333333335
0.074
0.07366666666666667
0.16933333333333334
0.08533333333333333
0.25066666666666665
0.25266666666666665
0.07533333333333335
0.16566666666666666
0.075
0.21333333333333335
0.07266666666666667
0.07466666666666666
0.21633333333333335
0.25866666666666666
0.14733333333333332
0.22066666666666668
0.28400000000000003
0.08766666666666667
0.327
0.4546666666666666
0.2893333333333333
0.07766666666666666
0.07766666666666666
0.15566666666666665
0.083
0.248
0.3216666666666667
0.26533333333333337
0.19166666666666665
0.17166666666666666
0.08066666666666666
0.08633333333333333
0.22633333333333336
0.19999999999999998
0.07166666666666667
0.076
0.20433333333333334
0.075
0.22833333333333336
0.13733333333333334
0.084
0.08133333333333333
0.07766666666666666
0.21766666666666667
0.26266666666666666
0.08266666666666667
0.26533333333333337
0.20833333333333334
0.256
0.079
0.21366666666666667
0.32433333333333336
0.07733333333333332
0.077
0.3196666666666667
0.075
0.07066666666666667
0.2313333333333333
0.1443333333333333
0.16733333333333333
0.07300000000000001
0.08800000000000001
0.08766666666666667
0.07433333333333333
0.40066666666666667
0.08066666666666666
0.07366666666666666
0.083
0.07566666666666667
0.07033333333333334
0.079
0.069
0.07533333333333332
0.06833333333333334
0.07233333333333333
0.067
0.131
0.12933333333333333
0.06733333333333334
0.211
0.07066666666666667
0.149
0.322
0.18699999999999997
0.25633333333333336
0.25033333333333335
0.18433333333333332
0.18466666666666667
0.07166666666666667
0.07200000000000001
0.19166666666666665
0.06833333333333334
0.07166666666666666
0.2373333333333333
0.069
0.244
0.26833333333333337
0.07233333333333335
0.07200000000000001
0.073
0.15566666666666665
0.256
0.07200000000000001
0.08133333333333333
0.08800000000000001
0.18066666666666667
0.32033333333333336
0.074
0.07533333333333332
0.3133333333333333
0.07466666666666666
0.07166666666666667
0.08066666666666666
0.08733333333333333
0.077
0.07666666666666666
0.08700000000000001
0.3516666666666666
0.2233333333333333
0.22066666666666668
0.215
0.07433333333333332
0.067
0.075
0.07066666666666667
0.07666666666666666
0.06533333333333334
0.08
0.07200000000000001
0.19833333333333333
0.338
0.09100000000000001
0.075
0.265
0.07033333333333334
0.076
0.146
0.06833333333333334
0.165
0.08366666666666667
0.07033333333333334
0.09400000000000001
0.26666666666666666
0.20633333333333334
0.07033333333333334
0.068
0.06933333333333334
0.159
0.24133333333333332
0.07866666666666666
0.07666666666666666
0.07366666666666666
0.31233333333333335
0.08766666666666667
0.08233333333333333
0.07100000000000001
0.08133333333333333
0.067
0.081
0.06833333333333334
0.14566666666666664
0.067
0.2893333333333333
0.07833333333333332
0.06933333333333334
0.07133333333333335
0.07166666666666666
0.253
0.079
0.075
0.25466666666666665
0.2976666666666667
0.273
0.21633333333333335
0.261
0.35300000000000004
0.31666666666666665
0.20966666666666667
0.225
0.076
0.16266666666666665
0.08
0.259
0.07433333333333335
0.169
0.085
0.07133333333333335
0.2773333333333333
0.20833333333333334
0.08066666666666666
0.07300000000000001
0.19666666666666668
0.258
0.07400000000000001
0.21466666666666667
0.19299999999999998
0.213
0.26633333333333337
0.23366666666666666
0.21166666666666667
0.3196666666666667
0.221
0.20633333333333334
0.21033333333333334
0.07133333333333333
0.21533333333333335
0.22666666666666668
0.31866666666666665
0.26466666666666666
0.07700000000000001
0.07333333333333335
0.13866666666666666
0.14633333333333332
0.25833333333333336
0.08066666666666666
0.19966666666666666
0.34900000000000003
0.076
0.07
0.069
0.21066666666666667
0.06466666666666666
0.06766666666666667
0.21433333333333335
0.138
0.07066666666666667
0.25733333333333336
0.25233333333333335
0.07300000000000001
0.07233333333333332
0.136
0.06866666666666667
0.215
0.08066666666666666
0.077
0.24233333333333332
0.22966666666666669
0.08166666666666667
0.24966666666666668
0.06666666666666667
0.07933333333333333
0.2853333333333334
0.08433333333333333
0.38033333333333336
0.25733333333333336
0.208
0.08233333333333333
0.14566666666666667
0.427
0.25266666666666665
0.14766666666666664
0.07833333333333332
0.19366666666666665
0.06633333333333334
0.3153333333333333
0.08800000000000001
0.21966666666666668
0.06866666666666667
0.31833333333333336
0.09766666666666668
0.3626666666666667
0.17533333333333334
0.32866666666666666
0.2913333333333333
0.41500000000000004
0.061
0.3373333333333333
0.06433333333333334
0.07066666666666667
0.3256666666666667
0.3433333333333333
0.08033333333333333
0.23099999999999998
0.19266666666666668
0.19766666666666666
0.23566666666666666
0.08
0.19066666666666668
0.07133333333333335
0.19099999999999998
0.18666666666666668
0.06733333333333334
0.079
0.19200000000000003
0.075
0.07933333333333333
0.07633333333333332
0.06866666666666667
0.075
0.19266666666666668
0.06633333333333334
0.07466666666666666
0.06933333333333334
0.07133333333333335
0.19000000000000003
0.19166666666666665
0.21066666666666667
0.07166666666666667
0.19000000000000003
0.07100000000000001
0.067
0.07133333333333335
0.224
0.21033333333333334
0.27566666666666667
0.15366666666666665
0.07733333333333332
0.08166666666666667
0.34
0.07266666666666666
0.07133333333333335
0.15666666666666665
0.15633333333333332
0.15833333333333333
0.19399999999999998
0.08633333333333333
0.25366666666666665
0.19400000000000003
0.077
0.06333333333333334
0.2373333333333333
0.08233333333333333
0.06566666666666666
0.206
0.09066666666666667
0.25966666666666666
0.18866666666666668
0.07333333333333335
0.18333333333333335
0.255
0.07200000000000001
0.19299999999999998
0.19166666666666665
0.2753333333333334
0.18866666666666668
0.21066666666666667
0.19099999999999998
0.2333333333333333
0.226
0.355
0.076
0.06633333333333334
0.06966666666666667
0.15466666666666665
0.082
0.25966666666666666
0.07433333333333335
0.14733333333333332
0.07533333333333332
0.07066666666666667
0.14366666666666664
0.06866666666666667
0.18933333333333335
0.07966666666666666
0.081
0.07333333333333332
0.249
0.24333333333333332
0.06966666666666667
0.24666666666666667
0.2343333333333333
0.24033333333333332
0.08800000000000001
0.15333333333333332
0.20733333333333334
0.066
0.079
0.06433333333333334
0.066
0.07566666666666666
0.08
0.07133333333333333
0.068
0.08533333333333333
0.06633333333333334
0.06733333333333334
0.2886666666666667
0.07966666666666666
0.28833333333333333
0.147
0.2893333333333333
0.07733333333333332
0.29033333333333333
0.3336666666666666
0.09000000000000001
0.08900000000000001
0.2936666666666667
0.08666666666666667
0.18800000000000003
0.18066666666666667
0.26266666666666666
0.08566666666666667
0.07566666666666666
0.06766666666666667
0.16466666666666666
0.14266666666666666
0.069
0.18600000000000003
0.07200000000000001
0.17866666666666667
0.07833333333333332
0.075
0.07233333333333335
0.3236666666666667
0.07966666666666666
0.06999999999999999
0.152
0.15166666666666664
0.248
0.08366666666666667
0.3546666666666667
0.245
0.21
0.07866666666666666
0.20966666666666667
0.3476666666666666
0.07300000000000001
0.06766666666666667
0.07133333333333335
0.07466666666666667
0.222
0.079
0.07466666666666666
0.144
0.075
0.08233333333333333
0.06866666666666667
0.081
0.318
0.3336666666666666
0.083
0.22999999999999998
0.06566666666666666
0.07066666666666667
0.06933333333333334
0.15033333333333332
0.06866666666666667
0.22933333333333336
0.07466666666666666
0.155
0.07100000000000001
0.06933333333333334
0.077
0.083
0.069
0.07033333333333334
0.07166666666666667
0.07
0.06666666666666667
0.29433333333333334
0.3446666666666667
0.3
0.39366666666666666
0.31866666666666665
0.33
0.085
0.18166666666666664
0.14
0.19499999999999998
0.25066666666666665
0.19066666666666668
0.24333333333333332
0.19499999999999998
0.07133333333333335
0.07933333333333333
0.07200000000000001
0.214
0.19566666666666666
0.21333333333333335
0.263
0.21666666666666667
0.21733333333333335
0.19266666666666668
0.06566666666666666
0.22466666666666665
0.08333333333333333
0.07133333333333335
0.076
0.081
0.252
0.21366666666666667
0.14
0.15533333333333332
0.08866666666666667
0.083
0.35233333333333333
0.078
0.079
0.326
0.18600000000000003
0.24333333333333332
0.08233333333333333
0.07666666666666666
0.07366666666666667
0.17833333333333332
0.07066666666666667
0.17966666666666664
0.32433333333333336
0.246
0.22133333333333335
0.212
0.32466666666666666
0.16733333333333333
0.21366666666666667
0.21633333333333335
0.19833333333333333
0.16066666666666665
0.07833333333333332
0.08
0.08066666666666666
0.069
0.14666666666666667
0.07333333333333332
0.08166666666666667
0.08333333333333333
0.153
0.06733333333333334
0.07366666666666666
0.2876666666666667
0.1436666666666667
0.235
0.17666666666666667
0.06866666666666667
0.249
0.068
0.26166666666666666
0.081
0.084
0.08666666666666667
0.2816666666666667
0.07600000000000001
0.072
0.06866666666666667
0.06666666666666667
0.08133333333333333
0.07333333333333332
0.33066666666666666
0.075
0.33966666666666673
0.14366666666666666
0.13633333333333333
0.062
0.07666666666666666
0.08600000000000001
0.253
0.09233333333333334
0.27666666666666667
0.08233333333333333
0.1366666666666667
0.06933333333333334
0.07566666666666666
0.15666666666666665
0.15566666666666665
0.07433333333333332
0.39966666666666667
0.082
0.4036666666666667
0.4053333333333333
0.34933333333333333
0.07433333333333333
0.07833333333333332
0.062
0.07166666666666667
0.143
0.18000000000000002
0.083
0.06
0.07966666666666666
0.07833333333333332
0.082
0.07433333333333332
0.227
0.07433333333333332
0.07533333333333332
0.2853333333333333
0.3463333333333334
0.07366666666666666
0.07266666666666667
0.07266666666666667
0.07333333333333335
0.26433333333333336
0.07133333333333332
0.07133333333333333
0.07166666666666667
0.07033333333333334
0.068
0.22899999999999998
0.257
0.08033333333333333
0.3193333333333333
0.082
0.08
0.05533333333333334
0.22066666666666668
0.35033333333333333
0.07566666666666666
0.07
0.21266666666666667
0.246
0.19800000000000004
0.06833333333333334
0.32233333333333336
0.08433333333333333
0.06566666666666666
0.16
0.06533333333333334
0.07666666666666666
0.14033333333333334
0.07133333333333335
0.06233333333333333
0.083
0.18600000000000003
0.18499999999999997
0.08433333333333333
0.07933333333333333
0.167
0.067
0.25433333333333336
0.14500000000000002
0.07400000000000001
0.17833333333333334
0.07233333333333335
0.21266666666666667
0.08333333333333333
0.075
0.085
0.07433333333333335
0.129
0.239
0.18066666666666667
0.23399999999999999
0.06633333333333334
0.33166666666666667
0.07433333333333332
0.13833333333333334
0.319
0.3413333333333333
0.21866666666666668
0.06733333333333334
0.07200000000000001
0.07033333333333334
0.07433333333333332
0.07033333333333334
0.15566666666666665
0.15733333333333333
0.079
0.39233333333333337
0.07633333333333332
0.337
0.08666666666666667
0.07466666666666666
0.07433333333333332
0.25133333333333335
0.08033333333333333
0.06966666666666667
0.21333333333333335
0.08333333333333333
0.21366666666666667
0.071
0.212
0.064
