742,460,242,387,338,614,680,865	8	0.006333333333333333	73666.66666666667
662,120,292,663	4	6.666666666666666E-4	25666.666666666668
162,163,164,165,166,167,61,168	8	0.0	19666.666666666668
110,457,458,77,459,460,461	7	0.0	16666.666666666668
345,631,672,292,685,276,189,102,581	9	0.0	14666.666666666666
333,334,110,335,299,336	6	0.001	26333.333333333332
794,521,795,506,156,480,796	7	0.0	15333.333333333334
254,193,206,257,258	5	3.333333333333333E-4	13000.0
513,818,819,187,518,346	6	0.0	13000.0
698,502,362,114,841,104,696,393,420	9	3.333333333333333E-4	35333.333333333336
96,39,308,309,310,311,312,218	8	0.0	13666.666666666666
23,437,683,33,500	5	0.0	13000.0
641,122,406,423,915,747,363	7	0.0	36000.0
96,402,196,592,523	5	0.0	12666.666666666666
180,570,571,369,572,331,154	7	0.0	13666.666666666666
37,38,39,40	4	0.0	12333.333333333334
834,937,586,219,857,315,593	7	0.0	14000.0
611,349,486,337,612,613,203,8,614,76	10	0.0	23000.0
518,519,306,411	4	6.666666666666666E-4	30333.333333333332
734,377,660,647,681,142,735,212,437,388	10	0.0	15666.666666666666
191,276,152,277,278	5	3.333333333333333E-4	24333.333333333332
508,509,510,511	4	3.333333333333333E-4	18000.0
242,243	2	0.0	13333.333333333334
786,431,225,504,756	5	0.0	12333.333333333334
475,476,477,478	4	3.333333333333333E-4	16666.666666666668
71,72,73,74,75	5	0.0	12666.666666666666
41,42,43,44,45,46,47,48,49	9	0.0	13333.333333333334
10,358,359,360,361,362,52	7	6.666666666666666E-4	21333.333333333332
617,418,618,619,43,616,620,621	8	0.0	21333.333333333332
355,356,157,103,357	5	6.666666666666666E-4	22000.0
713,815,54,183,365	5	0.0	15000.0
754,561,755,646,349	5	0.0	12000.0
128,129,6,130,131,74	6	3.333333333333333E-4	41000.0
423,339,424,226,15,183,146,425,426,427	10	3.333333333333333E-4	50666.666666666664
361,750,412,800,671,801,802,245,573,305	10	0.0	14666.666666666666
240,548,887,175,82	5	0.0	18000.0
202,203,74,204,205,206,207	7	3.333333333333333E-4	26666.666666666668
514,654,226,655,656,259,344	7	3.333333333333333E-4	25666.666666666668
16,428,429,430,431,432,247,412	8	6.666666666666666E-4	29000.0
8,77,468,469,410,470,471	7	0.0	14333.333333333334
68,504,92,287,562,169	6	3.333333333333333E-4	28666.666666666668
74,462,312,97,543,294,669	7	6.666666666666666E-4	26333.333333333332
286,115,287,57,288,289	6	0.0	14333.333333333334
29,50,51,52,53,54	6	3.333333333333333E-4	24000.0
7,8,9,10,11,12,13,14,15,16	10	0.0	13666.666666666666
870,258,848,252,136,873,405	7	0.0	11666.666666666666
842,741,750,17,679,843	6	0.0	11666.666666666666
640,687,656,437,883,760,157,635	8	3.333333333333333E-4	12333.333333333334
61,62,63,64,65,66,67,68,69,70	10	0.0	12666.666666666666
497,496,498,480,181,258,499,500	8	3.333333333333333E-4	32333.333333333332
477,65,499,501,39,109	6	3.333333333333333E-4	26000.0
681,314,238,593,682,208,130	7	3.333333333333333E-4	17000.0
47,898,628,907,56,624,306	7	3.333333333333333E-4	31000.0
155,131,156,35,157,158,146	7	3.333333333333333E-4	24666.666666666668
17,504,758,518,189,227,75,687,605,275	10	0.0	22666.666666666668
285,652,569,653,350,184,112	7	0.0	16000.0
764,765,395,766,767,385,386,737	8	0.0	13000.0
334,379,380,381,382,383,299,98	8	3.333333333333333E-4	31666.666666666668
466,270,538,510,393,539,78,181,540,507	10	0.0	14666.666666666666
319,120,320,321,322	5	3.333333333333333E-4	22666.666666666668
192,17,48,91,502,23,199,503	8	0.0	13666.666666666666
504,505,276,143,506,507,209,11	8	0.0	18333.333333333332
54,627,175,78,628,231,629,75,630	9	6.666666666666666E-4	27000.0
654,253,661,389,699,889,630	7	0.0	27666.666666666668
520,230,422,106,334,733	6	3.333333333333333E-4	24000.0
482,483,484,236,210,485,457	7	0.0	13666.666666666666
244,155,2,676,117,736	6	6.666666666666666E-4	28666.666666666668
309,601,442,431,381,809,119	7	3.333333333333333E-4	55333.333333333336
230,323,548,459,51,172,358,549,550	9	0.0	16000.0
146,58,147,89,148,26,149,150,151	9	3.333333333333333E-4	31000.0
90,805,322,806,807,734,230	7	0.0	24666.666666666668
799,143,152,644,820,650,5	7	0.0	27333.333333333332
120,121,122,123,124,125,126,127	8	6.666666666666666E-4	24666.666666666668
467,593,594,474,302,595,596,517	8	0.0	14666.666666666666
342,343,344,345,198,202	6	0.0	12333.333333333334
257,521,687,104,688,689,186,566	8	0.0	28666.666666666668
832,791,402,833,436,91,559,653,167	9	3.333333333333333E-4	29333.333333333332
782,370,861,28,341,316,478,830,688	9	6.666666666666666E-4	40333.333333333336
14,203,224,225,226,227	6	3.333333333333333E-4	32000.0
251,252,253,254,255,256	6	0.0	13333.333333333334
599,2,586,486,877,136,292,878	8	0.0	13666.666666666666
415,416,417,418,419,420,421,422	8	3.333333333333333E-4	13000.0
720,721,45,525,113,466	6	0.0	12000.0
774,829,137	3	0.0	19000.0
36,11,208,159,209,210,211,212,213	9	3.333333333333333E-4	42333.333333333336
575,186,548,643,426	5	6.666666666666666E-4	20333.333333333332
382,207,274,29,448,847,858	7	6.666666666666666E-4	33000.0
355,710,711,712,690,216,578,220,613	9	3.333333333333333E-4	26333.333333333332
779,140,638,458,252	5	0.0	13666.666666666666
276,184,559,201,673,367	6	3.333333333333333E-4	25000.0
438,403,328,439,172,440,441	7	3.333333333333333E-4	26000.0
64,514,515,516,517,357,398,383,372	9	3.333333333333333E-4	31333.333333333332
96,97,98,99,100,101,102,103	8	0.0	15000.0
25,26,27,28,20	5	0.0	12666.666666666666
448,512,148,513	4	6.666666666666666E-4	21333.333333333332
181,182,183,138,184,185,186,17	8	0.0	13333.333333333334
657,368,594,122,509,140,2	7	0.0	13333.333333333334
201,775,162,774,580,236,666	7	0.0	12333.333333333334
585,901,854,537,902,549,903,337,156	9	0.0	13000.0
503,538,589,695,696,7	6	0.0	12333.333333333334
323,293,215,530,447,284,781,801	8	3.333333333333333E-4	13333.333333333334
232,140,542,515,627,648,649,21,256,563	10	3.333333333333333E-4	38000.0
72,631,136,78,243,632,633,596	8	0.0	17666.666666666668
174,175,176,177,171,166,178,179,180	9	0.0	18000.0
306,520,521,332,273,390,522,523	8	0.0	22666.666666666668
382,731,315,477,732,733,721,383	8	0.0	14333.333333333334
191,192,193,194,195,196,197,198	8	3.333333333333333E-4	28000.0
569,519,261,772,674,666,773,480,217,403	10	0.0	16000.0
290,472,456,373,121,473,474,283,47	9	0.0	33000.0
64,304,61,74,305,306,307	7	0.0	15333.333333333334
573,133,574,163	4	3.333333333333333E-4	33000.0
301,455,289,138,456	5	6.666666666666666E-4	24000.0
452,673,87,433,664,16,445	7	0.0	13000.0
591,529,610,452	4	0.0	33333.333333333336
271,684,118,685,303,686,326,76	8	0.0	39000.0
443,33,52,366,46,740,645,816,516,846	10	3.333333333333333E-4	33666.666666666664
74,533,534,535,536,537,200,522,323	9	0.0	45000.0
541,452,138,500,542	5	0.0	18000.0
180,912,694,456,228,795,895	7	0.0	13666.666666666666
910,626,857,586,826,519	6	0.0	12000.0
615,113,616	3	0.0	11333.333333333334
0,1,2,3,4,5,6	7	3.333333333333333E-4	20000.0
17,18,19,20,21,22,23,24	8	3.333333333333333E-4	25666.666666666668
135,558,38,448,440	5	0.0	13000.0
578,510,885,179,393,554,649,230	8	6.666666666666666E-4	22333.333333333332
385,386	2	0.0013333333333333333	15000.0
454,716,717,630	4	0.0	12333.333333333334
228,229,230,131,231,232,233	7	3.333333333333333E-4	13000.0
90,187,104,639,523	5	3.333333333333333E-4	23000.0
313,702,703,704,705,292	6	0.0	13000.0
346,347,348,349,350	5	0.0	12333.333333333334
92,71,787,590,169,252,922,2	8	0.0	13666.666666666666
337,6,338,339,340,269,172,95,341	9	6.666666666666666E-4	30666.666666666668
20,213,664,59	4	3.333333333333333E-4	19000.0
297,106,298,299,300,301,302,303	8	6.666666666666666E-4	30333.333333333332
392,266,278,42,183	5	3.333333333333333E-4	23000.0
379,462,463,464,72,5,465	7	0.0	13666.666666666666
317,144,280,407,64,408,264,409	8	0.0	13000.0
293,173,47,330,866,248,479,250,86	9	6.666666666666666E-4	23000.0
196,151,160,758,257,248	6	3.333333333333333E-4	22333.333333333332
71,780,373,77,554,500,521,781	8	3.333333333333333E-4	23000.0
410,411,104,412,413,414	6	6.666666666666666E-4	30000.0
279,280,281,282,283,284,173,285	8	3.333333333333333E-4	22333.333333333332
56,301,444,455,608,89	6	0.0	13666.666666666666
315,400,401	3	3.333333333333333E-4	16333.333333333334
363,364,365,366,51,367	6	0.0	13333.333333333334
828,114,47,245	4	0.0	12000.0
690,251,691,75,252,59,692	7	3.333333333333333E-4	22000.0
609,695,600,273,167,372,85,159	8	3.333333333333333E-4	22333.333333333332
383,526,409,581,498,667	6	0.0	15666.666666666666
58,492,493,243,494,210,226,495,55,496	10	0.0	15333.333333333334
696,875,839,371,288,335	6	0.0	13333.333333333334
104,105,106,107,108,109,110,111	8	0.0	14666.666666666666
586,182,231,587,153,441,588	7	0.0	25000.0
392,634,605,635,18,410,636,637,499,638	10	6.666666666666666E-4	31333.333333333332
644,246,252,348,645,646,28,124,647	9	3.333333333333333E-4	23333.333333333332
234,235,179,236,106,237,238,239,240,241	10	0.0	13333.333333333334
606,101,380,370,625,500,626,59,433	9	6.666666666666666E-4	45333.333333333336
364,401,312,532	4	0.0	13666.666666666666
549,162,606,803,789	5	3.333333333333333E-4	25000.0
666,169	2	3.333333333333333E-4	16666.666666666668
371,372,113,128,373	5	0.0	12666.666666666666
83,84,85,86,87,67	6	3.333333333333333E-4	24000.0
264,232,101,191,908,113	6	3.333333333333333E-4	32666.666666666668
469,536,444	3	3.333333333333333E-4	13000.0
187,156,188,189,190	5	3.333333333333333E-4	18000.0
366,379,737,738,84,543,187,739,389	9	0.0	16333.333333333334
298,768,465,214,668,769,770,390,771	9	0.0	14000.0
51,678,415,159,112,264,314,679,680	9	3.333333333333333E-4	30333.333333333332
614,480,75,813,748,176,621,633	8	0.0	14333.333333333334
374,375,376,377,232,378	6	0.0	14333.333333333334
559,288,181,450,504,622,621,623,624	9	3.333333333333333E-4	31000.0
664,81,380	3	0.0	11333.333333333334
355,658,659,660,661	5	3.333333333333333E-4	18333.333333333332
440,578,35,579,449,580,581,582,583	9	3.333333333333333E-4	24000.0
857,291,266,819,17,663	6	6.666666666666666E-4	33000.0
20,543,201,73,544,515,545,223,516	9	0.0	14666.666666666666
705,879,18,744,186,35,190,158	8	0.0	13666.666666666666
124,451,452,453,454,362,371,212	8	0.0	13333.333333333334
88,89,90,91,92,93,94,95	8	0.0	13333.333333333334
811,717,572,381	4	0.0	12000.0
564,565,566	3	0.0	11333.333333333334
37,434,70,920,124,30	6	3.333333333333333E-4	90000.0
346,733,318	3	6.666666666666666E-4	50333.333333333336
70,529,520,840,373,703,451,648	8	0.0	16000.0
530,597,27,598,505,599,478,551,600,601	10	3.333333333333333E-4	29000.0
710,537,92,869,904,675,378,595	8	3.333333333333333E-4	27000.0
329,330,331,332	4	0.0	12333.333333333334
15,201,52,578,378,564,178,562,831	9	0.0	13000.0
731,391,595,254,427,888,55,804,191	9	6.666666666666666E-4	37000.0
559,147,404,89,560,561,232,535	8	0.0	14000.0
128,74,362,448,26,449,153,450	8	3.333333333333333E-4	23000.0
106,152,153,154	4	3.333333333333333E-4	25666.666666666668
169,170,171,172,173,120	6	0.0	14333.333333333334
384,385,386,363,387,388	6	0.0	14333.333333333334
724,498,693,371,363,25,335,589,627	9	0.0	14000.0
293,726,131,257,290,891,584,160,878,249	10	3.333333333333333E-4	30666.666666666668
89,737,884	3	0.0	13333.333333333334
389,390,273,349,391,230,351,308	8	0.0	14000.0
374,466,0,377,401,416,467	7	0.0	21666.666666666668
686,608,693,35,626,376,694	7	6.666666666666666E-4	23333.333333333332
259,378,243,131,87,724,916	7	3.333333333333333E-4	25666.666666666668
424,700,112,439,147,575	6	0.0	13000.0
542,761,468,16,763,653,27	7	0.0	12666.666666666666
305,479,480,481,151,182	6	6.666666666666666E-4	29333.333333333332
665,125,603,666,492	5	0.0	13666.666666666666
368,369,12,370	4	0.0	12666.666666666666
259,640,638,213,241,641,642,312	8	3.333333333333333E-4	25333.333333333332
318,3,562,563,446,489,455	7	0.0	13000.0
907,2,529,698,551,762,736,831	8	0.0	12666.666666666666
259,260,261,262,263,28,264,265	8	0.0	12666.666666666666
199,200,2,201	4	0.0	11000.0
575,576,577,267,59,555,295	7	0.0	12000.0
82,40,1,342,142,446,162	7	3.333333333333333E-4	43000.0
112,113,114,115,116,117,118,119	8	0.0	28666.666666666668
501,691,427,342,848,849	6	0.0	12666.666666666666
318,402,403,347,227,404,405,218,399,406	10	0.0	19333.333333333332
451,56,599,407,707,197	6	3.333333333333333E-4	29666.666666666668
153,876,229,716,434,461,454	7	3.333333333333333E-4	19666.666666666668
337,584,105,260,403,210,585	7	3.333333333333333E-4	30666.666666666668
351,352,130,353,354	5	0.0	12000.0
132,133,134,135,136,137,138,139,140	9	3.333333333333333E-4	47000.0
371,6,615,481,671,672	6	0.0	19000.0
272,199,80,78,273,274,248	7	0.0	14333.333333333334
244,245,246,247,248,249,207,250	8	3.333333333333333E-4	12333.333333333334
650,375,514,628,651,390,569,453	8	0.0	17333.333333333332
553,450,458,139,609,567	6	3.333333333333333E-4	20000.0
108,381,750,425,106,663	6	0.0	28000.0
655,826,84,541,742,284,554	7	0.0	12000.0
702,149,72,66,607,850,335,363	8	0.0	60666.666666666664
589,39,189,397,590,297,591,143	8	3.333333333333333E-4	31333.333333333332
814,268,28,108,90,45,109	7	3.333333333333333E-4	18666.666666666668
590,834,242,703,430,293,363	7	0.0	21333.333333333332
17,318,34	3	0.0	10666.666666666666
186,852,107,950	4	3.333333333333333E-4	14666.666666666666
670,389,927,249,151,554	6	3.333333333333333E-4	20333.333333333332
484,89,330,606,550,462,189	7	6.666666666666666E-4	27000.0
899,777,786,734,789,642,804,599	8	0.0	13333.333333333334
594,759,78,373,725,752,330	7	0.0	11000.0
29,30,31,32,33,34,35,36	8	3.333333333333333E-4	21333.333333333332
524,525,526,360,428,527	6	0.0	11666.666666666666
159,160,161	3	3.333333333333333E-4	13000.0
382,207	2	3.333333333333333E-4	11666.666666666666
528,529,367,434,530,531	6	0.0	22333.333333333332
787,405,205,121,365,647,244,861	8	0.0	13000.0
486,17,487,488,291,489,490,491	8	0.0	11333.333333333334
290,291,292,12,293,189,58,255,294	9	3.333333333333333E-4	26333.333333333332
880,485,497,46,881,21,480,882,593	9	3.333333333333333E-4	31333.333333333332
412,372,604,502,445,605,483,318,296	9	0.0	14000.0
753,823,296,595,727	5	3.333333333333333E-4	29000.0
171,495,516,749,812,789,151	7	0.0	29000.0
313,314,315,316,317,318	6	3.333333333333333E-4	17333.333333333332
262,39,295,116,177,32,296,77	8	0.0	12666.666666666666
750,526,382,207,451,896	6	0.0	26333.333333333332
602,603,303,249,324	5	3.333333333333333E-4	18666.666666666668
709,816,95,817,654,607,363,589,212	9	0.0	12000.0
416,267,703,769,223,174,29,253,76	9	3.333333333333333E-4	21000.0
655,863,871,466,822,22,872,217	8	0.0	12000.0
218,219,220,221,222,223	6	0.0	27000.0
863,541,864,129,745	5	0.0	11666.666666666666
532,718,610,749,750,508,405,595	8	0.0	11666.666666666666
631,213,717	3	3.333333333333333E-4	13333.333333333334
608,706,583,537,707,708,164,48,709,576	10	3.333333333333333E-4	28666.666666666668
668,198,669,343,567,670	6	3.333333333333333E-4	20000.0
76,77,78,79,80,81,82	7	3.333333333333333E-4	22333.333333333332
697,160,669,698,699,424,588,95,44,481	10	3.333333333333333E-4	39000.0
816,623,297,780	4	0.0	10666.666666666666
30,804,100,172,424,36,835,836,837,218	10	0.0	12333.333333333334
195,275,240,253	4	0.0	10333.333333333334
551,134,251,552,51,184,223,553	8	3.333333333333333E-4	19000.0
673,674,207,263,675	5	3.333333333333333E-4	26333.333333333332
266,267,268,206,91,269,270,271	8	0.0	13666.666666666666
703,803,438	3	0.0	10666.666666666666
606,491,577,607,608,578,222	7	0.0	11666.666666666666
128,714,406,715,659,18,512,161,303	9	0.0	12000.0
565,341,205,191,45,770,819,649	8	3.333333333333333E-4	24666.666666666668
433,434,435,436,87,437,387	7	6.666666666666666E-4	30333.333333333332
937,280,418,639,434,580,938	7	3.333333333333333E-4	26000.0
55,56,57,58,59,60	6	0.0	12333.333333333334
147,109,658,718,596,98,719	7	6.666666666666666E-4	58333.333333333336
323,324,325,326,327,328,242	7	0.0	16333.333333333334
546,547,390,128,242,27,431	7	3.333333333333333E-4	28666.666666666668
214,33,215,68,140,216,217	7	0.0	11666.666666666666
567,484,14,559,568,467,569	7	0.0	10666.666666666666
308,467,233,788,122,789,790	7	0.0	10666.666666666666
369,638,765,270,732,861,646,936,421,39	10	3.333333333333333E-4	37666.666666666664
244,200,246,821,687,183,201,822,642	9	0.0	20333.333333333332
141,142,143,144,145	5	6.666666666666666E-4	27666.666666666668
162,41,756,649,689,740,757,107	8	0.0	12666.666666666666
33,694,729,730,672	5	0.0	13333.333333333334
503,668,128,406,123,676,677	7	3.333333333333333E-4	22333.333333333332
554,205,555,556,557,457	6	0.0	13000.0
466,742,87,159,702,657	6	0.0	10333.333333333334
