0.01933333333333333
0.004
0.004
0.004
0.004666666666666667
0.004
0.0036666666666666666
0.0033333333333333335
0.0030000000000000005
0.0026666666666666666
0.0030000000000000005
0.0030000000000000005
0.0026666666666666666
0.0036666666666666666
0.0026666666666666666
0.0036666666666666666
0.0023333333333333335
0.0026666666666666666
0.0026666666666666666
0.0016666666666666668
0.0026666666666666666
0.0023333333333333335
0.004
0.0033333333333333335
0.004333333333333334
0.005
0.005
0.004333333333333334
0.004333333333333334
0.0026666666666666666
0.0026666666666666666
0.0026666666666666666
0.0026666666666666666
0.0023333333333333335
0.004
0.0033333333333333335
0.0033333333333333335
0.0033333333333333335
0.002
0.0036666666666666666
0.0036666666666666666
0.0026666666666666666
0.004
0.0033333333333333335
0.0033333333333333335
0.0033333333333333335
0.0026666666666666666
0.0033333333333333335
0.0026666666666666666
0.004
0.0030000000000000005
0.0033333333333333335
0.0026666666666666666
0.004
0.0030000000000000005
0.0033333333333333335
0.0033333333333333335
0.006666666666666667
0.005666666666666667
0.006000000000000001
0.005333333333333333
0.005333333333333333
0.006000000000000001
0.005333333333333333
0.005666666666666667
0.005333333333333333
0.005
0.0033333333333333335
0.004333333333333334
0.004666666666666667
0.004666666666666667
0.0026666666666666666
0.0026666666666666666
0.0030000000000000005
0.0026666666666666666
0.0030000000000000005
0.0023333333333333335
0.0026666666666666666
0.002
0.0030000000000000005
0.0026666666666666666
0.0023333333333333335
0.0030000000000000005
0.0026666666666666666
0.0026666666666666666
0.0023333333333333335
0.0030000000000000005
0.0023333333333333335
0.0026666666666666666
0.0023333333333333335
0.0030000000000000005
0.0023333333333333335
0.002
0.0023333333333333335
0.002
0.0030000000000000005
0.0030000000000000005
0.0023333333333333335
0.0030000000000000005
0.0026666666666666666
0.0023333333333333335
0.0026666666666666666
0.0026666666666666666
0.0026666666666666666
0.0026666666666666666
0.0033333333333333335
0.0026666666666666666
0.0030000000000000005
0.0026666666666666666
0.0030000000000000005
0.0023333333333333335
0.0026666666666666666
0.0030000000000000005
0.0033333333333333335
0.0023333333333333335
0.0026666666666666666
0.0030000000000000005
0.0026666666666666666
0.0033333333333333335
0.0030000000000000005
0.0026666666666666666
0.0033333333333333335
0.0023333333333333335
0.0030000000000000005
0.0033333333333333335
0.0023333333333333335
0.0026666666666666666
0.0033333333333333335
0.0036666666666666666
0.005
0.005666666666666667
0.005
0.0033333333333333335
0.005333333333333333
0.0033333333333333335
0.0036666666666666666
0.004666666666666667
0.005333333333333333
0.005333333333333333
0.005666666666666667
0.005
0.005666666666666667
0.004666666666666667
0.004
0.004333333333333334
0.004666666666666667
0.005333333333333333
0.004
0.004333333333333334
0.004666666666666667
0.004
0.004
0.005
0.0033333333333333335
0.004666666666666667
0.005333333333333333
0.0026666666666666666
0.0030000000000000005
0.0026666666666666666
0.0026666666666666666
0.0026666666666666666
0.0030000000000000005
0.0023333333333333335
0.0030000000000000005
0.0030000000000000005
0.0026666666666666666
0.0023333333333333335
0.0026666666666666666
0.0023333333333333335
0.0026666666666666666
0.0023333333333333335
0.0023333333333333335
0.0026666666666666666
0.0026666666666666666
0.0026666666666666666
0.0026666666666666666
0.0033333333333333335
0.0026666666666666666
0.002
0.0030000000000000005
0.0030000000000000005
0.0023333333333333335
0.0026666666666666666
0.0030000000000000005
0.0023333333333333335
0.0030000000000000005
0.0033333333333333335
0.0023333333333333335
0.0026666666666666666
0.0033333333333333335
0.0030000000000000005
0.0026666666666666666
0.0026666666666666666
0.0026666666666666666
0.0023333333333333335
0.0023333333333333335
0.0026666666666666666
0.0026666666666666666
0.0023333333333333335
0.0023333333333333335
0.0026666666666666666
0.004666666666666667
0.0026666666666666666
0.0026666666666666666
0.0026666666666666666
0.002
0.0023333333333333335
0.0026666666666666666
0.0030000000000000005
0.002
0.0026666666666666666
0.0030000000000000005
0.0023333333333333335
0.0030000000000000005
0.0030000000000000005
0.0030000000000000005
0.0023333333333333335
0.0030000000000000005
0.0023333333333333335
0.0023333333333333335
0.0026666666666666666
0.0023333333333333335
0.0033333333333333335
0.0030000000000000005
0.0026666666666666666
0.0023333333333333335
0.0026666666666666666
0.0026666666666666666
0.0026666666666666666
0.0023333333333333335
0.0026666666666666666
0.0026666666666666666
0.0033333333333333335
0.0030000000000000005
0.0030000000000000005
0.0033333333333333335
0.0030000000000000005
0.0030000000000000005
0.0033333333333333335
0.0030000000000000005
0.0023333333333333335
0.0030000000000000005
0.0033333333333333335
0.0033333333333333335
0.0030000000000000005
0.0023333333333333335
0.0030000000000000005
0.0023333333333333335
0.0033333333333333335
0.0030000000000000005
0.0033333333333333335
0.0030000000000000005
0.0030000000000000005
0.0026666666666666666
0.0026666666666666666
0.0030000000000000005
0.0030000000000000005
0.0026666666666666666
0.0026666666666666666
0.0023333333333333335
0.0026666666666666666
0.0030000000000000005
0.0030000000000000005
0.0023333333333333335
0.0033333333333333335
0.0023333333333333335
0.0030000000000000005
0.0030000000000000005
0.0033333333333333335
0.0036666666666666666
0.0023333333333333335
0.0026666666666666666
0.0023333333333333335
0.0026666666666666666
0.0033333333333333335
0.0026666666666666666
0.0030000000000000005
0.0026666666666666666
0.0026666666666666666
0.0026666666666666666
0.0023333333333333335
0.0030000000000000005
0.0030000000000000005
0.0023333333333333335
0.0030000000000000005
0.0026666666666666666
0.0026666666666666666
0.0016666666666666668
0.0026666666666666666
0.0026666666666666666
0.0026666666666666666
0.002
0.0036666666666666666
0.0026666666666666666
0.0026666666666666666
0.0030000000000000005
0.0023333333333333335
0.0026666666666666666
0.0033333333333333335
0.0026666666666666666
0.002
0.0030000000000000005
0.0030000000000000005
0.0033333333333333335
0.0023333333333333335
0.0026666666666666666
0.0030000000000000005
0.0033333333333333335
0.0026666666666666666
0.0033333333333333335
0.0026666666666666666
0.0030000000000000005
0.0026666666666666666
0.0026666666666666666
0.0033333333333333335
0.0030000000000000005
0.0033333333333333335
0.0026666666666666666
0.0030000000000000005
0.0026666666666666666
0.0023333333333333335
0.0026666666666666666
0.0023333333333333335
0.0026666666666666666
0.0026666666666666666
0.0030000000000000005
0.0026666666666666666
0.0033333333333333335
0.0030000000000000005
0.0026666666666666666
0.0026666666666666666
0.0023333333333333335
0.0023333333333333335
0.0023333333333333335
0.0026666666666666666
0.0033333333333333335
0.0026666666666666666
0.0030000000000000005
0.0026666666666666666
0.0023333333333333335
0.0026666666666666666
0.0026666666666666666
0.0026666666666666666
0.0026666666666666666
0.0030000000000000005
0.0026666666666666666
0.0023333333333333335
0.0023333333333333335
0.0023333333333333335
0.0026666666666666666
0.0026666666666666666
0.0026666666666666666
0.0026666666666666666
0.0030000000000000005
0.0030000000000000005
0.0023333333333333335
0.0033333333333333335
0.0026666666666666666
0.0030000000000000005
0.0026666666666666666
0.0026666666666666666
0.0036666666666666666
0.002
0.0026666666666666666
0.0026666666666666666
0.0023333333333333335
0.0030000000000000005
0.0026666666666666666
0.0026666666666666666
0.0023333333333333335
0.0030000000000000005
0.0033333333333333335
0.0033333333333333335
0.0033333333333333335
0.0026666666666666666
0.0023333333333333335
0.0036666666666666666
0.0023333333333333335
0.0023333333333333335
0.0026666666666666666
0.0026666666666666666
0.0026666666666666666
0.0023333333333333335
0.0026666666666666666
0.0030000000000000005
0.002
0.0033333333333333335
0.0026666666666666666
0.0030000000000000005
0.0026666666666666666
0.0023333333333333335
0.0036666666666666666
0.002
0.0026666666666666666
0.0026666666666666666
0.0026666666666666666
0.0030000000000000005
0.0026666666666666666
0.0023333333333333335
0.0023333333333333335
0.0033333333333333335
0.0033333333333333335
0.0026666666666666666
0.0023333333333333335
0.0026666666666666666
0.0030000000000000005
0.0033333333333333335
0.0030000000000000005
0.0026666666666666666
0.0030000000000000005
0.0026666666666666666
0.0030000000000000005
0.0030000000000000005
0.0026666666666666666
0.0026666666666666666
0.0023333333333333335
0.002
